"Validation time(S)" "Commits" "Aborts" "Val Reads" "Val success" "Val fail" "Energy (J)" "Time(S)"
0.001723 87385 485083 540762 61733 0 99.418518 1.818577051
0.001679 87385 476963 539998 61646 0 97.817444 1.810533047
0.001625 87385 472297 539330 61689 0 98.821960 1.809890032
0.001764 87385 498812 543472 62038 0 100.013733 1.821917057
0.001657 87385 465758 542178 61985 0 97.187439 1.809237957
0.00174 87385 480460 541635 61864 0 97.868469 1.816874981
0.001673 87385 502849 543152 62053 0 99.218994 1.808102846
0.001673 87385 484473 540970 61765 0 99.163574 1.823985100
0.001672 87385 470516 540733 61709 0 100.233398 1.830662966
0.001729 87385 472273 540750 61754 0 97.689575 1.804898977
0.001717 87385 488238 542259 61921 0 99.621460 1.806942940
0.001673 87385 471507 540802 61746 0 98.636353 1.803680182
0.001738 87385 471749 540784 61691 0 97.517578 1.806206942
0.001707 87385 476912 542678 61886 0 99.119324 1.809401035
0.001726 87385 476888 542948 62032 0 98.703491 1.817986012
0.001704 87385 475408 541933 61895 0 98.616028 1.805814981
0.001747 87385 489649 543872 61975 0 98.778992 1.816910028
0.001705 87385 473897 543186 62047 0 99.439514 1.815406799
0.001662 87385 462362 542757 61964 0 100.573608 1.824043036
0.001711 87385 472844 541277 61926 0 99.957886 1.812481165
0.001621 87385 473574 541735 61772 0 99.529175 1.807147980
0.001745 87385 474680 540361 61647 0 99.629089 1.807236910
0.001681 87385 475994 539448 61655 0 98.472534 1.806452990
0.001631 87385 481089 541356 61847 0 99.556396 1.806036949
0.001608 87385 471571 540891 61767 0 99.206482 1.810340881
0.001672 87385 483563 540125 61677 0 100.915222 1.828532934
0.00177 87385 474699 540534 61724 0 99.212952 1.806601048
0.001713 87385 467616 540901 61754 0 99.580811 1.808157921
0.00175 87385 474851 543111 62048 0 100.099121 1.815736055
0.001717 87385 473861 540736 61781 0 100.461304 1.824143887
0.001627 87385 476932 542040 61885 0 99.302002 1.806707144
