"Validation time(S)" "Commits" "Aborts" "Val Reads" "Val success" "Val fail" "Energy (J)" "Time(S)"
6e-06 180 31 1308 90 1 0.176453 0.003468037
4e-06 180 32 1470 92 0 0.169983 0.003473997
5e-06 180 36 1249 81 1 0.163269 0.003471136
2e-06 180 31 1440 86 0 0.179382 0.003506899
4e-06 180 32 1343 83 0 0.177979 0.003519058
9e-06 180 35 1505 92 0 0.181396 0.003385067
1e-06 180 35 1402 91 0 0.178101 0.003243923
5e-06 180 31 1406 85 0 0.208496 0.003559113
1e-06 180 32 1417 84 0 0.156555 0.003443003
5e-06 180 34 1351 79 0 0.164368 0.003787041
5e-06 180 32 1433 91 0 0.133057 0.003368855
7e-06 180 30 1270 86 0 0.157104 0.003329992
5e-06 180 33 1464 89 0 0.163696 0.003540993
4e-06 180 32 1400 85 0 0.157715 0.003504992
4e-06 180 29 1269 85 0 0.158142 0.003158092
4e-06 180 35 1234 78 0 0.168152 0.003482103
6e-06 180 34 1446 93 0 0.172607 0.003254890
5e-06 180 33 1393 91 0 0.177185 0.003443956
5e-06 180 35 1175 72 0 0.202759 0.003695011
1e-06 180 38 1358 86 0 0.211914 0.003726006
3e-06 180 32 1385 84 1 0.187866 0.003564835
6e-06 180 31 1168 74 0 0.157227 0.003319979
7e-06 180 34 1161 71 0 0.173462 0.003458977
1e-06 180 35 1395 88 0 0.169128 0.003659010
5e-06 180 36 1454 93 0 0.206116 0.003847122
3e-06 180 35 1354 92 0 0.158936 0.003519058
6e-06 180 31 1388 81 0 0.172913 0.003429890
7e-06 180 29 1302 88 0 0.160217 0.003265142
1e-06 180 33 1391 82 0 0.183533 0.003458977
5e-06 180 33 1350 90 0 0.157410 0.003314972
6e-06 180 33 1380 89 0 0.159912 0.003230810
