"Validation time(S)" "Commits" "Aborts" "Val Reads" "Val success" "Val fail" "Energy (J)" "Time(S)"
0.35948 100000000 11794225 270839748 2803191 1377025 799.258301 14.756562948
0.314836 100000000 11546153 240242441 2781394 1310505 740.858093 13.612268925
0.344543 100000000 11679803 265238879 2784247 1242728 791.652344 14.415302992
0.334333 100000000 11611890 243463454 2719973 1381947 722.496094 13.197446482
0.361785 100000000 11709152 277581922 2823280 1190312 843.598999 15.596827108
0.317511 100000000 11139464 234314822 2553739 1517328 718.289368 13.192340958
0.353162 100000000 11538399 266324379 2748949 1309823 806.923767 14.926259618
0.35092 100000000 11789784 266942002 2723703 1278795 810.366333 15.009781283
0.308158 100000000 11368564 238646183 2663780 1413418 724.900513 13.370269549
0.331333 100000000 11521609 263630935 2764032 1297766 794.572693 14.601415199
0.311977 100000000 11497161 250008160 2721704 1484748 719.987000 13.047248297
0.327474 100000000 11572393 263028152 2776744 1279677 817.265991 15.100631389
0.303543 100000000 11521273 246416770 2758320 1228315 797.997742 14.902037685
