"Validation time(S)" "Commits" "Aborts" "Val Reads" "Val success" "Val fail" "Energy (J)" "Time(S)"
0.035328 54 345544070 14347566 11 2 352.297363 6.165000000
0.021245 52 568261593 7916826 9 1 373.786499 6.623000000
0.022535 52 357226812 8344736 16 0 361.200073 6.276000000
0.01137 52 280199019 4414289 6 3 354.859497 6.168000000
0.049753 53 525179405 18280793 12 1 364.305237 6.318000000
0.021173 52 151725981 7900280 10 1 361.161865 6.341000000
5.4e-05 53 261079817 15103 0 1 372.309021 6.718000000
6.5e-05 52 670549392 17034 2 1 361.063538 6.205000000
0.036252 53 248978990 14681820 11 2 353.338623 6.189000000
0.011632 57 396011216 4438048 5 1 441.018921 7.972000000
0.012903 57 223233595 4883117 10 3 435.083923 7.826000000
0.020366 52 206026747 7800942 5 2 360.377625 6.283000000
0.036002 53 200757169 13817839 11 1 377.516907 6.679000000
0.037261 53 663317253 14834186 10 1 376.691895 6.565000000
0.03699 53 197909996 14949815 15 0 358.963013 6.344000000
0.062117 53 436147965 24700749 16 1 370.209473 6.445000000
0.021392 57 257014973 7834041 8 1 431.953796 7.795000000
0.011489 52 620155524 4399833 11 2 345.252869 6.048000000
0.036468 52 497785774 13329250 13 2 378.253967 6.520000000
0.011497 52 548591261 4393001 11 0 342.273193 5.857000000
