"Validation time(S)" "Commits" "Aborts" "Val Reads" "Val success" "Val fail" "Energy (J)" "Time(S)"
0.038333 50 149978353 15108220 11 1 345.000061 6.120000000
0.012683 52 688015181 4792954 7 2 365.183228 6.247000000
0.009377 52 568845390 3330326 4 2 364.345032 6.231000000
0.033029 52 157034612 12868829 11 2 360.542358 6.277000000
0.036348 54 250755565 14631884 9 3 350.604736 6.155000000
0.046003 54 625858785 18114129 14 1 364.138733 6.361000000
0.02049 52 442212108 7733568 6 2 346.508606 6.161000000
0.020961 52 366876887 7752399 9 1 320.814880 5.588000000
0.04011 52 574276930 15479915 13 0 372.423950 6.504000000
0.026849 52 603257361 9401472 5 0 365.533875 6.381000000
0.037351 53 233978194 15131712 10 2 368.681763 6.446000000
0.030199 52 502590898 11304132 12 2 362.402893 6.312000000
0.02451 53 253733557 9350553 8 5 320.181702 5.638000000
0.0089 52 336239516 3224988 5 3 349.688843 5.984000000
0.021824 52 326077963 7892741 10 2 362.286987 6.330000000
0.033481 52 621769335 12247751 11 4 368.076843 6.493000000
0.023146 57 271692749 9108822 8 2 417.042175 7.526000000
0.061007 53 241618890 22814611 14 1 369.135742 6.441000000
0.021069 52 263738087 6793052 10 2 371.244202 6.439000000
0.011669 50 466103592 4461758 5 1 308.741577 5.330000000
0.021251 57 631887268 7951316 11 0 447.608643 8.084000000
