"Validation time(S)" "Commits" "Aborts" "Val Reads" "Val success" "Val fail" "Energy (J)" "Time(S)"
0.004508 14525 143602806 1392822 1018 17 269.615173 5.089000000
0.004095 14343 153877738 1287170 900 12 267.621521 5.112000000
0.00386 14387 150709662 1226223 860 11 269.427673 5.086000000
0.004548 14764 154419318 1442835 935 8 269.607239 5.095000000
0.004194 14514 152109924 1289649 913 19 268.187866 5.094000000
0.003693 14358 151874785 1173877 850 9 267.778015 5.099000000
0.004259 14666 148990271 1341958 886 17 268.189392 5.093000000
0.00404 15666 151308496 1274837 816 8 270.378052 5.111000000
0.003979 14035 152539571 1261075 860 18 267.138000 5.093000000
0.004304 14523 151736582 1365038 937 14 269.091858 5.097000000
0.004266 13966 153164772 1337704 945 16 267.651855 5.088000000
0.004648 14136 132610107 1470278 1006 20 266.700073 5.103000000
0.004316 14564 144240212 1356171 904 17 269.301697 5.100000000
0.003975 14903 151084098 1288329 885 12 268.800110 5.092000000
0.004145 14952 148694915 1313930 879 13 268.352112 5.100000000
0.004255 14721 147601767 1332377 881 21 266.492676 5.088000000
0.004104 14341 156799099 1292574 907 18 268.357300 5.093000000
0.004552 14353 153371493 1419436 950 17 268.994690 5.082000000
0.004125 14425 149010067 1318251 874 21 267.450073 5.077000000
0.004156 14586 147382033 1304106 887 10 269.856567 5.083000000
