"Validation time(S)" "Commits" "Aborts" "Val Reads" "Val success" "Val fail" "Energy (J)" "Time(S)"
2.32758 750000 50409 1970083463 533968 38721 300.512207 4.890634060
2.3207 750000 50233 1969934691 535233 38418 300.893066 4.898952007
2.2923 750000 49985 1936242114 532757 38488 296.672363 4.830571890
2.33917 750000 51767 1976733988 532673 39617 298.727173 4.849446341
2.3467 750000 51193 1978873809 535289 39232 301.079346 4.830904182
2.33048 750000 50219 1974244974 530518 38745 299.242981 4.841220999
2.30276 750000 51178 1951199588 531330 39421 292.956177 4.746943585
2.30905 750000 51103 1956119889 531768 39404 303.226196 4.807352010
2.30734 750000 50741 1947363864 528292 38995 297.066223 4.783869556
2.33264 750000 51358 1965181762 535127 39678 297.356812 4.827378305
2.35346 750000 66095 1982910966 532960 47454 302.082886 4.936114965
2.37327 750000 51047 1997740170 533822 39248 302.783997 4.856019598
2.34445 750000 51042 1976222391 535892 39289 300.443481 4.851394064
2.38249 750000 50190 2014081887 540218 38520 305.262512 4.911722523
2.34143 750000 51088 1974462426 531692 39279 301.082275 4.837919908
2.30058 750000 50774 1942338146 528382 39113 294.802490 4.753831245
2.33798 750000 50413 1975383203 533055 38689 298.962097 4.819577519
2.3562 750000 51393 1986315845 535231 39533 302.070190 4.827413912
2.36139 750000 49925 1990185526 537823 38095 302.347168 4.860708510
2.35878 750000 50549 1965728376 533538 38423 310.464233 4.985522946
