"Validation time(S)" "Commits" "Aborts" "Val Reads" "Val success" "Val fail" "Energy (J)" "Time(S)"
0.001418 93695 95 86990 86991 0 0.984375 0.034291029
0.001453 93699 105 86501 86501 0 0.989075 0.034851074
0.001478 93699 93 87113 87113 0 0.997498 0.034947157
0.001451 93699 116 87372 87372 0 1.051697 0.034882069
0.001492 93699 73 87479 87479 0 1.001221 0.034996986
0.001502 93699 74 87481 87481 0 1.006165 0.035032034
0.001463 93699 110 86821 86821 0 0.969360 0.033962965
0.001432 93695 117 87679 87679 0 1.010986 0.034807920
0.001473 93699 101 86694 86694 0 0.963135 0.034147978
0.001408 93699 78 88101 88101 0 0.986267 0.034583092
0.00146 93699 98 87795 87795 0 1.087952 0.033693075
0.001486 93699 129 86942 86942 0 1.006592 0.034950972
0.00148 93699 110 86582 86582 0 1.011353 0.035027027
0.001487 93699 116 88061 88061 0 0.982849 0.034816980
0.001468 93699 75 87965 87965 0 0.973816 0.033331156
0.001408 93699 129 86760 86760 0 0.989380 0.034655094
0.001454 93699 103 86551 86551 0 1.010559 0.034898043
0.001436 93699 83 86706 86706 0 0.989319 0.034943104
0.001454 93695 76 88042 88042 0 0.988770 0.034909964
0.001421 93699 102 87246 87246 0 0.984619 0.034777164
0.001481 93695 106 86844 86845 0 1.006714 0.035285950
0.001437 93699 135 87127 87127 0 0.987732 0.034376860
0.001468 93699 78 87243 87243 0 1.008606 0.034813881
0.001459 93699 102 87329 87329 0 1.006104 0.035321951
0.001459 93699 73 87062 87062 0 0.990540 0.034472942
0.001486 93699 91 86991 86991 0 0.988159 0.034205914
0.001465 93699 70 87538 87539 0 0.954651 0.034039974
0.001504 93699 101 86937 86937 0 1.001465 0.033885002
0.001536 93699 111 87460 87460 0 0.999939 0.034895658
0.00146 93699 87 86653 86653 0 0.969543 0.033884048
0.001431 93699 94 87569 87569 0 0.991211 0.034560204
