"Validation time(S)" "Commits" "Aborts" "Val Reads" "Val success" "Val fail" "Energy (J)" "Time(S)"
0.280667 1140849 10781 315882269 8949 742 3702.178284 61.529271749
0.199755 1148678 7583 221236805 6238 461 3687.321167 61.530051086
0.218267 1152557 13408 243895383 7496 649 3694.091675 61.533635596
0.260078 1165615 13979 298684853 8830 718 3671.437622 61.558095604
0.202831 1181932 12560 230576676 6824 560 3731.201355 61.531007951
0.081872 1174741 2454 87099395 2400 143 3748.995850 61.536834805
0.341726 1127926 16634 391582989 12096 1068 3699.170044 61.531739863
0.195462 1149515 9063 219118534 6751 612 3701.620056 61.533314607
0.066156 1245126 1384 69697078 1818 81 3721.097534 61.526551346
0.038719 1206939 1423 39861527 1104 47 3713.584656 61.546852797
0.408345 1111492 21405 471613758 14997 1320 3665.150940 61.530359746
0.396927 1111742 20146 456436311 13691 1072 3663.481079 61.526036122
0.19593 1149723 6309 223552916 6339 556 3708.515564 61.527275547
0.154896 1151826 6063 176269170 5681 476 3702.195190 61.530075683
0.141662 1141360 4416 156488364 4660 295 3732.900940 61.525054327
0.444668 1098335 21494 504624466 15248 1286 3658.461487 61.532282549
0.418972 1120161 19815 480554901 15115 1477 3695.811890 61.524257094
0.124563 1151323 4846 137630534 3779 230 3729.754333 61.515165996
0.111581 1188839 2547 123128461 3503 195 3712.459778 61.550304673
0.418939 1133646 19880 485637811 14544 1420 3660.975281 61.534348342
