"Validation time(S)" "Commits" "Aborts" "Val Reads" "Val success" "Val fail" "Energy (J)" "Time(S)"
1.6635 4194304 58920 1645693945 4081864 3710 320.072571 6.260123968
1.65775 4194304 53427 1644735173 4079376 3835 320.860352 6.264438152
1.65826 4194304 57817 1642171326 4073742 3790 323.268433 6.312805891
1.66292 4194304 63582 1644668540 4078938 3715 322.064636 6.260196924
1.66251 4194304 54675 1633365781 4051977 3682 325.322632 6.396876097
1.65658 4194304 59698 1644742941 4079562 3932 322.157166 6.250164032
1.66819 4194304 67716 1645464430 4080844 3868 321.957214 6.234724998
1.65495 4194304 60928 1644997550 4079310 3805 321.036011 6.235832930
1.6585 4194304 54878 1645284401 4080342 3906 319.393127 6.228937149
1.65544 4194304 60296 1644982593 4079966 3842 321.236938 6.225512028
1.66145 4194304 56827 1645444911 4080761 3830 320.765503 6.208130836
1.65925 4194304 61139 1645058479 4079958 3730 321.705566 6.231668949
1.65712 4194304 59144 1644417950 4077960 3887 321.135620 6.237364054
1.6589 4194304 59967 1645216632 4080331 3821 320.735168 6.226109982
1.6562 4194304 60755 1642073639 4072524 3901 322.465027 6.271573067
1.66894 4194304 62175 1643735599 4076755 3890 321.656128 6.264952898
1.6564 4194304 55702 1640832830 4069473 3742 322.533936 6.313081026
1.66685 4194304 56690 1645324962 4080319 3910 321.005615 6.232524872
1.6565 4194304 63969 1643545585 4076006 3822 320.367310 6.226773024
1.65776 4194304 56172 1645325240 4081049 3960 322.564636 6.239793062
1.65472 4194304 61887 1645307644 4080483 3777 320.611145 6.232350826
1.66229 4194304 56141 1646340037 4083099 3762 320.891296 6.230857849
1.65751 4194304 60331 1646808470 4084693 3800 321.372375 6.188107014
1.6665 4194304 59744 1640456246 4068278 3840 323.903503 6.304814816
1.66452 4194304 65707 1643216244 4075094 3972 322.815430 6.260390997
1.66315 4194304 57213 1644259690 4077506 3812 321.079346 6.257493973
1.66186 4194304 55369 1641285092 4070647 3700 325.832031 6.334522963
1.66736 4194304 61287 1645656932 4081331 3930 322.471436 6.259591103
1.66156 4194304 67965 1645209280 4080167 3876 321.849426 6.252342939
1.65791 4194304 54929 1630721005 4045112 3725 328.818420 6.447060108
1.65656 4194304 57951 1646343899 4083783 3758 321.064758 6.219797850
351.332307 4194304 63829 1645028437 4078382 3908 343.165405 6.601365864
