"Validation time(S)" "Commits" "Aborts" "Val Reads" "Val success" "Val fail" "Energy (J)" "Time(S)"
0.001119 4096 13 1040852 3781 2 0.172119 0.003768921
0.001084 4096 30 1037004 3751 2 0.175781 0.003802061
0.001155 4096 13 1038187 3762 3 0.197144 0.004030943
0.001112 4096 6 1036553 3754 2 0.207397 0.003841877
0.00111 4096 16 1032342 3741 2 0.209778 0.004091978
0.001092 4096 16 1042466 3777 0 0.163513 0.003710032
0.001152 4096 51 1041796 3770 0 0.180359 0.003618956
0.001117 4096 66 1042465 3765 3 0.201294 0.004106045
0.001116 4096 38 1037840 3758 2 0.206543 0.004017115
0.001156 4096 25 1045618 3789 3 0.170288 0.003526211
0.001152 4096 15 1036696 3762 4 0.176086 0.003723860
0.001113 4096 23 1044280 3792 1 0.161377 0.003576040
0.001146 4096 31 1043943 3798 2 0.174561 0.003812790
0.001159 4096 8 1038741 3768 2 0.167603 0.003788948
0.001098 4096 18 1040016 3775 1 0.173584 0.003788948
0.001169 4096 54 1038251 3754 6 0.207825 0.003987074
0.001092 4096 6 1038957 3760 1 0.163086 0.003767967
0.001117 4096 7 1039462 3779 3 0.159607 0.003762960
0.001139 4096 21 1049691 3803 0 0.158691 0.003837109
0.001117 4096 4 1033866 3739 1 0.159668 0.003770113
0.001105 4096 4 1038170 3782 0 0.164062 0.004000902
0.001095 4096 7 1034597 3745 1 0.164307 0.003809929
0.001205 4096 12 1041722 3767 0 0.205994 0.003777027
0.001123 4096 22 1043826 3779 2 0.174927 0.003714085
0.001141 4096 7 1040928 3771 1 0.157471 0.003933907
0.00112 4096 3 1038681 3774 1 0.210144 0.003778934
0.001095 4096 27 1035622 3741 4 0.206665 0.004172087
0.001126 4096 17 1035234 3756 3 0.185120 0.004192114
0.001078 4096 6 1043727 3783 2 0.170898 0.003805161
0.001143 4096 3 1039749 3757 1 0.155212 0.003798962
0.001131 4096 9 1044904 3783 1 0.175232 0.003726006
0.184921 4096 11 1043982 3783 3 0.180420 0.003488029
0.184426 4096 9 1038848 3754 1 0.179688 0.003721701
