"Validation time(S)" "Commits" "Aborts" "Val Reads" "Val success" "Val fail" "Energy (J)" "Time(S)"
4.8e-05 2746 6637 8333 1706 0 0.224792 0.006070852
5.6e-05 2746 8668 9734 1986 0 0.257507 0.006590128
7e-05 2746 3363956 9626 2000 0 4.407654 0.078305960
6.4e-05 2746 8417 9567 1943 0 0.496704 0.020681143
6.1e-05 2746 8753 9702 1987 0 1.020386 0.022381067
6.8e-05 2746 8334 9703 1991 0 0.177368 0.004969835
5.7e-05 2746 8298 9666 1971 0 0.199097 0.006535053
6.7e-05 2746 8471 9760 1984 0 2.012634 0.036259890
5e-05 2746 8737 9776 1992 0 0.185120 0.005138874
6.8e-05 2746 8518 9697 1969 0 0.178955 0.003295898
6.5e-05 2746 8778 9704 1981 0 0.224426 0.007493019
6.1e-05 2746 8392 9682 1969 0 0.218445 0.006067991
5.7e-05 2746 8697 9719 1984 0 0.201416 0.006597996
5.6e-05 2746 8977 9742 1991 0 1.028137 0.021532059
5.5e-05 2746 8409 9783 2004 0 0.224426 0.007172823
7e-05 2746 8671 9685 1978 0 1.333496 0.035148144
4.8e-05 2746 9239 9748 1992 0 0.191284 0.005887032
6.8e-05 2746 8554 9777 1994 0 0.857300 0.018124104
6.2e-05 2746 8411 9688 1977 0 0.518127 0.020251036
5.2e-05 2746 8333 9741 1994 0 0.235840 0.006449938
8e-05 2746 8655 9689 1974 0 0.767090 0.020823956
5.9e-05 2746 1246 8091 1622 0 1.119995 0.023728848
6e-05 2746 17801 10110 2095 0 0.545105 0.019965887
