"Validation time(S)" "Commits" "Aborts" "Val Reads" "Val success" "Val fail" "Energy (J)" "Time(S)"
0.000497 21861 191177 113126 16787 0 2.257263 0.034621954
0.000549 21861 2458056 110025 15950 0 1.594177 0.035830975
0.00051 21861 1372490 110390 16008 0 3.078918 0.070209026
0.000545 21861 5354639 110392 16014 0 3.412964 0.078902960
0.000539 21861 1405247 110316 16028 0 1.475464 0.036329031
0.000541 21861 2753738 110416 15991 0 2.610168 0.055636883
0.000523 21861 81784 110473 16039 0 1.865112 0.040508986
0.000427 21861 70779 95423 13862 0 1.105042 0.023154020
0.000544 21861 6652918 109852 15945 0 3.386536 0.064815044
0.00054 21861 1196710 110826 16099 0 1.471619 0.038751125
0.000553 21861 1320585 114482 16855 0 3.060120 0.056715012
0.000407 21861 2402745 95782 13931 0 1.628418 0.037688971
0.000456 21861 1262142 109653 16237 0 1.306030 0.022658110
0.000534 21861 2688906 110767 16069 0 1.688538 0.036866903
0.000405 21861 68181 94803 13793 0 1.065613 0.022862911
0.000538 21861 106743 110746 16056 0 3.007019 0.052628994
0.000509 21861 3706695 110063 16030 0 1.835815 0.035762072
0.000592 21861 3705101 114583 16846 0 3.731689 0.062474966
0.000548 21861 1183146 110448 16057 0 1.340942 0.032119036
0.000219 21861 9190 67630 9677 0 1.168823 0.025758028
0.000258 21861 63457 54413 8013 0 3.403931 0.073839903
0.00053 21861 84382 109944 15965 0 4.753174 0.078255892
0.000584 21861 2772806 114566 16833 0 2.065002 0.056128979
