"Validation time(S)" "Commits" "Aborts" "Val Reads" "Val success" "Val fail" "Energy (J)" "Time(S)"
5e-06 156 22 1618 90 0 0.475281 0.014832020
2e-06 156 58 781 46 1 0.616333 0.021236897
3e-06 156 27 910 52 2 0.639282 0.018988132
3e-06 156 78 1026 57 3 0.507080 0.017946005
3e-06 156 46 1206 68 1 0.380554 0.009917021
4e-06 156 606 1154 68 1 0.537537 0.015424967
5e-06 156 178 1661 109 1 0.359070 0.006176949
9e-06 156 44 1622 100 3 0.347717 0.006716013
4e-06 156 37 1235 73 2 0.473572 0.012579203
5e-06 156 114 1306 81 5 0.394409 0.010342121
6e-06 156 68 1581 102 1 0.361633 0.006830931
6e-06 156 83 958 52 1 0.584167 0.019231081
3e-06 156 77 906 47 0 0.400208 0.012585878
2e-06 156 83 1627 102 1 0.312256 0.006588936
7e-06 156 1051497 1732 100 2 0.756470 0.020851851
7e-06 156 14 923 46 1 0.382812 0.012303114
7e-06 156 45 1312 79 1 0.374756 0.009975910
6e-06 156 83 630 40 2 0.524231 0.018494844
1e-06 156 115 749 51 1 0.450256 0.013952017
6e-06 156 6254578 1615 106 0 1.723511 0.036794901
8e-06 156 87 1568 99 0 0.651855 0.020759106
6e-06 156 1157340 1253 66 1 0.836243 0.027822971
4e-06 156 71 863 47 1 0.381775 0.012305975
