"Validation time(S)" "Commits" "Aborts" "Val Reads" "Val success" "Val fail" "Energy (J)" "Time(S)"
13.5966 50000000 244001658 4272613002 30658619 28822578 1799.415222 35.490839005
11.294 50000000 239318962 3259623758 25046785 24910132 1638.001282 32.570870161
11.5274 50000000 272942805 3514443138 26479569 25119276 1760.286865 34.073211908
13.5154 50000000 238108587 4364749199 30484670 28167280 1658.973999 33.176425934
12.0524 50000000 322642107 3455251978 26011016 28323231 1594.734619 31.746392965
15.3592 50000000 266890865 4333083695 30918512 28714471 1919.913574 38.059471846
12.1028 50000000 263706811 4204090181 30993853 32068633 1703.352112 33.492897924
12.4014 50000000 245113256 4020930481 28728735 28566543 1627.191650 32.323253288
11.2079 50000000 275644257 3927488260 29941188 27458270 1681.172974 33.551129545
12.5721 50000000 286258496 4229045982 31453926 31450380 1766.514404 34.538642576
11.8869 50000000 269025512 4059098422 30511923 29458538 1679.588196 33.251860647
10.402 50000000 259779991 3472012817 28973771 27812684 1671.441162 33.107103143
11.6622 50000000 299311975 4001022232 30769728 31268442 1756.328613 34.356134737
11.6645 50000000 250914806 4141431883 30370702 29027656 1660.088867 33.147237706
14.0525 50000000 294889398 4857267803 35957772 32469576 1895.808899 36.722494010
10.8055 50000000 252600581 3986332369 29981374 29796045 1649.661072 32.507037283
