"Validation time(S)" "Commits" "Aborts" "Val Reads" "Val success" "Val fail" "Energy (J)" "Time(S)"
0.969914 15000000 29775435 229529282 6377380 21783 125.208130 2.027813911
1.03872 15000000 33388099 230882826 6442989 25172 130.379822 2.084753990
1.17933 15000000 32615434 229708723 6404257 23967 130.504456 2.089096069
0.986986 15000000 30133622 231941315 6453775 27516 124.074951 2.026089907
1.05644 15000000 26892376 231863810 6436503 20887 121.055542 1.967669010
1.10521 15000000 31552488 229423812 6415939 25531 129.021423 2.086879015
1.14905 15000000 32358919 230646418 6439396 19935 129.295410 2.109802961
1.10305 15000000 29091178 235787777 6578381 29549 123.015259 1.959254980
1.08425 15000000 30379359 230623475 6438522 25684 122.994202 1.981582165
0.968512 15000000 31757531 226973426 6358741 22229 127.100830 2.045014858
1.17517 15000000 35854889 230260213 6417259 19072 134.429016 2.188043118
1.0789 15000000 28872459 226962383 6327338 18883 130.786865 2.113260031
1.04528 15000000 28984130 232219017 6473886 19333 126.202393 2.027729988
1.16677 15000000 38198940 232729719 6472779 20574 139.137634 2.210348129
1.18577 15000000 39233531 233522512 6491422 22315 139.330200 2.245334148
0.867559 15000000 33537532 230256330 6426266 30263 127.994873 2.045920849
1.09799 15000000 34570174 228456221 6376934 29094 131.071472 2.118607044
1.13311 15000000 32822150 227857884 6363948 27618 129.081726 2.071283817
1.02228 15000000 37174713 229848733 6413714 25498 136.543701 2.195758820
1.08185 15000000 32722110 236867873 6564360 23739 130.569458 2.097762823
0.44413 15000000 11089804 208756693 5822699 3656 89.817566 1.720867132
0.440104 15000000 14653903 210393291 5871100 2378 89.233765 1.730484594
0.460128 15000000 18779924 213584437 5943575 2273 95.699890 1.803115969
0.483646 15000000 16655062 210425003 5865581 3188 93.684937 1.803079399
0.407677 15000000 12847113 212115749 5915824 3071 87.939453 1.684248385
0.494188 15000000 15607470 212705348 5921035 3828 96.165649 1.812246379
0.415706 15000000 13717278 209596213 5843918 2792 88.430786 1.744254753
0.478456 15000000 17135436 210472750 5887327 3309 95.811462 1.869541450
0.471732 15000000 12512462 210761059 5882703 3553 92.403015 1.773441462
0.48572 15000000 12373669 210024605 5861268 3405 89.172729 1.711114834
