"Validation time(S)" "Commits" "Aborts" "Val Reads" "Val success" "Val fail" "Energy (J)" "Time(S)"
0.0454 123 2697595753 10903799 47 12 1403.968689 22.482000000
0.000334 126 979441960 73669 33 7 1394.651367 23.248000000
0.000148 127 1116859953 30112 52 6 1784.338684 27.622000000
0.060783 83 798070199 8660297 29 2 1572.642883 25.212000000
0.030392 134 1377023223 4377201 50 9 1661.342224 26.582000000
0.029785 127 1615788633 4301368 45 6 1494.247131 23.320000000
0.030155 96 1959252892 4320017 31 6 1515.560181 23.242000000
0.030444 127 2985411554 4409008 44 5 1652.668518 25.319000000
0.01541 127 960806435 4650673 30 9 1562.515747 25.065000000
0.036166 134 2805601184 4804945 56 11 1591.183594 25.287000000
0.000242 83 1635971069 51805 35 4 1233.857605 19.814000000
0.011574 90 653771068 3095598 28 3 1479.923706 24.723000000
0.075177 134 1183601079 13651507 50 9 1530.582825 25.324000000
0.001261 90 1349805476 318509 30 2 1551.792053 24.369000000
0.000785 126 1667502289 167523 53 7 1385.439514 22.807000000
0.045452 107 1130427619 8959847 38 3 1295.482544 21.883000000
0.000925 127 2041164600 174490 46 10 1445.929382 23.655000000
0.001159 134 2903612759 255648 55 10 1507.286560 24.924000000
0.00021 127 1959446662 48399 52 5 1290.330566 22.004000000
0.07557 96 2692006870 8177544 30 3 1453.750793 22.350000000
0.135425 126 1318468708 16065462 41 4 1324.176514 20.571000000
0.030241 127 875664780 4341303 47 7 1411.093567 21.627000000
0.030935 90 1503711737 4417473 39 2 1328.105164 20.845000000
0.000429 134 1608831219 87780 48 13 1575.954651 24.466000000
0.03163 126 1215485464 4350427 38 7 1493.710205 24.504000000
0.000261 90 1216743764 46692 31 6 1138.770020 18.862000000
0.044101 127 1352561366 8622794 54 8 1476.149658 23.184000000
