"Validation time(S)" "Commits" "Aborts" "Val Reads" "Val success" "Val fail" "Energy (J)" "Time(S)"
9.05022 750000 264112 2312029390 634269 97384 309.694458 4.683528900
9.19636 750000 292121 2315031614 641209 98269 317.319275 4.811722994
9.28005 750000 267570 2280054927 634276 98845 316.932678 4.786975145
9.01501 750000 277563 2332488540 633487 95777 317.912903 4.792826771
9.5094 750000 284227 2324679901 636374 97998 319.584595 4.820052883
9.16203 750000 337947 2363734240 641159 99976 324.472290 4.890691178
9.49831 750000 641088 2338476719 638598 96295 327.200745 4.908283394
9.31564 750000 240353 2310928346 638373 95193 315.348206 4.809421913
8.98878 750000 276139 2345114585 644482 99668 315.087952 4.722828833
9.22055 750000 389569 2313994050 639963 98494 318.838135 4.797529011
9.21533 750000 283146 2337640735 640810 94800 324.966125 4.933759105
9.09648 750000 311818 2296278477 637262 98544 312.064758 4.720467321
8.64445 750000 324020 2285455275 636286 96868 311.380676 4.668947007
9.39624 750000 454940 2390873633 650272 116298 320.088135 4.841131886
8.67609 750000 318894 2295546253 642629 97472 311.133057 4.679234806
9.43384 750000 297872 2332047302 641099 96175 317.757812 4.807873095
9.82759 750000 368206 2395685128 646867 119504 332.939392 5.001208762
9.44283 750000 341698 2325199089 640092 98165 323.784180 4.894648145
9.27721 750000 279097 2331368737 639000 96725 318.846313 4.793208226
9.145 750000 267435 2337291199 638229 97800 313.081360 4.697809230
