"Validation time(S)" "Commits" "Aborts" "Val Reads" "Val success" "Val fail" "Energy (J)" "Time(S)"
0.000668 47297 65689 33976 33977 0 0.546021 0.019062996
0.00071 47303 92 37588 37588 0 0.502197 0.018544197
0.000799 47297 123 40841 40841 0 0.571655 0.020513058
0.000876 47303 120 43043 43044 0 0.551514 0.021905184
0.000795 47301 82 39509 39509 0 0.505310 0.018331051
0.000768 47303 97 38495 38495 0 0.648560 0.028285980
0.000612 47303 40 33166 33166 0 0.519714 0.020879030
0.000723 47299 90 39198 39200 0 0.549866 0.020858049
0.000767 47303 135 41200 41200 0 0.527161 0.019124031
0.00059 47295 13214 33289 33289 0 0.608521 0.025077105
0.000622 47305 40 31464 31465 0 0.540588 0.021713018
0.000756 47301 104 40957 40958 0 0.773132 0.031077862
0.000848 47299 71 42159 42159 0 0.401794 0.013624907
0.000862 47307 125 45684 45684 0 0.412415 0.013208151
0.000761 47301 107 41789 41789 0 0.425903 0.014905214
0.000836 47299 118 41965 41966 0 0.481445 0.018831968
0.000768 47299 60 39658 39658 0 0.495911 0.018537045
0.000681 47305 57 32802 32802 0 0.499695 0.019355059
0.000669 47303 71 32707 32707 0 0.562073 0.022238016
0.000846 47303 230 43565 43565 0 0.428772 0.013826132
0.000756 47303 83 38556 38556 0 0.545715 0.021293879
0.000671 47297 57 33629 33629 0 0.528442 0.020431995
0.000717 47305 52 38316 38317 0 0.490601 0.018264771
