"Validation time(S)" "Commits" "Aborts" "Val Reads" "Val success" "Val fail" "Energy (J)" "Time(S)"
0.001369 93721 76 74692 74692 0 1.286865 0.045840740
0.001403 93727 82 77357 77360 0 1.317810 0.049612045
0.001457 93729 16232 78649 78649 0 1.353943 0.048040867
0.001546 93733 102 84177 84179 0 1.415649 0.056563616
0.001468 93727 79 75850 75851 0 1.089478 0.040745258
0.001364 93727 80 73918 73919 0 1.404602 0.055486202
0.001302 93733 59 68123 68123 0 1.118225 0.042092085
0.001435 93725 59 75725 75725 0 1.121643 0.042521954
0.00167 93727 95 85203 85203 0 1.107788 0.041110992
0.001373 93731 114 73457 73457 0 1.084839 0.041270018
0.001428 93727 107 75525 75526 0 1.136353 0.041961908
0.001565 93725 154 85859 85860 0 1.143799 0.042040825
0.001278 93727 61 67998 68000 0 1.049805 0.038856030
0.001232 93727 47 69705 69707 0 1.490845 0.060307026
0.001514 93725 124 80292 80293 0 1.420166 0.053369999
0.001073 93733 81 61206 61207 0 1.190613 0.046293020
0.001243 93731 83 68775 68777 0 1.117859 0.042342186
0.001598 93725 141 83868 83868 0 1.086304 0.039982080
0.001511 93729 89 76693 76694 0 1.092285 0.041007996
0.001294 93733 47 69790 69792 0 1.154480 0.044787884
0.001622 93729 162 83416 83417 0 1.129456 0.041764975
0.00147 93725 75 76629 76631 0 1.104553 0.041955948
0.001683 93725 89 88160 88160 0 1.044617 0.035940886
