"Validation time(S)" "Commits" "Aborts" "Val Reads" "Val success" "Val fail" "Energy (J)" "Time(S)"
0.001768 4096 1801025 1098909 3954 6 5.997192 0.191489220
0.002024 4096 68138 1111912 4009 3 2.809204 0.087541103
0.001687 4096 168767 1121551 4039 3 5.023254 0.161319971
0.001674 4096 240783 1115629 4018 3 3.551575 0.110605001
0.002207 4096 367283 1112122 4011 5 2.500366 0.084846020
0.001659 4096 336772 1089573 3908 5 5.360840 0.155106068
0.001729 4096 83965 1109352 4004 3 2.994934 0.079730034
0.001649 4096 146573 1080011 3879 4 3.534729 0.101325035
0.001853 4096 92298 1117033 4027 6 3.189148 0.107574940
0.001828 4096 318708 1117308 4036 4 3.579102 0.110924006
0.001678 4096 83602 1099931 3957 5 3.042053 0.081912994
0.001656 4096 273700 1099918 3975 3 4.098755 0.127968073
0.001823 4096 117093 1114571 4017 0 3.826843 0.126787901
0.0017 4096 289733 1086393 3902 4 5.376038 0.173907995
0.001764 4096 126544 1111606 4014 3 2.779785 0.077176094
0.00174 4096 207903 1106227 3985 8 2.277039 0.068464041
0.001736 4096 105455 1097718 3942 3 2.487854 0.080711842
0.001654 4096 492045 1086866 3912 0 3.964478 0.126613140
0.001695 4096 281212 1083872 3898 3 6.001526 0.183537960
0.001788 4096 280723 1104900 3985 5 4.102234 0.145153999
0.001618 4096 101081 1109836 4008 5 2.904175 0.095505953
0.001769 4096 100285 1107148 3997 4 3.546082 0.097807884
0.001642 4096 84046 1120203 4049 5 3.471191 0.094244957
