"Validation time(S)" "Commits" "Aborts" "Val Reads" "Val success" "Val fail" "Energy (J)" "Time(S)"
0.004003 14066 174572621 793306 4622 487 56.719604 1.598487139
0.00399 14190 154420388 837319 4781 326 48.858643 1.283989906
0.004116 14175 164188834 836105 4809 491 53.977905 1.497187853
0.003987 14133 210219321 822400 4694 545 68.249329 1.904083967
0.003977 14172 186084705 807918 4631 475 61.056335 1.678030968
0.0043 14163 147683477 809986 4674 527 50.569885 1.438879967
0.003981 14176 201615846 826696 4755 513 64.487122 1.768434048
0.00493 14105 137093565 821372 4626 313 44.884827 1.231172085
0.004612 14141 178225070 806787 4582 376 56.640198 1.536366940
0.004342 14078 161822435 841418 4806 483 55.170837 1.571388006
0.003904 14274 205084928 819757 4737 540 67.148254 1.881304026
0.003932 14017 140234698 785125 4470 409 48.246277 1.379639864
0.004131 14077 141000883 821331 4630 322 46.900696 1.320301056
0.004059 14113 135266817 816287 4659 362 46.773926 1.302541971
0.004185 14104 157462981 797699 4548 421 51.841309 1.459455967
0.004073 14018 201707339 806422 4570 510 67.970947 2.000720024
0.004131 14169 181714371 812435 4697 520 61.437744 1.780843019
0.004049 14123 187114506 804454 4700 543 62.536011 1.763634920
0.00413 14115 173729955 811973 4681 530 60.125061 1.741972208
0.004946 14063 135254314 812646 4613 360 44.761047 1.226499081
0.004127 14127 141868260 849133 4750 399 46.432617 1.255971909
0.004097 14133 177885835 811832 4617 484 59.645264 1.685135841
0.004598 14095 151970872 832931 4699 391 47.618591 1.238669872
0.004211 14158 182569208 818282 4814 557 61.449219 1.735655069
0.027891 14067 150269684 802337 4607 392 49.848877 1.371517897
0.0041 14117 145379068 815783 4693 403 48.815979 1.374318123
0.004209 14040 114537921 816652 4621 296 40.068298 1.151758909
0.004037 14149 169797016 821848 4724 444 54.671997 1.483463049
0.003865 14016 143025622 823143 4639 357 47.739563 1.319178104
0.00435 14211 185403532 827881 4741 497 61.647522 1.733105183
0.004222 14095 174465328 821102 4777 515 56.398804 1.555791855
0.018615 14057 125840912 819112 4610 412 43.613098 1.233387947
0.00403 14055 168806777 829800 4736 448 55.139038 1.525250912
0.003951 14082 170738879 827545 4680 432 54.012695 1.441452980
0.004115 14182 202752429 814675 4731 563 66.429565 1.822505951
0.003913 14150 210186084 799251 4646 467 67.336304 1.853305101
0.004124 14179 186283856 816105 4788 576 61.569275 1.698737144
0.003954 14087 198029697 797579 4697 507 64.613525 1.791470051
0.004173 14047 110406006 822017 4618 317 36.634338 0.970085144
0.004624 14139 187185836 807384 4664 503 59.353088 1.621755123
