"Validation time(S)" "Commits" "Aborts" "Val Reads" "Val success" "Val fail" "Energy (J)" "Time(S)"
0 50000000 0 0 0 0 320.335999 14.261885166
0 50000000 0 0 0 0 316.794250 14.457651854
0 50000000 0 0 0 0 317.681702 14.224657059
0 50000000 0 0 0 0 318.298035 14.251162052
0 50000000 0 0 0 0 318.299133 14.242028952
0 50000000 0 0 0 0 318.927185 14.258558989
0 50000000 0 0 0 0 313.370605 14.245298862
0 50000000 0 0 0 0 316.800537 14.302487135
0 50000000 0 0 0 0 319.514709 14.253556967
0 50000000 0 0 0 0 320.302917 14.242863178
