"Validation time(S)" "Commits" "Aborts" "Val Reads" "Val success" "Val fail" "Energy (J)" "Time(S)"
0 23428126 0 0 0 0 376.142639 14.996387959
0 23428126 0 0 0 0 378.547974 15.055514097
0 23428126 0 0 0 0 375.596191 15.036946058
0 23428126 0 0 0 0 377.422485 14.965981007
0 23428126 0 0 0 0 378.529846 15.063632965
0 23428126 0 0 0 0 378.619080 15.045521021
0 23428126 0 0 0 0 376.629089 15.041422844
0 23428126 0 0 0 0 378.031311 15.012549877
0 23428126 0 0 0 0 381.629761 15.227582932
0 23428126 0 0 0 0 376.979065 15.015807152
