"Validation time(S)" "Commits" "Aborts" "Val Reads" "Val success" "Val fail" "Energy (J)" "Time(S)"
0 200000 0 0 0 0 265.996765 9.395280123
0 200000 0 0 0 0 275.121521 9.717461109
0 200000 0 0 0 0 269.192078 9.512370110
0 200000 0 0 0 0 270.589050 9.575170040
0 200000 0 0 0 0 268.162354 9.466171980
0 200000 0 0 0 0 271.814758 9.597575188
0 200000 0 0 0 0 267.174194 9.432672024
0 200000 0 0 0 0 269.068604 9.505601883
0 200000 0 0 0 0 272.282410 9.610424042
0 200000 0 0 0 0 270.147827 9.534275055
