"Validation time(S)" "Commits" "Aborts" "Val Reads" "Val success" "Val fail" "Energy (J)" "Time(S)"
0 100000000 0 0 0 0 748.203796 27.981237173
0 100000000 0 0 0 0 815.011536 30.483412981
0 100000000 0 0 0 0 769.128113 28.768452168
0 100000000 0 0 0 0 806.998230 30.183601141
0 100000000 0 0 0 0 853.728882 31.927975178
0 100000000 0 0 0 0 751.322205 28.097563982
0 100000000 0 0 0 0 806.880310 30.175901890
0 100000000 0 0 0 0 827.856323 30.961796999
0 100000000 0 0 0 0 799.118774 29.886972904
0 100000000 0 0 0 0 848.760559 31.700721025
