"Validation time(S)" "Commits" "Aborts" "Val Reads" "Val success" "Val fail" "Energy (J)" "Time(S)"
0 50000000 0 0 0 0 352.206238 13.234813929
0 50000000 0 0 0 0 358.011780 13.420074940
0 50000000 0 0 0 0 345.265015 13.075895786
0 50000000 0 0 0 0 367.674011 13.749281883
0 50000000 0 0 0 0 361.334778 13.511595964
0 50000000 0 0 0 0 379.529236 14.195785999
0 50000000 0 0 0 0 353.037048 13.202300072
0 50000000 0 0 0 0 356.820190 13.351197958
0 50000000 0 0 0 0 379.689575 14.194200993
0 50000000 0 0 0 0 379.088196 14.176828861
0 50000000 0 0 0 0 369.661621 13.822911024
0 50000000 0 0 0 0 368.117920 13.765513897
0 50000000 0 0 0 0 353.978638 13.236037016
0 50000000 0 0 0 0 358.066956 13.390421867
0 50000000 0 0 0 0 369.164124 13.804040194
0 50000000 0 0 0 0 353.513733 13.220203876
0 50000000 0 0 0 0 358.809082 13.417495966
0 50000000 0 0 0 0 349.977600 13.085906982
0 50000000 0 0 0 0 356.093262 13.315453053
0 50000000 0 0 0 0 377.308228 14.108040094
0 50000000 0 0 0 0 355.301758 13.286012888
0 50000000 0 0 0 0 365.959961 13.683459997
0 50000000 0 0 0 0 375.862610 14.055069923
0 50000000 0 0 0 0 371.069458 13.877110004
0 50000000 0 0 0 0 359.903625 13.458665848
0 50000000 0 0 0 0 362.517578 13.552830935
0 50000000 0 0 0 0 348.528748 13.034053087
