"Validation time(S)" "Commits" "Aborts" "Val Reads" "Val success" "Val fail" "Energy (J)" "Time(S)"
0 80000000 0 0 0 0 516.429504 19.338082075
0 80000000 0 0 0 0 488.453064 18.956954002
0 80000000 0 0 0 0 541.699951 20.290583134
0 80000000 0 0 0 0 513.081482 19.433455944
0 80000000 0 0 0 0 491.704041 18.394831896
0 80000000 0 0 0 0 537.606995 20.115689039
0 80000000 0 0 0 0 493.690796 18.742142200
0 80000000 0 0 0 0 498.884155 18.934442997
0 80000000 0 0 0 0 499.348206 18.987002850
0 80000000 0 0 0 0 521.490967 19.543560028
0 80000000 0 0 0 0 531.844360 19.859040976
0 80000000 0 0 0 0 513.300293 19.197690964
0 80000000 0 0 0 0 513.406433 19.202987194
0 80000000 0 0 0 0 498.968933 18.664422035
0 80000000 0 0 0 0 520.215576 19.455190897
0 80000000 0 0 0 0 483.219727 18.073712111
0 80000000 0 0 0 0 502.080200 18.779567003
0 80000000 0 0 0 0 515.148010 19.267013073
0 80000000 0 0 0 0 502.971497 18.812617064
0 80000000 0 0 0 0 533.847168 19.966758966
0 80000000 0 0 0 0 524.090881 19.599738121
0 80000000 0 0 0 0 515.584717 19.285343885
0 80000000 0 0 0 0 518.806335 19.407700062
0 80000000 0 0 0 0 500.349976 18.750957012
0 80000000 0 0 0 0 516.625916 19.324151039
0 80000000 0 0 0 0 489.683472 18.315723181
0 80000000 0 0 0 0 516.333191 19.312760115
