"Validation time(S)" "Commits" "Aborts" "Val Reads" "Val success" "Val fail" "Energy (J)" "Time(S)"
0 1000000 0 0 0 0 90.551697 3.380397081
0 1000000 0 0 0 0 90.829529 3.393449068
0 1000000 0 0 0 0 90.494507 3.380680084
0 1000000 0 0 0 0 90.767273 3.382672071
0 1000000 0 0 0 0 90.742004 3.378588915
0 1000000 0 0 0 0 90.658630 3.379167080
0 1000000 0 0 0 0 91.338379 3.413728952
0 1000000 0 0 0 0 93.392151 3.378831863
0 1000000 0 0 0 0 90.395325 3.377068043
0 1000000 0 0 0 0 90.499939 3.381386995
