"Validation time(S)" "Commits" "Aborts" "Val Reads" "Val success" "Val fail" "Energy (J)" "Time(S)"
0.560239 23428127 274177 426793071 6448946 121512 364.737244 10.337276936
0.555619 23428127 275110 425832343 6412691 123441 355.125671 10.295140982
0.55696 23428127 277391 426709106 6370350 128253 357.707825 10.317884922
0.557047 23428127 293416 426320104 6417521 110956 355.013306 10.307037115
0.563115 23428127 287514 426759648 6430407 125485 357.403137 10.424148083
0.569448 23428127 278478 427444686 6418640 124614 352.762146 10.347895145
0.557524 23428127 281755 427360188 6407543 121837 352.459656 10.292133808
0.574523 23428127 296315 427865882 6412772 128588 361.760254 10.490055799
0.581625 23428127 299135 428607593 6432174 111581 362.014771 10.623249054
0.564784 23428127 273865 427175547 6432635 121824 355.209778 10.319837809
0.571294 23428127 307771 428180915 6405371 115975 361.348999 10.414805889
0.559135 23428127 284257 429774339 6433126 123320 355.380310 10.314044952
0.573236 23428127 300995 427931672 6430526 130582 361.963928 10.447845936
0.576562 23428127 303714 428579645 6428226 134513 362.757446 10.571074009
0.565073 23428127 300549 427084059 6405929 132896 355.213745 10.361444950
0.562544 23428127 287106 426753290 6408903 130911 357.326782 10.395146847
0.559866 23428127 292181 426510660 6399243 110521 353.973206 10.355978012
0.570582 23428127 295478 427197158 6392454 127599 358.351746 10.517473936
0.56292 23428127 297510 427002380 6398334 120779 354.530151 10.410202026
0.567917 23428127 289961 427801139 6368702 133390 356.811157 10.352052927
0.573884 23428127 299842 428322695 6438904 113182 362.004761 10.520245790
0.565156 23428127 289962 427282135 6383818 121841 355.894958 10.350838184
0.55864 23428127 294012 427478729 6427312 127480 354.767700 10.296933889
0.560057 23428127 295032 427855516 6435347 131028 354.117371 10.335412979
0.558305 23428127 301721 426634605 6372141 126758 353.569580 10.356240034
0.566428 23428127 292961 426623496 6418667 125704 357.068298 10.530246019
0.556339 23428127 301146 427161526 6422358 132322 347.935364 10.252307892
0.562808 23428127 293047 427133640 6423113 127634 353.662476 10.331808090
0.558842 23428127 295522 427259893 6408068 125563 352.539062 10.313812971
0.563959 23428127 287082 427949915 6462773 123995 357.848572 10.420276880
0.567765 23428127 306728 428604675 6475393 113441 356.231323 10.476819038
