"Validation time(S)" "Commits" "Aborts" "Val Reads" "Val success" "Val fail" "Energy (J)" "Time(S)"
0.00157 54920 3582 825603 16290 2353 0.572144 0.013430119
0.001554 54920 3694 822319 16192 2439 0.585022 0.013385057
0.001564 54920 3649 826040 16396 2318 0.578125 0.013345957
0.001578 54920 3712 820395 16115 2481 0.568359 0.013281107
0.001539 54920 3753 825262 15963 2519 0.569214 0.013503075
0.001468 54920 3644 826077 16316 2427 0.569580 0.013503790
0.001554 54920 3695 826529 16372 2340 0.588623 0.013422966
0.001531 54920 3640 823888 16579 2368 0.606934 0.013415098
0.001519 54920 3724 823957 16013 2420 0.585754 0.013453007
0.001534 54920 3606 819219 16050 2385 0.572144 0.013650894
0.001555 54920 3700 830166 16374 2396 0.571838 0.013540030
0.001514 54920 3628 818847 16250 2394 0.565796 0.013454914
0.001535 54920 3717 811840 15871 2391 0.570740 0.013759136
0.001512 54920 3825 826112 16293 2501 0.596497 0.013499975
0.001535 54920 3717 826268 16217 2399 0.573669 0.013380051
0.001481 54920 3714 824505 16145 2409 0.605103 0.013584852
0.001579 54920 3662 826219 16327 2422 0.566040 0.013491869
0.001567 54920 3728 821433 16133 2471 0.567383 0.013476849
0.001475 54920 3627 825668 16440 2337 0.602722 0.013418913
0.001472 54920 3715 830638 16137 2446 0.600769 0.013462067
0.001612 54920 3709 828041 16333 2362 0.600159 0.013422012
0.001568 54920 3720 824152 16263 2418 0.564514 0.013484001
0.001523 54920 3717 822222 16283 2396 0.571289 0.013512135
0.001595 54920 3688 828582 16472 2396 0.564819 0.013463974
0.001556 54920 3639 829184 16206 2385 0.601013 0.013378143
0.00155 54920 3711 829628 16249 2417 0.570190 0.013326883
0.00151 54920 3669 825088 16059 2405 0.569824 0.013455868
0.001574 54920 3626 825461 16355 2373 0.568420 0.013494968
0.001604 54920 3687 823938 15998 2395 0.591797 0.013475180
0.001489 54920 3698 829131 16285 2378 0.572266 0.013363123
0.001489 54920 3704 828177 16435 2447 0.569824 0.013418913
