"Validation time(S)" "Commits" "Aborts" "Val Reads" "Val success" "Val fail" "Energy (J)" "Time(S)"
7.8e-05 2732 155 44722 1410 82 0.188232 0.005337954
7.8e-05 2732 150 45498 1437 58 0.185669 0.005413771
6.1e-05 2732 142 44193 1389 65 0.187866 0.005358934
7.2e-05 2732 146 44027 1391 59 0.184143 0.005352974
6.7e-05 2732 148 43778 1389 64 0.191895 0.005340815
7.6e-05 2732 167 42860 1362 69 0.213013 0.005369902
7.2e-05 2732 162 44055 1391 55 0.187988 0.005357981
7.3e-05 2732 151 43930 1389 58 0.184814 0.005400896
6.2e-05 2732 153 44548 1411 68 0.190308 0.005354881
7.6e-05 2732 160 45978 1451 58 0.180542 0.005407095
6.5e-05 2732 166 44649 1410 73 0.183716 0.005378962
6.7e-05 2732 165 45601 1447 64 0.214844 0.005347013
7.3e-05 2732 158 46097 1464 49 0.181458 0.005414009
7.1e-05 2732 156 43608 1380 56 0.183655 0.005424976
7.3e-05 2732 153 46073 1462 57 0.214844 0.005403996
7.3e-05 2732 154 46007 1454 55 0.180725 0.005438089
7.3e-05 2732 167 46108 1455 59 0.187134 0.005404949
6.4e-05 2732 158 44177 1398 49 0.185303 0.005431890
7.8e-05 2732 154 43747 1380 66 0.184998 0.005423784
6.9e-05 2732 149 44385 1397 64 0.182007 0.005350113
5.4e-05 2732 149 44378 1405 58 0.184265 0.005364895
7.6e-05 2732 161 43525 1370 67 0.184875 0.005352020
6.6e-05 2732 159 45191 1430 70 0.217529 0.005356073
8.2e-05 2732 153 44888 1422 56 0.187012 0.005408049
7.3e-05 2732 167 45020 1415 60 0.182068 0.005359173
6.6e-05 2732 163 45390 1427 77 0.185730 0.005362034
6.6e-05 2732 149 44135 1394 71 0.213867 0.005327940
8.4e-05 2732 142 44061 1394 61 0.185547 0.005362034
7e-05 2732 162 45340 1435 60 0.214905 0.005322933
7.4e-05 2732 149 45598 1445 61 0.187500 0.005351782
8.5e-05 2732 152 44790 1412 54 0.215698 0.005362988
