"Validation time(S)" "Commits" "Aborts" "Val Reads" "Val success" "Val fail" "Energy (J)" "Time(S)"
0.00023 87383 21 182219 2867 9 564.949768 16.718386173
0.000276 87383 91 174069 2744 42 564.880737 16.712949038
0.00016 87383 23 133196 2092 11 564.840698 16.710062981
0.00035 87383 89 238595 3752 55 563.714844 16.707020044
0.000445 87383 152 336360 5296 87 571.663269 16.978348970
0.000144 87383 12 93701 1472 5 566.930786 16.830152035
0.000282 87383 19 229516 3603 12 571.919250 16.987747908
0.000328 87383 108 230415 3641 53 567.390991 16.881798983
0.000295 87383 29 222865 3503 16 570.630249 16.941064119
0.00044 87383 43 341209 5357 25 566.043213 16.891255856
0.000519 87383 63 380899 5979 33 573.052734 17.016459942
0.000335 87383 32 251858 3960 17 564.085022 16.834427118
0.000326 87383 44 226200 3570 24 570.173523 16.963845968
0.00044 87383 34 340944 5374 15 565.872314 16.849493027
0.000196 87383 31 145871 2299 14 573.930298 17.056890965
0.00019 87383 22 131592 2069 8 565.541138 16.869478941
0.000165 87383 27 119052 1874 12 571.062073 17.051268101
0.000153 87383 18 103563 1624 10 567.255432 17.008986950
0.000163 87383 21 126408 1988 7 570.158691 16.991317034
0.000337 87383 21 256460 4033 12 571.889709 17.092921019
0.000221 87383 14 161864 2540 8 575.525513 17.173073053
0.000461 87383 83 346033 5450 42 572.968872 17.041980028
0.000168 87383 15 128776 2020 8 573.168762 17.138267994
0.000124 87383 23 109452 1715 10 568.286072 16.997117996
0.000216 87383 25 170763 2682 11 575.353577 17.133870125
0.000177 87383 27 127627 2003 11 571.132629 17.161201000
0.00013 87383 12 97415 1530 6 570.408447 17.130368948
0.000214 87383 20 161035 2525 11 576.584839 17.228851795
0.000374 87383 113 304409 4815 64 569.053101 16.984793901
0.00027 87383 22 187919 2950 15 572.654541 17.098350048
0.000159 87383 27 124109 1950 13 580.869934 17.275614023
