"Validation time(S)" "Commits" "Aborts" "Val Reads" "Val success" "Val fail" "Energy (J)" "Time(S)"
0.000843 21847 1165 589979 12341 538 1.472839 0.038717031
0.000907 21847 1123 592844 12393 516 1.465576 0.038848877
0.00081 21847 1123 597180 12497 491 1.445984 0.038667917
0.000856 21847 1132 585477 12252 545 1.458801 0.038694859
0.000776 21847 1087 579217 12110 529 1.444153 0.038759947
0.000834 21847 1124 592882 12401 513 1.489441 0.038604021
0.000838 21847 1127 587862 12310 476 1.465332 0.038821936
0.000776 21847 1054 567118 11852 524 1.488770 0.038644075
0.000826 21847 1121 590255 12342 526 1.413635 0.038794041
0.000806 21847 1124 595828 12458 532 1.433228 0.038609982
0.000777 21847 1102 561795 11774 505 1.451721 0.038975954
0.000815 21847 1130 585600 12240 528 1.440247 0.038542032
0.000835 21847 1150 583202 12186 523 1.452759 0.038666010
0.000802 21847 1167 584530 12222 605 1.437378 0.038800001
0.000867 21847 1142 592330 12377 538 1.422485 0.038509846
0.000845 21847 1123 585027 12253 523 1.466492 0.038848877
0.0008 21847 1162 589266 12317 542 1.424133 0.038530111
0.00082 21847 1125 592474 12390 537 1.466980 0.038594007
0.000851 21847 1135 596578 12475 514 1.453186 0.038585901
0.000767 21847 1152 587248 12297 494 1.428101 0.038573980
0.000821 21847 1138 580029 12147 514 1.439087 0.038774014
0.00092 21847 1164 607450 12709 585 1.455505 0.038958073
0.000819 21847 1130 584982 12228 532 1.470581 0.038584948
0.000793 21847 1158 592478 12403 541 1.437134 0.038591862
0.00083 21847 1142 595384 12443 519 1.414185 0.038526058
0.000818 21847 1120 588211 12307 542 1.437622 0.038578987
0.000807 21847 1101 583895 12216 503 1.466187 0.038866997
0.000842 21847 1153 595823 12453 527 1.411377 0.038787127
0.000818 21847 1116 591943 12365 535 1.439087 0.038546085
0.000862 21847 1179 595702 12467 550 1.464294 0.038681984
0.000823 21847 1144 587141 12296 517 1.472168 0.038841963
