"Validation time(S)" "Commits" "Aborts" "Val Reads" "Val success" "Val fail" "Energy (J)" "Time(S)"
0.000289 1022 20 153066 439 0 661.756775 19.312484026
0.000253 1022 15 152145 436 0 655.876831 19.171034813
0.000278 1022 20 152936 435 0 658.883423 19.189891100
0.000281 1022 16 153531 440 0 653.201233 19.178009987
0.000277 1022 20 155361 442 0 658.233459 19.331196070
0.0003 1022 20 153602 437 0 654.394348 19.166689873
0.000263 1022 19 154442 441 0 658.939209 19.371829033
0.000277 1022 16 155547 444 0 655.434570 19.222513199
0.000285 1022 16 153223 440 0 663.272522 19.624188900
0.000264 1022 20 154791 439 0 658.763184 19.410446882
0.000264 1022 19 155184 444 0 656.754639 19.372627974
0.000272 1022 17 153117 438 0 653.590454 19.224292994
0.000287 1022 19 154466 442 0 656.262878 19.284449100
0.000287 1022 19 152509 435 0 655.499084 19.257606030
0.000271 1022 18 154014 438 0 654.537048 19.248141050
0.000276 1022 20 153065 436 0 657.833801 19.388202190
0.000274 1022 19 154754 442 0 650.213074 19.178904057
0.000275 1022 19 154066 441 0 656.015686 19.253624916
0.000274 1022 19 153327 434 0 655.933350 19.227958918
0.000285 1022 18 154083 440 0 657.384521 19.287834883
0.000279 1022 19 154599 440 0 651.054443 19.107316017
0.000283 1022 20 155162 440 0 657.155518 19.359590054
0.000281 1022 20 153581 439 0 657.632324 19.329033136
0.00028 1022 19 155398 439 0 661.123047 19.483547926
0.000279 1022 20 154565 437 0 657.309753 19.302108049
0.000264 1022 19 155241 444 0 658.676392 19.390850067
0.000285 1022 19 153537 437 0 673.995178 19.285871983
0.000275 1022 17 158572 445 0 677.388245 19.504410982
0.000271 1022 20 153838 442 0 657.777466 19.295377016
0.000283 1022 20 155972 444 0 656.982056 19.280980110
0.000274 1022 17 155549 442 0 656.976196 19.349722147
