"Validation time(S)" "Commits" "Aborts" "Val Reads" "Val success" "Val fail" "Energy (J)" "Time(S)"
0.041123 25000000 618760 29513127 779977 21321 293.188477 8.406066895
0.040809 25000000 614737 28849007 751407 29429 294.730469 8.450306892
0.040564 25000000 618422 29621450 781156 20875 294.099121 8.449625969
0.041159 25000000 618762 30040012 794777 20380 294.308411 8.443102837
0.040463 25000000 615843 28569047 746701 27432 295.079041 8.425931931
0.040363 25000000 614282 28679014 747510 30504 293.968262 8.432908058
0.040764 25000000 618601 29429450 776834 21343 294.162964 8.444910049
0.040628 25000000 614578 28944904 755456 29662 297.803406 8.535321951
0.040477 25000000 614705 29119440 759986 29438 295.793884 8.438561916
0.040556 25000000 614948 28626864 746581 30238 293.447876 8.426026821
0.04145 25000000 619698 29871471 788246 22844 294.835205 8.465970039
0.040615 25000000 613701 29171875 762176 28168 294.557312 8.462755203
0.041529 25000000 617301 29910992 788139 21046 294.466797 8.458621025
0.041045 25000000 617691 29489729 777194 23626 294.961426 8.477257967
0.039445 25000000 609703 28056175 721095 37826 296.542114 8.454627991
0.040277 25000000 618298 29525179 778871 21131 294.569946 8.450857162
0.041305 25000000 614729 29223446 763626 28640 296.246887 8.447282076
0.040666 25000000 615562 28996414 757075 28140 294.640625 8.457499981
0.040097 25000000 610775 28591127 737229 34324 294.628357 8.451613903
0.040939 25000000 614411 29187353 762331 28867 294.614746 8.467417002
