"Validation time(S)" "Commits" "Aborts" "Val Reads" "Val success" "Val fail" "Energy (J)" "Time(S)"
0.000816 93687 4 49142 49148 0 0.941284 0.034381866
0.000796 93687 3 49020 49025 0 0.957825 0.034584045
0.000754 93687 4 48821 48824 3 0.971252 0.034408092
0.000775 93687 6 47968 47975 1 0.955200 0.034310102
0.0008 93687 4 48197 48201 2 0.957458 0.033957005
0.000843 93687 4 49181 49189 1 1.047058 0.033422947
0.000795 93687 5 48527 48531 0 0.949585 0.034310102
0.000752 93687 5 48883 48889 1 0.952026 0.034693241
0.00082 93687 5 48198 48203 0 0.922974 0.033963919
0.00083 93687 9 49416 49423 2 0.949707 0.034142971
0.000787 93687 3 49390 49400 1 0.954529 0.033766985
0.000808 93687 10 48407 48410 0 0.943909 0.033452034
0.000816 93687 8 49008 49015 3 0.952271 0.034451008
0.000795 93687 1 49899 49904 0 1.046814 0.033514977
0.000798 93687 2 47231 47237 0 0.949829 0.034293890
0.000809 93687 6 49132 49137 2 0.944275 0.034783840
0.000785 93687 6 47950 47954 2 0.951782 0.034327984
0.000786 93687 5 48174 48185 0 1.035217 0.033985853
0.000782 93687 4 49432 49434 1 1.027771 0.033485889
0.000791 93687 8 48358 48362 2 0.947144 0.034377098
0.000801 93687 0 48014 48027 0 0.921387 0.034474850
0.000859 93687 5 48326 48329 1 0.949768 0.034267902
0.000775 93687 5 48240 48247 0 0.949768 0.034581900
0.000823 93687 4 48990 49003 0 0.946289 0.034535170
0.000823 93687 2 49175 49180 0 0.953918 0.034441948
0.00081 93687 5 48877 48884 0 0.921936 0.033550262
0.000811 93687 6 47845 47849 1 1.038818 0.033297062
0.00084 93687 2 49012 49021 0 0.944641 0.034498930
0.000843 93687 3 48136 48143 0 0.930908 0.034241676
0.000844 93687 5 48173 48180 1 0.952637 0.034353256
0.000835 93687 7 48458 48460 1 0.950073 0.034387112
