"Validation time(S)" "Commits" "Aborts" "Val Reads" "Val success" "Val fail" "Energy (J)" "Time(S)"
0.141775 22362283 71 8503854 8503838 25 224.845520 7.990247011
0.145036 22362281 48 8541714 8541699 25 225.664612 7.992940903
0.139751 22362283 71 8437507 8437484 39 226.585632 7.993719101
0.140995 22362283 57 8430595 8430587 26 225.932617 8.006835938
0.140211 22362283 58 8418822 8418814 20 221.096252 8.008379936
0.14024 22362283 45 8308544 8308548 15 224.274719 8.107253075
0.138558 22362283 56 8304366 8304348 30 230.397888 8.161803007
0.138201 22362283 46 8301167 8301168 12 229.856750 8.236711979
0.138669 22362283 73 8301283 8301267 31 228.297180 8.266914845
0.142299 22362283 70 8471126 8471113 32 228.942261 8.207350016
0.141019 22362283 65 8276407 8276383 35 230.875732 8.288016081
0.138841 22362283 57 8318630 8318626 22 221.757080 7.999031067
0.140298 22362283 48 8409929 8409923 20 225.861938 8.189023018
0.138923 22362283 67 8287501 8287486 34 231.155823 8.197495937
0.141365 22362283 65 8446653 8446640 27 221.548767 7.992774248
0.14075 22362283 75 8449681 8449666 36 221.390015 8.008684158
0.143171 22362283 45 8506483 8506476 19 223.941406 8.005451918
0.141107 22362283 52 8412726 8412718 22 230.065430 8.017009974
0.140037 22362283 46 8377826 8377823 21 227.394897 8.027224064
0.13979 22362283 82 8365372 8365356 32 222.281921 7.989797115
0.142136 22362283 60 8403122 8403117 22 228.483643 8.066726208
0.139175 22362283 65 8268352 8268350 22 230.229004 8.147297859
0.138037 22362283 55 8258688 8258677 26 224.228088 8.122139692
0.140561 22362283 62 8351344 8351335 30 227.087402 8.063400984
0.139021 22362283 55 8284087 8284070 27 226.340027 8.220710039
0.138142 22362283 46 8297542 8297543 19 225.018433 8.154314995
0.142497 22362283 65 8517417 8517406 30 222.100586 7.997220993
0.140451 22362283 60 8410129 8410122 29 220.116333 7.992490053
0.140234 22362283 51 8405200 8405198 19 219.816345 7.975331068
0.138557 22362283 72 8274440 8274417 32 233.469482 8.529712200
0.141748 22362283 54 8490149 8490142 20 225.326477 8.040759802
