"Validation time(S)" "Commits" "Aborts" "Val Reads" "Val success" "Val fail" "Energy (J)" "Time(S)"
0.000402 47259 2 24804 24810 0 0.387207 0.013488054
0.000452 47259 4 25686 25690 2 0.381897 0.013296843
0.0004 47259 3 24752 24761 0 0.381897 0.013478041
0.000411 47259 9 24967 24970 2 0.389160 0.013323069
0.0004 47259 7 25498 25505 4 0.407410 0.013658047
0.000439 47259 8 25325 25331 1 0.381958 0.013701200
0.000444 47259 4 25667 25672 1 0.390991 0.013214111
0.000457 47259 7 25416 25424 2 0.417297 0.013908863
0.00044 47259 10 25238 25242 2 0.382385 0.013903141
0.000395 47259 3 24981 24986 0 0.407715 0.013993979
0.000424 47259 4 25887 25889 2 0.376770 0.013823032
0.000416 47259 4 25323 25333 0 0.409363 0.013931990
0.000396 47259 4 25211 25212 0 0.409424 0.013885975
0.000419 47259 3 24530 24538 0 0.389404 0.012851954
0.000432 47259 4 25473 25481 1 0.409912 0.013779879
0.000407 47259 3 25153 25161 0 0.384583 0.013649940
0.000403 47259 3 25360 25370 0 0.382507 0.013308048
0.000394 47259 6 25179 25188 1 0.423645 0.012809038
0.000429 47259 3 24919 24926 1 0.387085 0.012815952
0.000433 47259 5 24943 24946 1 0.391907 0.012876987
0.0004 47259 7 25597 25604 0 0.381409 0.013912916
0.000433 47259 2 26094 26108 0 0.377380 0.013858795
0.000453 47259 3 25547 25549 0 0.385559 0.013741970
0.000445 47259 5 25041 25046 1 0.386169 0.013776064
0.000444 47259 2 25004 25010 1 0.388000 0.013870955
0.000436 47259 11 25126 25132 2 0.411194 0.014002085
0.000357 47259 5 24376 24383 0 0.432983 0.012842894
0.000455 47259 8 25641 25647 0 0.381775 0.014018059
0.000435 47259 3 25371 25375 0 0.353394 0.013139009
0.00043 47259 4 25268 25272 0 0.408386 0.013787985
0.000457 47259 6 25621 25631 2 0.404297 0.013921022
