"Validation time(S)" "Commits" "Aborts" "Val Reads" "Val success" "Val fail" "Energy (J)" "Time(S)"
0.000432 1000000 6 195667 9808 5 68.199402 1.820682049
0.000771 1000000 19 329683 16514 18 68.633118 1.822502136
0.001368 1000000 38 527456 26400 32 77.668640 2.194571972
0.001913 1000000 59 719121 35990 55 89.637817 2.482437849
0.000628 1000000 18 271832 13612 17 68.307983 1.823945045
0.000518 1000000 13 229081 11470 12 68.245911 1.822119951
0.00085 1000000 20 392974 19678 20 69.573425 1.823086977
0.000495 1000000 8 221716 11102 8 67.843506 1.821201086
0.001449 1000000 59 619351 30989 55 76.319702 2.124340057
0.001465 1000000 39 582413 29145 37 81.375000 2.326102018
0.000534 1000000 20 212982 10664 18 68.165710 1.820931911
0.000501 1000000 12 231871 11614 12 68.510681 1.820722103
0.000871 1000000 30 411311 20587 28 68.565247 1.822789907
0.000745 1000000 19 331235 16586 19 68.353271 1.822667837
0.000568 1000000 10 246499 12343 9 68.874878 1.823101044
0.001153 1000000 46 537456 26903 42 69.224792 1.824617147
0.002122 1000000 85 905506 45299 79 83.245728 2.377968073
0.00071 1000000 10 321948 16123 9 69.575195 1.821596861
0.000616 1000000 21 278982 13962 19 68.859619 1.823429108
0.000509 1000000 11 213744 10703 10 69.097229 1.823209047
