"Validation time(S)" "Commits" "Aborts" "Val Reads" "Val success" "Val fail" "Energy (J)" "Time(S)"
0.000666 4096 0 640618 3088 0 0.194641 0.005599022
0.000607 4096 0 638839 3088 0 0.192932 0.005605936
0.000611 4096 0 646638 3122 0 0.200378 0.005527020
0.000622 4096 0 641586 3094 0 0.197388 0.005506992
0.000624 4096 1 647787 3124 1 0.200806 0.005470991
0.000592 4096 1 649325 3128 1 0.196960 0.005493879
0.000621 4096 1 644238 3115 0 0.199646 0.005477905
0.000648 4096 0 641444 3096 0 0.199219 0.005510807
0.00066 4096 0 643976 3102 0 0.200317 0.005471945
0.000641 4096 0 638123 3068 0 0.192810 0.005482912
0.000633 4096 0 637819 3062 0 0.191833 0.005530834
0.000625 4096 1 638411 3078 0 0.224548 0.005498886
0.000636 4096 0 643734 3096 0 0.198242 0.005479097
0.000639 4096 0 641941 3085 0 0.202820 0.005566120
0.000632 4096 0 644516 3104 0 0.195190 0.005518913
0.000631 4096 0 638333 3067 0 0.200806 0.005485058
0.000604 4096 0 643968 3103 0 0.202148 0.005493879
0.000614 4096 0 643621 3101 0 0.192932 0.005562067
0.000629 4096 0 644214 3099 0 0.192566 0.005491018
0.000608 4096 0 641545 3099 0 0.202637 0.005497932
0.000564 4096 1 644408 3099 1 0.193115 0.005501032
0.000632 4096 0 635316 3052 0 0.198730 0.005506039
0.000631 4096 1 644478 3102 1 0.199707 0.005471945
0.000618 4096 0 643275 3088 0 0.194031 0.005568027
0.000604 4096 0 644343 3109 0 0.197510 0.005485058
0.000658 4096 0 643606 3096 0 0.200989 0.005505800
0.000664 4096 1 638164 3062 1 0.195190 0.005559921
0.000611 4096 1 637613 3055 1 0.191101 0.005541086
0.000663 4096 1 645208 3108 1 0.191833 0.005548000
0.000637 4096 0 641834 3092 0 0.191650 0.005574942
0.000598 4096 0 642354 3089 0 0.191772 0.005518913
