"Validation time(S)" "Commits" "Aborts" "Val Reads" "Val success" "Val fail" "Energy (J)" "Time(S)"
0.000752 4096 0 886617 3000 0 0.411377 0.012001038
0.000773 4096 1 887169 2996 1 0.385620 0.011918783
0.000744 4096 0 891664 3012 0 0.416809 0.012002945
0.000809 4096 1 896747 3029 1 0.424133 0.012074947
0.000755 4096 0 887999 2998 0 0.413940 0.011981964
0.00076 4096 0 888040 3002 0 0.388000 0.011826992
0.000751 4096 0 888931 2996 0 0.382446 0.011902094
0.000765 4096 0 886889 2996 0 0.381226 0.011877060
0.000729 4096 1 889868 2996 1 0.386108 0.011945009
0.000727 4096 0 888242 3005 0 0.405701 0.011867046
0.000763 4096 1 898185 3035 1 0.380310 0.011963844
0.000725 4096 0 879571 2955 0 0.384766 0.011847019
0.000748 4096 1 895775 3025 1 0.385193 0.011842012
0.000721 4096 0 891503 3000 0 0.388489 0.011834860
0.00075 4096 1 888197 3012 1 0.415161 0.011990070
0.00077 4096 1 897696 3043 1 0.388855 0.011924028
0.000741 4096 0 900082 3030 0 0.384338 0.011898041
0.000769 4096 0 884000 2982 0 0.389954 0.011858940
0.000738 4096 0 885500 2985 0 0.382996 0.011882067
0.000743 4096 0 896166 3033 0 0.416077 0.011902094
0.000772 4096 1 894889 3014 1 0.415161 0.011949062
0.000752 4096 0 881032 2973 0 0.412354 0.011989832
0.000759 4096 2 891749 3021 2 0.409058 0.011901855
0.000784 4096 1 887913 2991 1 0.386414 0.011821032
0.00073 4096 0 890326 3010 0 0.411743 0.011953115
0.000759 4096 0 893923 3013 0 0.407227 0.011876106
0.00075 4096 1 886376 2986 1 0.411072 0.011921883
0.00076 4096 1 891694 3011 1 0.409363 0.011913061
0.000768 4096 0 888052 3018 0 0.434143 0.011923075
0.000759 4096 0 886568 2999 0 0.379456 0.011846781
0.000754 4096 0 890591 3001 0 0.386230 0.011929035
