"Validation time(S)" "Commits" "Aborts" "Val Reads" "Val success" "Val fail" "Energy (J)" "Time(S)"
0.267941 50000000 5 3367138 11328980 5 104.623962 2.117277145
0.262726 50000000 1 3331797 11235007 1 103.736328 2.098912954
0.258293 50000000 0 3350506 11290007 0 104.670837 2.129930019
0.484824 50000000 916 3342322 11277372 916 104.492554 2.111429930
0.312048 50000000 4 3385383 11383030 4 104.785278 2.134691000
0.241469 50000000 2 3295184 11131283 2 103.742249 2.105496883
0.247667 50000000 382 3295414 11093019 382 104.424072 2.113781214
0.245129 50000000 35 3352595 11297231 35 104.088196 2.111088037
0.247408 50000000 2 3344595 11279077 2 104.403076 2.116171122
0.264486 50000000 3 3359916 11304151 3 103.860046 2.089313030
0.257135 50000000 3 3375516 11364213 3 103.846985 2.097346067
0.418304 50000000 3 3360920 11354320 3 105.460571 2.136869907
0.440717 50000000 2 3321627 11202827 2 105.069641 2.123830080
0.258986 50000000 3 3392219 11435578 3 105.564941 2.141347170
0.289609 50000000 3 3335595 11276928 3 104.409729 2.114718914
0.433728 50000000 2 3384561 11434023 2 105.276123 2.130711079
0.456711 50000000 3 3380719 11434153 3 105.529602 2.140362978
0.390896 50000000 1 3379041 11385345 1 105.756409 2.151387930
0.248808 50000000 4 3385533 11389338 4 104.231812 2.104951143
0.460477 50000000 3 3386447 11426094 3 105.569275 2.141041994
