"Validation time(S)" "Commits" "Aborts" "Val Reads" "Val success" "Val fail" "Energy (J)" "Time(S)"
8.80561 35000000 48 56038901 69698151 48 162.271240 3.005008936
9.71971 35000000 34 56604715 69726647 34 167.955566 3.139411211
7.92288 35000000 40 55908912 69516162 40 157.189636 2.925125122
7.54718 35000000 30 54302674 67754577 30 157.113953 3.005659819
10.6366 35000000 36 54874778 68396079 36 174.588989 3.326407909
7.83468 35000000 31 54686793 68057215 31 160.106934 3.042426109
8.16532 35000000 47 56214873 69207581 47 160.354492 3.020838022
11.0837 35000000 39 54294451 67846996 39 174.935974 3.305252075
7.24273 35000000 43 56390021 69655443 43 156.007385 2.902538061
9.37858 35000000 34 55015758 68576723 34 165.324890 3.121712923
7.18997 35000000 47 57312622 70214757 47 156.277893 2.916208982
9.33453 35000000 47 57662885 70752477 47 167.356079 3.088860989
8.25962 35000000 43 55682411 68679136 43 163.498108 3.070425034
8.16091 35000000 46 57022040 69865738 46 160.364075 2.968091965
7.45018 35000000 50 55888635 69134062 50 156.540039 2.949668169
8.62102 35000000 45 55588860 69425948 45 163.600464 3.043335915
8.46136 35000000 47 56044067 69142801 47 163.003296 3.041188002
9.67855 35000000 39 57063217 70426629 39 166.671021 3.077147961
6.48689 35000000 39 53934660 67916666 39 152.443115 2.895813942
7.08374 35000000 52 55502477 69090897 52 154.435425 2.896793842
