"Validation time(S)" "Commits" "Aborts" "Val Reads" "Val success" "Val fail" "Energy (J)" "Time(S)"
15.4126 23428141 515288 4724905226 80916247 515288 318.793945 5.423552036
16.1793 23428141 514553 4708880719 80086738 514553 322.387512 5.481637001
15.8741 23428141 521220 4655791575 79853535 521220 322.510132 5.494730949
13.9488 23428141 525157 4686899523 80691912 525157 313.551758 5.344072104
15.3043 23428141 529097 4706177838 81272811 529097 320.244019 5.439547062
15.4061 23428141 515779 4732300752 79923847 515779 320.804077 5.476752996
17.3909 23428141 518524 4678009328 79570447 518524 333.725769 5.785342932
14.2423 23428141 516268 4688009793 80002125 516268 316.888367 5.418143034
14.1712 23428141 515392 4674194690 79716271 515392 316.438049 5.407095909
15.4603 23428141 510453 4634241568 79375379 510453 322.610229 5.604341030
12.7368 23428141 512546 4635584614 79349539 512546 308.522095 5.362798214
14.2787 23428141 518846 4684534728 81025544 518846 315.921936 5.384056091
17.9269 23428141 514434 4671487411 79982446 514434 333.336792 5.768488884
13.859 23428141 520973 4665272109 80481533 520973 311.009949 5.304626942
14.7025 23428141 519825 4673092071 80274059 519825 318.328430 5.446622849
14.1402 23428141 509069 4722049971 80304764 509069 316.620483 5.427042961
13.3615 23428141 521120 4686055103 80677572 521120 310.656250 5.266052008
15.419 23428141 509990 4699907068 79411429 509990 321.499207 5.529752016
11.9494 23428141 527727 4662533717 80492976 527727 305.435547 5.238166094
13.8964 23428141 513622 4703864997 80296995 513622 313.867859 5.361630917
12.6343 23428141 523444 4650515861 79914610 523444 309.312195 5.296030998
14.3444 23428141 507946 4684598889 79931199 507946 315.015442 5.369807005
12.5594 23428141 519810 4752944072 80437267 519810 306.491211 5.174628019
