"Validation time(S)" "Commits" "Aborts" "Val Reads" "Val success" "Val fail" "Energy (J)" "Time(S)"
0.007326 54934 8438 3086453 61015 8438 0.767273 0.013584137
0.012568 54934 9281 5383666 88007 9281 0.821411 0.016492844
0.314712 54934 8799 7125742 121061 8799 2.977905 0.064949036
0.015041 54934 7406 6195578 112843 7406 1.050354 0.029912949
0.020218 54934 12063 8351752 139965 12063 0.708313 0.011337042
0.016014 54934 7456 6687469 114198 7456 0.713196 0.015459061
0.020556 54934 12677 8642842 146599 12677 1.061157 0.028033018
0.019864 54934 12775 8630581 145464 12775 0.750305 0.013898849
0.01757 54934 10950 7383935 125403 10950 0.713928 0.012784004
0.015521 54934 7356 6703193 118350 7356 0.691467 0.013931036
0.017505 54934 9403 7364757 130082 9403 0.712219 0.013975859
0.018912 54934 11447 8063773 134250 11447 0.838318 0.016551971
0.017226 54934 9930 7441602 128856 9930 1.110901 0.025295019
0.015769 54934 8295 6622696 117565 8295 0.688660 0.013680935
0.015134 54934 7913 6437367 113731 7913 0.745422 0.015338898
0.01336 54934 5221 5647278 100486 5221 0.772156 0.019850969
0.0165 54934 8081 7168066 122580 8081 0.723145 0.014885902
0.016819 54934 9501 7361380 124591 9501 0.764893 0.015448809
0.02058 54934 10167 7876568 131251 10167 0.914490 0.019551992
0.019803 54934 10551 7778986 132875 10551 1.159119 0.028483868
0.019024 54934 10707 8061139 137821 10707 0.744141 0.013441086
0.019975 54934 13204 8652864 147133 13204 0.802551 0.015338898
0.019909 54934 12483 8478379 142403 12483 0.742432 0.013292074
