"Validation time(S)" "Commits" "Aborts" "Val Reads" "Val success" "Val fail" "Energy (J)" "Time(S)"
0.013115 87397 6003 2914141 151312 6003 210.752869 4.024763107
0.006963 87397 3458 1746130 90201 3458 193.582825 3.682391882
0.024149 87397 10680 5248349 263785 10680 188.095032 3.502715111
0.028692 87397 10468 5089134 255533 10468 200.347351 3.762936831
0.007542 87397 3652 1834074 93614 3652 158.410950 3.003672838
0.020936 87397 5420 2698411 139400 5420 203.224548 3.756114960
0.024618 87397 9342 4614061 233777 9342 195.903748 3.682874918
0.022875 87397 10182 4997845 253194 10182 214.257202 4.002584934
0.022822 87397 10035 4986112 252058 10035 177.291687 3.381421089
0.022384 87397 10144 4938176 249568 10144 178.227661 3.277614117
0.05543 87397 10530 5200848 263517 10530 190.977234 3.636651993
0.01397 87397 6282 3176036 159864 6282 194.949463 3.608016014
0.022576 87397 3015 1536809 80927 3015 198.386902 3.724923134
0.022823 87397 10319 5022987 254219 10319 196.819031 3.764081001
0.016037 87397 7238 3549362 179128 7238 196.107971 3.737070084
0.030789 87397 10494 5041518 255028 10494 210.560120 3.877949953
0.052257 87397 4835 2288187 120942 4835 184.311951 3.528517962
0.036486 87397 10773 5218194 262993 10773 192.125366 3.580304861
0.030343 87397 10155 5046232 255165 10155 222.077698 4.155035973
0.053976 87397 10167 5034378 254012 10167 173.698181 3.244040012
0.031369 87397 9987 4921449 249571 9987 207.352295 3.885749102
0.018323 87397 7765 3797658 192741 7765 195.172058 3.659231186
0.02997 87397 10122 4990756 253901 10122 182.184143 3.335191011
