"Validation time(S)" "Commits" "Aborts" "Val Reads" "Val success" "Val fail" "Energy (J)" "Time(S)"
1e-06 156 33 116 76 0 0.704346 0.017589092
3e-06 156 25 1 84 0 0.585388 0.013420105
0 156 39 78 102 1 0.432373 0.007941961
0 156 35 118 87 0 0.429810 0.009946108
2e-06 156 45 25 102 1 0.412476 0.007380962
1e-06 156 32 94 97 2 0.371460 0.007711172
4e-06 156 35 41 96 1 0.433838 0.008915901
3e-06 156 24 97 81 1 0.444580 0.011909008
4e-06 156 34 106 97 0 0.411499 0.008110046
1e-06 156 28 100 73 0 0.428711 0.010057926
1e-06 156 38 63 99 3 0.374634 0.006658077
0 156 39 14 96 0 0.457397 0.009746075
2e-06 156 17 0 74 0 0.356018 0.009254932
1e-06 156 38 90 101 0 0.363647 0.006745815
5e-06 156 40 203 108 2 0.424866 0.008093119
5e-06 156 21 63 82 2 0.666992 0.022843122
1e-06 156 14 1 53 1 0.460754 0.014101028
2e-06 156 44 4 100 1 0.421875 0.008562803
2e-06 156 37 138 104 0 0.378601 0.007408857
3e-06 156 39 35 105 2 0.374512 0.008068800
1e-06 156 27 38 90 0 0.367310 0.006963968
1e-06 156 37 31 99 1 0.375366 0.008059025
0 156 35 31 92 0 0.438538 0.009071112
