"Validation time(S)" "Commits" "Aborts" "Val Reads" "Val success" "Val fail" "Energy (J)" "Time(S)"
4.4e-05 1050 210 295 721 0 722.809631 12.288265944
5.4e-05 1050 201 1375 714 0 711.734558 12.110645056
4.9e-05 1050 191 1086 704 1 687.019531 11.849343777
3.8e-05 1050 194 2217 707 2 693.858032 11.830528975
1.9e-05 1050 204 448 723 2 704.693298 11.970427036
4e-05 1050 208 2810 721 1 722.110962 12.255398989
4.1e-05 1050 194 1772 709 0 703.830688 11.928897142
3.3e-05 1050 202 2968 718 0 707.236023 12.042696953
5.9e-05 1050 186 2687 700 0 687.027893 11.686766863
3.8e-05 1050 216 1200 727 2 724.229370 12.306954145
1.1e-05 1050 187 520 697 0 698.692749 11.895817041
1.7e-05 1050 194 24 704 1 701.379761 11.915725946
5.3e-05 1050 215 2328 727 0 714.097290 12.171543837
6.7e-05 1050 195 6406 716 0 705.256897 12.039078951
5.2e-05 1050 192 2442 705 0 694.544739 11.857889891
4e-05 1050 199 453 711 0 713.530090 12.150424957
4.6e-05 1050 204 2572 722 0 714.816711 12.127720833
4.1e-05 1050 205 2846 722 0 716.055115 12.228721857
0.017645 1050 192 2311 709 0 694.847656 11.788832188
4e-05 1050 192 3871 713 0 703.922241 11.986537933
7.2e-05 1050 188 3247 705 0 686.089966 11.709483147
3.8e-05 1050 220 1520 734 1 733.963135 12.453024149
2.3e-05 1050 199 709 715 1 714.711243 12.135707855
