"Validation time(S)" "Commits" "Aborts" "Val Reads" "Val success" "Val fail" "Energy (J)" "Time(S)"
1e-06 204 62 55 115 1 0.242676 0.004309893
1e-06 204 38 28 65 4 0.240662 0.006844997
2e-06 204 41 42 92 0 0.378906 0.011972189
0 204 65 47 130 0 0.298096 0.006047964
5e-06 204 45 147 102 4 0.229492 0.005803108
4e-06 204 52 23 101 2 0.290161 0.007285833
0 204 55 75 106 2 0.298584 0.007044792
1e-06 204 67 48 120 2 0.298096 0.005927086
1e-06 204 46 93 98 2 0.278503 0.007688046
2e-06 204 58 63 114 1 0.723206 0.019551992
5e-06 204 72 97 126 2 0.253784 0.004148006
4e-06 204 59 12 117 0 0.245361 0.004242182
1e-06 204 48 80 104 2 0.230835 0.003705978
1e-06 204 69 124 127 3 0.272583 0.005184889
1e-06 204 25 2 66 2 0.242798 0.006780148
4e-06 204 69 152 129 4 0.296753 0.006372929
3e-06 204 37 58 86 1 0.290649 0.007003069
1e-06 204 6 46 19 1 0.261169 0.009390831
2e-06 204 68 25 123 4 0.269409 0.005453825
0 204 21 1 51 1 0.287903 0.007827997
3e-06 204 72 63 120 4 0.254822 0.005962849
1e-06 204 45 80 87 1 0.300720 0.007940054
1e-06 204 50 40 96 2 0.286255 0.006968021
