"Validation time(S)" "Commits" "Aborts" "Val Reads" "Val success" "Val fail" "Energy (J)" "Time(S)"
10.5027 100000000 19235796 1992330985 34988931 19235796 812.366516 14.249369860
9.23449 100000000 21574837 1823864798 31278788 21574837 791.526306 13.869573832
9.16195 100000000 20721602 1992043919 32873828 20721602 803.283081 13.991216898
10.8146 100000000 20192992 1959596628 33666401 20192992 839.422424 14.684654951
12.4496 100000000 21665358 1927211300 32043662 21665358 824.271240 14.458154917
11.5351 100000000 21080073 1848816447 32370608 21080073 815.672913 14.280843019
10.934 100000000 20654455 2018994850 33234959 20654455 854.323486 14.945794106
12.0056 100000000 19450202 2043466474 35038639 19450202 840.371582 14.745152950
9.19443 100000000 19985449 1976305038 33852440 19985449 797.884705 13.897546053
11.5047 100000000 17710579 2224734335 37310158 17710579 893.577209 15.655060053
13.1661 100000000 19714533 2099900991 34931183 19714533 877.706421 15.380440950
11.9073 100000000 18612385 2145974467 36245367 18612385 882.803467 15.502064943
11.4327 100000000 21233637 1981027829 32671025 21233637 803.617432 14.025805950
