"Validation time(S)" "Commits" "Aborts" "Val Reads" "Val success" "Val fail" "Energy (J)" "Time(S)"
47.2066 50000000 86580855 9531014611 104448799 86580855 1464.229675 28.014356852
65.3054 50000000 86024809 10767730036 109825748 86024809 1574.942139 28.674065113
56.9816 50000000 85804515 11235251936 115444783 85804515 1519.466797 27.819003105
50.6162 50000000 87948734 10548080470 110318377 87948734 1505.172607 27.601500034
47.6406 50000000 86108762 10220727865 106724987 86108762 1471.933594 27.315047026
48.2535 50000000 90914426 9164980786 96903815 90914426 1473.805237 27.304146051
60.0629 50000000 84220876 11121413546 113109607 84220876 1563.043579 28.448555946
45.4464 50000000 89110947 9775600703 102881215 89110947 1467.614502 27.118387938
52.3677 50000000 82313622 11279853351 118743966 82313622 1495.982910 27.298279047
36.7254 50000000 85697420 9053386946 99313808 85697420 1397.153809 27.136053085
47.821 50000000 88119103 9882775740 107166478 88119103 1501.130249 27.859728098
35.8247 50000000 84233495 8546476063 100674515 84233495 1357.758484 26.796071053
61.7523 50000000 84493983 11514392036 121897940 84493983 1611.884277 29.227577925
