"Validation time(S)" "Commits" "Aborts" "Val Reads" "Val success" "Val fail" "Energy (J)" "Time(S)"
7.70909 400000 101083 1584989027 166602 101083 377.015747 5.502646923
7.98793 400000 101370 1569568855 166173 101370 368.302185 5.376544952
7.53149 400000 99911 1586545794 166926 99911 371.697937 5.481020927
7.84572 400000 97706 1577973053 167171 97706 373.655823 5.438477993
8.01222 400000 100171 1564570099 165775 100171 373.265991 5.446832180
8.5199 400000 99348 1611957548 170883 99348 376.783386 5.434925079
7.94363 400000 100673 1610216158 169472 100673 375.755493 5.439173937
7.81541 400000 100596 1586062268 167824 100596 373.422363 5.398720026
7.8983 400000 102750 1571420459 165381 102750 368.982544 5.350039005
8.36612 400000 99430 1561206184 164872 99430 370.885620 5.391296864
7.63196 400000 99630 1570054990 166096 99630 370.086060 5.367498875
7.83326 400000 100275 1587874006 167829 100275 371.880310 5.414446831
8.02513 400000 104212 1583984824 166852 104212 373.356018 5.393414974
