"Validation time(S)" "Commits" "Aborts" "Val Reads" "Val success" "Val fail" "Energy (J)" "Time(S)"
0.372543 15000000 116483 47227778 2008053 116483 95.726685 1.620330811
1.7611 15000000 14686 63841991 2633736 14686 113.086426 2.032559156
0.591706 15000000 103126 51961095 2168579 103126 99.606323 1.653622866
1.12786 15000000 28124 54496081 2285087 28124 108.213806 1.961858034
0.945836 15000000 123510 57154734 2346570 123510 102.092407 1.746656895
0.421002 15000000 150595 51478734 2137538 150595 97.275085 1.662194014
0.191467 15000000 52543 35486537 1583435 52543 96.248596 1.670856953
1.3664 15000000 54415 52999724 2216145 54415 106.077637 1.808964014
0.558851 15000000 117576 52207170 2180507 117576 99.320984 1.655231953
0.491362 15000000 90661 46219232 1998338 90661 97.494629 1.626816988
1.18883 15000000 52271 53544284 2269386 52271 105.865479 1.863651991
0.551038 15000000 135937 56928216 2348249 135937 101.961365 1.797409058
0.333382 15000000 145276 52876733 2231361 145276 99.018799 1.789273024
0.680437 15000000 157112 52191331 2172725 157112 98.842468 1.705548048
0.445471 15000000 89299 41981903 1772035 89299 97.625610 1.649772882
0.892012 15000000 118565 54130487 2264161 118565 99.951477 1.685214043
0.518829 15000000 70092 54612952 2335363 70092 100.852844 1.725091934
0.394576 15000000 7675 29542482 1391608 7675 102.513611 2.039772034
0.728735 15000000 23813 51018441 2185473 23813 101.753906 1.734116077
0.484973 15000000 20269 42213431 1835073 20269 100.311768 1.704790831
0.842006 15000000 23668 45760913 1984817 23668 102.845398 1.768233061
0.249948 15000000 36920 37867637 1661406 36920 98.251465 1.645883083
0.328873 15000000 104757 51343468 2209538 104757 99.763611 1.786854029
0.517391 15000000 98472 51581845 2192227 98472 98.972351 1.670645952
0.611258 15000000 73028 59740952 2515822 73028 101.744934 1.704020023
0.221757 15000000 21474 35267510 1611667 21474 95.839050 1.597143173
0.543178 15000000 45454 48477248 2101824 45454 100.268066 1.676067829
0.393331 15000000 97616 56454974 2379366 97616 98.379272 1.620672941
0.707523 15000000 85005 57226341 2402115 85005 101.325989 1.677152872
0.637438 15000000 109188 49706485 2095053 109188 98.411621 1.653566837
