"Validation time(S)" "Commits" "Aborts" "Val Reads" "Val success" "Val fail" "Energy (J)" "Time(S)"
0.022138 25000000 3879 7922402 335228 3879 133.495972 2.364163160
0.020433 25000000 5952 7332734 312485 5952 134.172180 2.396349192
0.022338 25000000 891 7658875 333528 891 132.144592 2.345499039
0.022584 25000000 12484 7433996 318793 12484 129.202454 2.271269083
0.020938 25000000 6385 7008601 309326 6385 128.636353 2.287882090
0.025122 25000000 892 9270789 385769 892 138.082947 2.553865910
0.023042 25000000 8814 7912712 336608 8814 132.127258 2.366861105
0.029194 25000000 47196 8904807 346383 47196 123.154297 2.111444950
0.020904 25000000 9316 7354758 313778 9316 131.722046 2.342509031
0.028284 25000000 28471 9249005 377709 28471 128.072998 2.285646915
0.022835 25000000 6785 7857004 334520 6785 132.970825 2.396423101
0.045745 25000000 11042 7042224 309574 11042 127.678833 2.299983978
0.201777 25000000 17545 9823850 389646 17545 134.972473 2.397205114
0.020603 25000000 8181 6705343 301347 8181 127.882629 2.311949968
0.018142 25000000 5391 6106283 277991 5391 126.855957 2.265869141
0.027675 25000000 16909 8999957 376477 16909 127.720276 2.239078045
0.021105 25000000 10634 6897975 308174 10634 127.103638 2.281594038
0.020936 25000000 10532 7093322 310965 10532 128.383057 2.314572096
0.027775 25000000 5382 9843975 399975 5382 137.186707 2.482632875
0.023163 25000000 17735 7950268 330215 17735 131.243713 2.386205912
0.24524 25000000 38287 9544290 373998 38287 130.702026 2.315932989
0.023053 25000000 7696 7421032 319411 7696 130.767700 2.289180994
0.191997 25000000 6867 9852888 404379 6867 137.369385 2.446637869
0.02688 25000000 18569 8900687 372465 18569 132.513245 2.227020025
0.0212 25000000 7151 7072354 304581 7151 133.203857 2.396214008
0.019115 25000000 4820 6539887 293525 4820 131.296875 2.339751959
0.022335 25000000 10075 7849379 334418 10075 133.847351 2.384989977
0.024209 25000000 2910 8393612 358965 2910 133.159546 2.337218046
0.023126 25000000 12885 8022274 337472 12885 130.614624 2.315644979
0.024116 25000000 15077 8008976 334139 15077 131.302063 2.311646938
