"Validation time(S)" "Commits" "Aborts" "Val Reads" "Val success" "Val fail" "Energy (J)" "Time(S)"
0.030523 25000000 148 5780687 370640 148 83.152405 1.504158020
0.030667 25000000 62 5727440 367171 62 83.603455 1.510181904
0.031883 25000000 668 5686735 364419 668 84.601807 1.549742937
0.040198 25000000 1711 5732114 365944 1711 84.066345 1.524564028
0.032234 25000000 1140 5827113 373163 1140 84.297729 1.531019211
0.031902 25000000 132 5756131 368095 132 84.543457 1.544093132
0.359858 25000000 141 6039239 382742 141 85.131042 1.544931889
0.03224 25000000 1654 5702482 364843 1654 84.217407 1.530228853
0.266661 25000000 1560 5828998 372861 1560 84.566162 1.526257038
0.031553 25000000 311 5772321 370191 311 82.991394 1.486840010
0.030719 25000000 1297 5680714 362410 1297 83.981140 1.516230106
0.031296 25000000 924 5684695 364751 924 83.606873 1.525513887
0.206308 25000000 1651 5775082 370251 1651 85.832642 1.589890003
0.215089 25000000 50 5863231 376354 50 85.743896 1.572807074
0.031494 25000000 387 5738047 368166 387 83.954041 1.533055067
0.031225 25000000 210 5910645 377025 210 84.606384 1.550035000
0.029763 25000000 917 5697017 366285 917 83.914062 1.546797037
0.26606 25000000 423 5854243 375631 423 85.670837 1.573515892
0.031833 25000000 1555 5779584 368012 1555 84.112427 1.515480995
0.132404 25000000 290 5785196 370747 290 83.577881 1.519335985
0.330932 25000000 1647 5937108 379027 1647 85.053711 1.511765003
0.031734 25000000 571 5673793 364509 571 83.445557 1.483083963
0.18391 25000000 96 5956494 379352 96 85.175354 1.502402067
0.073533 25000000 93 5678050 365786 93 85.105896 1.534125090
0.452739 25000000 1609 6058630 383364 1609 87.035217 1.571723938
0.131629 25000000 508 6040416 385918 508 84.674011 1.508471012
0.251834 25000000 818 5912195 375447 818 85.328491 1.542107105
0.11787 25000000 307 5798056 371062 307 84.334351 1.534026146
0.192342 25000000 154 5926463 377931 154 85.016479 1.537523985
0.029669 25000000 557 5737174 370225 557 84.668091 1.521795034
