"Validation time(S)" "Commits" "Aborts" "Val Reads" "Val success" "Val fail" "Energy (J)" "Time(S)"
13.0779 1000000 4003057 411496894 2454551 4003057 685.865784 11.858392954
12.0158 1000000 4023245 413510262 2464545 4023245 684.703735 11.819947004
13.4154 1000000 4014392 412763230 2460949 4014392 688.380371 11.892320156
11.595 1000000 3994389 410632723 2445784 3994389 674.274963 11.761348963
11.9674 1000000 3998428 411264779 2450049 3998428 681.751526 11.802737951
12.0031 1000000 4024033 413640240 2466323 4024033 681.962097 11.744614840
10.191 1000000 3981063 409324442 2436630 3981063 674.787415 11.751137018
12.8131 1000000 4009387 412063976 2450828 4009387 690.815002 11.944252968
11.8006 1000000 3998778 410840578 2446407 3998778 680.533020 11.836503029
11.1301 1000000 4000966 411306020 2451295 4000966 682.129944 11.808434010
12.8861 1000000 4002316 411427446 2452372 4002316 684.679321 11.888361931
11.7055 1000000 3983959 409892196 2443464 3983959 681.680847 11.849213123
12.5536 1000000 4032150 414646075 2469294 4032150 685.915283 11.855960846
12.2996 1000000 3965387 407778153 2427208 3965387 682.582214 11.924994946
13.8263 1000000 4016803 412846391 2461386 4016803 688.367371 11.930922985
9.3775 1000000 3978057 409213076 2440082 3978057 670.794495 11.754998922
11.8727 1000000 3981625 409606244 2437030 3981625 680.152344 11.832682848
10.1047 1000000 4045637 416039111 2479288 4045637 681.967896 11.676707029
11.3337 1000000 4027729 414388010 2467829 4027729 672.302185 11.754763126
10.1076 1000000 4012358 412692041 2459761 4012358 672.703003 11.651500940
11.1185 1000000 4017145 412886467 2458674 4017145 681.401367 11.690241098
11.2883 1000000 3996433 410857058 2447135 3996433 684.834351 11.809206963
11.3928 1000000 4014377 412701438 2457450 4014377 689.912903 11.870446920
10.6882 1000000 4014994 412693347 2457298 4014994 684.505615 11.723024845
11.9536 1000000 3988660 410044805 2439503 3988660 688.411316 11.855862141
11.0581 1000000 3966984 407863618 2425477 3966984 678.618042 11.822759867
12.5287 1000000 3971661 408169317 2423516 3971661 683.919128 11.910027027
12.1827 1000000 3999001 411442937 2452012 3999001 682.125977 11.793447018
12.007 1000000 4031946 414411504 2472500 4031946 684.766541 11.783958912
10.1917 1000000 4002706 411653780 2449094 4002706 678.255676 11.702198029
