"Validation time(S)" "Commits" "Aborts" "Val Reads" "Val success" "Val fail" "Energy (J)" "Time(S)"
3.3613 4096 0 7488825 25564 0 14.287964 0.280028105
5.5059 4096 1 7455520 25600 1 21.855774 0.431903124
7.68484 4096 1 7258028 25490 1 28.536255 0.567489862
5.61228 4096 0 7507622 25604 0 23.062439 0.455464840
4.24124 4096 1 7580681 25798 1 17.968506 0.346312046
4.45537 4096 1 7505250 25631 1 17.915527 0.358910084
6.23628 4096 1 7495864 25745 1 25.478516 0.490431070
2.60542 4096 0 7461388 25742 0 12.144104 0.230552197
6.98878 4096 0 7547613 25746 0 25.587402 0.495135784
5.30154 4096 0 7566787 25689 0 19.958679 0.388063192
5.56141 4096 1 7483309 25418 1 20.675049 0.398838043
4.76816 4096 0 7474213 25729 0 18.842224 0.361799002
6.1793 4096 1 7540248 25617 1 24.366699 0.469323158
4.70972 4096 0 7425674 25406 0 18.580627 0.364411116
4.45717 4096 0 7542923 25833 0 18.150391 0.349803925
4.95482 4096 0 7362625 25280 0 20.551025 0.408713102
4.34009 4096 0 7489014 25532 0 17.171692 0.332373142
4.94839 4096 0 7504314 25598 0 20.546265 0.396863937
5.36368 4096 0 7487347 25550 0 21.910339 0.425448895
5.83211 4096 0 7564816 25382 0 22.506470 0.433921814
5.55551 4096 0 7546755 25759 0 22.485779 0.430932045
5.51278 4096 0 7312001 25641 0 20.734863 0.407325029
4.68302 4096 1 7441605 25383 1 17.944336 0.352013111
