"Validation time(S)" "Commits" "Aborts" "Val Reads" "Val success" "Val fail" "Energy (J)" "Time(S)"
3.59793 4096 0 4447221 27047 0 14.897095 0.295634031
4.096 4096 0 4380879 26502 0 16.068420 0.318434954
5.20889 4096 0 4456859 27099 0 20.261658 0.395161867
7.10885 4096 0 4517879 26893 0 27.805725 0.548511028
5.35708 4096 0 4552685 27060 0 20.350403 0.392649889
4.52695 4096 0 4564363 26979 0 18.604614 0.365639925
4.80934 4096 1 4503199 26853 1 18.777771 0.379426003
4.12858 4096 0 4532505 26898 0 16.688538 0.321608067
6.56536 4096 0 4501643 26706 0 24.792358 0.495819092
6.82627 4096 0 4541229 26800 0 25.564636 0.502274990
1.23763 4096 0 4523705 27075 0 5.844849 0.114611149
4.33542 4096 0 4538094 26963 0 16.929565 0.330311060
5.03768 4096 0 4567372 27159 0 19.996887 0.395864964
4.10472 4096 0 4536856 26995 0 16.725952 0.324985981
3.12065 4096 0 4535926 26884 0 12.974609 0.258023024
5.60924 4096 0 4596505 27053 0 23.287842 0.467763186
5.98399 4096 0 4563212 27158 0 23.787109 0.468396187
6.26751 4096 0 4556829 26929 0 24.204468 0.477629900
5.01617 4096 0 4567263 27001 0 20.389282 0.404790163
4.35853 4096 0 4542430 27002 0 17.459229 0.342929125
5.55448 4096 0 4520014 26961 0 22.716614 0.452803850
3.73368 4096 0 4542941 27136 0 16.040466 0.313860893
5.57895 4096 0 4554156 27093 0 21.494934 0.422029972
