"Validation time(S)" "Commits" "Aborts" "Val Reads" "Val success" "Val fail" "Energy (J)" "Time(S)"
137.288 4194304 342 7884424259 23075229 342 800.397095 15.470387936
141.733 4194304 346 7829922601 22996899 346 813.366882 15.659777880
130.077 4194304 340 7799870558 22922152 340 772.867493 14.940922976
148.194 4194304 328 7668779425 22609257 328 838.082642 16.414842129
139.493 4194304 305 7726023729 22734495 305 814.634705 15.922565937
147.415 4194304 347 7631991998 22532488 347 842.046631 16.527540207
148.779 4194304 361 7686502397 22675199 361 846.428101 16.479375839
138.747 4194304 335 7695114984 22678517 335 810.517639 15.771799803
145.209 4194304 302 7625628249 22517954 302 842.091064 16.487778902
141.307 4194304 295 7761274183 22806719 295 826.750244 16.049818993
149.05 4194304 320 7781732303 22902470 320 845.253235 16.362665176
134.888 4194304 307 7644760393 22515852 307 801.028992 15.685956001
142.141 4194304 334 7666159711 22575184 334 828.492188 16.197135925
133.352 4194304 322 7759244246 22806613 322 788.286438 15.348100901
149.811 4194304 302 7621228308 22486689 302 855.993042 16.712127924
147.516 4194304 296 7755272022 22765617 296 844.338745 16.326885939
143.838 4194304 327 7727142244 22724800 327 827.240051 16.147716999
144.391 4194304 342 7687644146 22620681 342 834.070007 16.301816940
139.041 4194304 270 7705995418 22648408 270 806.890259 15.729970932
149.428 4194304 325 7745917052 22837440 325 846.376465 16.433654070
145.667 4194304 371 7689197982 22676608 371 838.308533 16.367251873
140.535 4194304 344 7703070750 22652866 344 820.457886 16.033933878
144.682 4194304 352 7750858515 22815722 352 836.202515 16.252398968
