"Validation time(S)" "Commits" "Aborts" "Val Reads" "Val success" "Val fail" "Energy (J)" "Time(S)"
0.285927 4096 7 6369984 23922 7 3.052124 0.065549850
0.475712 4096 10 6362111 23936 10 3.788696 0.094118118
0.199129 4096 11 6279266 24032 11 1.675659 0.032603025
0.084304 4096 11 6241102 23357 11 0.812500 0.017721176
0.070563 4096 8 6369067 23690 8 2.051453 0.054437876
0.287945 4096 6 6185414 23445 6 2.866821 0.060201168
0.585696 4096 8 6129607 23226 8 3.314209 0.065941811
0.037034 4096 6 6426163 23872 6 1.073425 0.021616936
0.411156 4096 10 6311299 23767 10 3.411987 0.068909883
0.30114 4096 12 6349076 23898 12 2.344238 0.046447992
0.371676 4096 9 6288085 23755 9 3.659302 0.080083132
0.305181 4096 9 6365053 23794 9 2.480896 0.048851967
0.526262 4096 9 6339058 24004 9 3.689636 0.074450016
0.155754 4096 7 6361781 23748 7 1.962646 0.038084984
0.821711 4096 10 6306259 23769 10 4.769470 0.105931997
0.271264 4096 7 6367558 23788 7 2.730286 0.070435047
0.499563 4096 8 6391660 23957 8 4.466370 0.086122990
0.061157 4096 12 6308923 23586 12 0.671570 0.014643192
0.372725 4096 10 6351191 23659 10 2.179321 0.041846991
0.575091 4096 11 6302819 23445 11 3.398376 0.073458195
0.326399 4096 6 6389401 24016 6 2.554321 0.050164938
0.335199 4096 7 6364013 23822 7 2.923279 0.064705849
0.522576 4096 5 6304233 23624 5 4.569031 0.096241951
