"Validation time(S)" "Commits" "Aborts" "Val Reads" "Val success" "Val fail" "Energy (J)" "Time(S)"
153.381 4194304 75 4857011829 25686188 75 757.262146 14.444222927
150.167 4194304 89 4875270509 25811643 89 744.840332 14.074615955
142.844 4194304 73 4850786759 25724027 73 724.633850 13.716730118
154.687 4194304 77 4760696288 25255850 77 774.859558 14.807746172
155.093 4194304 71 4835164887 25637060 71 756.853333 14.306281090
153.527 4194304 87 4775378707 25334015 87 761.423889 14.425624132
167.284 4194304 90 4789992945 25418157 90 819.106018 15.569077969
157.071 4194304 90 4779688055 25364115 90 778.174377 14.823261976
162.827 4194304 91 4802985337 25472571 91 801.460632 15.163239002
155.964 4194304 90 4839118195 25598706 90 772.178101 14.599521875
156.074 4194304 82 4781357985 25371202 82 770.965149 14.685588121
146.975 4194304 85 4792815481 25450896 85 739.434326 14.050511122
156.803 4194304 80 4774006867 25282051 80 777.279175 14.766243935
136.894 4194304 87 4815377319 25499653 87 699.913391 13.342071056
148.746 4194304 68 4841887696 25639133 68 737.855347 13.929865122
159.603 4194304 85 4735339877 25178811 85 790.306152 15.139070988
153.235 4194304 98 4770310047 25276393 98 761.898621 14.503333092
146.564 4194304 80 4840975218 25652390 80 732.465210 13.809245825
162.529 4194304 67 4719986123 25057964 67 799.912476 15.231102943
156.852 4194304 78 4728697148 25144751 78 781.654358 14.976830959
149.061 4194304 106 4854882543 25684182 106 740.062500 13.947889090
148.197 4194304 85 4821652600 25564966 85 746.386047 14.204658985
146.334 4194304 71 4806936199 25498006 71 737.188660 13.938565016
