"Validation time(S)" "Commits" "Aborts" "Val Reads" "Val success" "Val fail" "Energy (J)" "Time(S)"
0.363194 4096 3 3768411 25968 3 3.180115 0.067018032
0.105148 4096 0 3689993 26050 0 0.904480 0.019179821
0.245207 4096 1 3632714 25359 1 2.322266 0.052576065
0.626723 4096 3 3762892 26105 3 3.886963 0.076099873
0.025866 4096 2 3759389 26115 2 0.942566 0.020040035
0.600812 4096 3 3678260 25576 3 3.462524 0.070442200
0.615801 4096 3 3737450 25837 3 4.278992 0.089388847
0.446063 4096 1 3741620 25848 1 3.337830 0.088469982
0.195022 4096 4 3703703 25762 4 2.020325 0.047363043
0.184638 4096 1 3666888 25477 1 1.407349 0.027729988
0.412041 4096 0 3788567 26325 0 3.588440 0.073105812
0.464158 4096 1 3756789 26039 1 3.675903 0.074663162
0.354444 4096 5 3766200 26016 5 2.900818 0.059589863
0.245524 4096 4 3771987 26172 4 2.469116 0.049284935
0.444488 4096 1 3766941 26117 1 2.514160 0.050399065
0.439897 4096 1 3740928 25933 1 3.283997 0.065674067
0.262798 4096 0 3765887 26137 0 2.595764 0.054926157
0.25532 4096 2 3778556 26104 2 3.003540 0.064357996
0.646309 4096 1 3774970 26073 1 5.183228 0.114129066
0.464659 4096 1 3788743 26293 1 3.936218 0.092615843
0.370539 4096 0 3718255 26011 0 2.754272 0.056342840
0.48279 4096 4 3759568 26065 4 3.227417 0.063708067
0.737344 4096 5 3784709 26130 5 5.052673 0.109118938
