"Validation time(S)" "Commits" "Aborts" "Val Reads" "Val success" "Val fail" "Energy (J)" "Time(S)"
0.164452 14358 1074 7037860 23865 1074 3.862793 0.054045916
0.014916 14294 1217 7428494 24901 1217 3.076355 0.038586855
0.087594 14271 1119 7086734 24197 1119 3.241699 0.038822889
0.800722 14329 1120 7330513 24912 1120 7.377808 0.129974842
0.264152 14395 1109 7062084 23646 1109 4.325745 0.070482016
0.395548 14210 1108 7652991 25873 1108 4.515503 0.063240051
0.234444 14417 1257 7667247 26390 1257 3.991394 0.050403118
0.014614 14438 1138 7654844 25117 1138 2.642761 0.021398067
0.013986 14233 1132 7353366 24642 1132 2.569153 0.024688959
0.215325 14243 1083 6921145 23625 1083 4.110718 0.060131073
0.090979 14497 1226 7163877 24759 1226 3.517578 0.047405005
0.309267 14223 1153 7642562 25702 1153 4.422119 0.060615063
0.456698 14293 1030 7817843 25176 1030 5.002014 0.072049856
0.073662 14386 1205 7598734 25321 1205 3.227600 0.044177055
0.48377 14317 1154 6924786 23310 1154 5.287537 0.094003916
0.014923 14282 1130 7754374 25584 1130 2.629700 0.023952007
0.27561 14428 1225 8121082 26790 1225 4.560730 0.066200972
0.277785 14395 1264 7915079 26005 1264 3.903259 0.047874928
0.135113 14399 1156 7796108 25954 1156 3.252625 0.036662817
0.012045 14258 987 6324621 21714 987 3.460144 0.066039085
0.286171 14301 1076 7501596 25620 1076 3.981079 0.049922943
0.120722 14304 1208 7626588 25623 1208 3.234497 0.034283876
0.015048 14428 1184 8068646 26718 1184 2.592102 0.021147966
