"Validation time(S)" "Commits" "Aborts" "Val Reads" "Val success" "Val fail" "Energy (J)" "Time(S)"
28.2351 2670753 210891 1373923373 4960928 210891 519.463501 6.416069031
28.1719 2670608 209902 1356676889 4951966 209902 514.587708 6.378904104
26.5325 2672668 211568 1361740298 4973513 211568 508.225220 6.164658070
28.5391 2671769 212351 1382458717 5015954 212351 518.597107 6.415619135
24.6044 2671195 210257 1378219640 4966055 210257 502.686340 5.995638132
29.0286 2669712 210885 1376624884 4970361 210885 524.969727 6.440897942
26.4905 2670975 210449 1378479269 4977086 210449 517.909973 6.110342979
25.8094 2670302 209906 1387629237 4979990 209906 502.452576 6.007506847
32.2212 2672704 210781 1374099994 4980520 210781 537.722778 6.745321989
32.6101 2671519 209947 1358817297 4965654 209947 543.934753 6.890015125
28.5799 2671770 210383 1374907424 4998828 210383 520.074829 6.442158937
31.1856 2671473 211349 1373171717 4980410 211349 527.447021 6.552431822
28.1363 2671802 210598 1372402413 5016754 210598 511.801086 6.211386919
28.2588 2670670 209754 1372358204 4974340 209754 521.470825 6.413150072
28.1582 2671487 210529 1367047555 4977461 210529 520.249146 6.442192078
25.3889 2668270 208568 1369773877 4980150 208568 504.125916 6.056015968
32.7605 2671564 210600 1373413142 4982968 210600 538.088989 6.726037025
30.4815 2671447 210129 1365921953 4940418 210129 534.195068 6.754620075
28.6008 2674559 211534 1376911461 5011562 211534 514.424805 6.292317152
28.4095 2671108 210189 1369405740 5001884 210189 516.098572 6.335340023
24.7725 2671586 210427 1374314636 4978854 210427 499.770569 6.014872074
29.4346 2669606 209996 1372138219 4979565 209996 518.301025 6.342720032
28.8107 2669340 208945 1376428674 4955632 208945 524.023560 6.513883829
