"Validation time(S)" "Commits" "Aborts" "Val Reads" "Val success" "Val fail" "Energy (J)" "Time(S)"
0.003882 5510 753 1772659 7051 753 1.219788 0.036298990
0.004358 5527 775 1926319 7554 775 1.227539 0.038079023
0.00428 5469 807 2242973 8613 807 0.560547 0.009511232
0.004322 5458 780 2320177 9139 780 0.494934 0.008260012
0.004172 5606 839 2121585 8534 839 1.032410 0.023831844
0.004335 5412 751 2262356 9010 751 0.545349 0.009154081
0.092629 5559 769 2106039 8180 769 1.196533 0.022302151
0.00431 5560 780 1900862 7686 780 0.580872 0.010302067
0.004091 5382 727 2105203 8186 727 0.807556 0.021327972
0.004155 5501 802 2246261 8691 802 0.511658 0.008558035
0.004274 5461 765 2180380 8487 765 0.487122 0.008181095
0.004196 5451 769 2113934 8537 769 0.475830 0.008054972
0.004191 5294 645 2158565 7987 645 0.535522 0.008989096
0.003896 5439 791 2079213 8069 791 0.534119 0.009526968
0.00392 5444 824 2009739 8266 824 0.900696 0.024985075
0.004269 5340 772 2256534 8984 772 0.547546 0.011178970
0.094557 5527 785 2155076 8633 785 1.987488 0.055964947
0.003507 5432 705 1787451 7119 705 0.575317 0.011812210
0.004215 5511 823 2205577 8696 823 0.567261 0.010339022
0.004199 5396 767 2300276 9008 767 0.539429 0.008780003
0.003286 5435 743 1714986 7024 743 0.890930 0.027348995
0.004221 5551 808 2139078 8559 808 0.910156 0.025748014
0.003701 5453 781 1886218 7490 781 0.558228 0.012234926
