"Validation time(S)" "Commits" "Aborts" "Val Reads" "Val success" "Val fail" "Energy (J)" "Time(S)"
0.000515 21853 28720 110800 16492 0 2.102539 0.034179211
0.000571 21853 615318 110060 16400 0 2.249146 0.036110163
0.000555 21853 27715 110454 16464 0 2.106079 0.034178972
0.000547 21853 42372 110658 16452 0 2.111206 0.033861876
0.000565 21853 28803 111056 16544 0 2.107422 0.034290075
0.000516 21853 28142 110432 16442 0 2.123657 0.033694983
0.000568 21853 27694 110730 16452 0 2.094360 0.033284187
0.000583 21853 29147 110849 16505 0 2.159546 0.034621954
0.000561 21853 28183 110183 16397 0 2.189026 0.035087109
0.000518 21853 27130 111109 16513 0 2.140869 0.034581900
0.00053 21853 28874 110823 16467 0 2.117676 0.033864975
0.000534 21853 28335 109973 16313 0 2.150391 0.034641027
0.000548 21853 27498 108788 16202 0 2.135132 0.035163879
0.000513 21853 27870 111523 16531 0 2.113342 0.033711910
0.00058 21853 29305 110890 16474 0 2.129028 0.033869982
0.000563 21853 27465 110980 16468 0 2.098145 0.034415007
0.000519 21853 27869 110238 16361 1 2.321655 0.036669970
0.000554 21853 29213 110988 16518 0 2.087708 0.033676147
0.000552 21853 29338 110906 16490 0 2.084778 0.033320904
0.000546 21853 29012 110847 16473 0 2.102539 0.033588171
0.000544 21853 27768 110550 16458 0 2.083130 0.032929182
0.00057 21853 28806 110991 16473 0 2.093506 0.034564018
0.00052 21853 29073 111173 16523 0 2.112122 0.034046888
0.000564 21853 28298 110807 16469 0 2.084167 0.033344984
0.000559 21853 28177 110934 16470 0 2.134583 0.033742905
0.000529 21853 28921 110654 16436 0 2.082703 0.033267975
0.000546 21853 27617 110765 16481 0 2.098328 0.034388065
0.000541 21853 29160 110455 16435 0 2.121460 0.033635855
0.000567 21853 27405 110842 16504 0 2.135376 0.035169125
0.000543 21853 27600 110962 16534 0 2.111389 0.033636093
0.000547 21853 28919 111012 16488 0 2.123596 0.035332918
