"Validation time(S)" "Commits" "Aborts" "Val Reads" "Val success" "Val fail" "Energy (J)" "Time(S)"
1.9e-05 2738 907 4925 1013 0 0.289612 0.006883860
7.5e-05 2738 3074 9500 2000 0 0.221619 0.005720139
4.7e-05 2738 2792 8181 1717 0 0.228821 0.005310059
5.4e-05 2738 6785 9456 1987 1 0.204224 0.004317999
6.5e-05 2738 3459 9674 2034 0 0.213013 0.004583836
4.9e-05 2738 3405 8973 1889 0 0.224121 0.005757093
6.8e-05 2738 3142 9507 1995 0 0.247620 0.004456043
5.3e-05 2738 2774 9362 1958 0 0.257202 0.005671978
4.6e-05 2738 3549 9774 2037 1 0.205505 0.004476070
6e-05 2738 2805 9348 1964 0 0.349060 0.009757042
5.4e-05 2738 3252 9488 2012 0 0.226196 0.005183935
6.8e-05 2738 3053 9728 2032 0 0.245911 0.005015135
5.5e-05 2738 3139 9485 1981 0 0.245239 0.004829168
5.5e-05 2738 3146 9587 2007 0 0.212341 0.004530191
6.5e-05 2738 3392 9628 2020 0 0.202271 0.004697800
7e-05 2738 2994 9733 2037 0 0.241821 0.004563093
6e-05 2738 3181 9600 2016 0 0.234192 0.005013943
6.4e-05 2738 3288 9307 1955 0 0.224670 0.005859852
6e-05 2738 3412 9630 2022 0 0.235168 0.005328894
6.5e-05 2738 3172 9524 1980 0 0.250977 0.005012035
6.3e-05 2738 3428 9464 1984 0 0.209167 0.004189968
5.4e-05 2738 3421 9717 2049 0 0.229065 0.005584002
5.9e-05 2738 2681 8932 1876 0 0.246277 0.005901098
7e-05 2738 2993 9181 1941 0 0.250000 0.005721092
5.3e-05 2738 3156 9377 1973 0 0.221191 0.005648136
5.7e-05 2738 3091 9595 2007 0 0.253296 0.004284859
6.1e-05 2738 2766 8864 1856 0 0.227966 0.005203009
6.5e-05 2738 3531 9627 2015 0 0.249756 0.004974127
6.3e-05 2738 3292 9569 1997 0 0.242554 0.004925966
5.5e-05 2738 2930 9493 1977 0 0.174988 0.003793001
5.3e-05 2738 2882 9431 1983 0 0.267578 0.005871773
