"Validation time(S)" "Commits" "Aborts" "Val Reads" "Val success" "Val fail" "Energy (J)" "Time(S)"
0.000592 21853 196854 115030 17206 0 0.972656 0.014503002
0.000582 21853 183703 114896 17204 0 0.879639 0.013195992
0.000625 21853 190596 115107 17277 0 0.929688 0.013683081
0.00058 21853 187663 113990 17024 0 0.920105 0.014578819
0.000598 21853 188792 113701 16993 0 0.922974 0.014377832
0.000597 21853 184181 115059 17193 0 0.931458 0.013242006
0.000618 21853 182496 114954 17154 0 0.904053 0.013966084
0.000576 21853 183429 115086 17214 0 0.947754 0.013901949
0.000532 21853 180232 112949 16871 0 0.914124 0.014288902
0.000623 21853 183930 115032 17196 0 0.947998 0.013775110
0.00056 21853 185693 114943 17227 0 0.935059 0.013414145
0.000607 21853 184634 114723 17157 0 0.922791 0.013894081
0.000568 21853 180257 115025 17213 0 0.960693 0.013675213
0.00061 21853 183771 114486 17136 0 0.971863 0.014288902
0.000607 21853 183525 114884 17192 0 0.892334 0.013340950
0.00057 21853 185521 115083 17235 0 0.937500 0.013560057
0.000558 21853 186554 114440 17120 0 0.925903 0.013555050
0.000574 21853 184317 114986 17192 0 0.922729 0.013493061
0.000593 21853 191223 115069 17197 0 0.945618 0.013582945
0.00059 21853 186286 114951 17193 0 0.954956 0.013267040
0.000607 21853 183971 115017 17223 0 0.962891 0.014569044
0.000591 21853 183793 114995 17147 0 0.896484 0.013269901
0.000585 21853 185429 115126 17200 0 0.916016 0.013877869
0.000587 21853 186710 114981 17163 0 0.904114 0.012883902
0.000588 21853 190796 115188 17231 1 0.933411 0.013682127
0.000583 21853 186921 115076 17198 0 0.931396 0.013874054
0.000628 21853 186662 114957 17163 0 0.951782 0.013296127
0.000605 21853 188491 115061 17201 0 0.947021 0.013795853
0.000614 21853 185679 114926 17186 0 0.920776 0.013804913
0.0006 21853 188244 115075 17221 0 0.899536 0.013890028
0.000607 21853 187359 115061 17200 1 0.904236 0.013463974
