"Validation time(S)" "Commits" "Aborts" "Val Reads" "Val success" "Val fail" "Energy (J)" "Time(S)"
0.00251 87389 955969 591283 68275 0 76.953979 1.232498884
0.002582 87389 933955 591095 68127 0 77.330017 1.236919880
0.002514 87389 954659 591015 68167 0 77.054749 1.229114056
0.002738 87389 988503 591275 68211 0 76.824341 1.226119995
0.002505 87389 945360 591506 68194 0 77.471924 1.236900091
0.002518 87389 941938 591515 68267 0 77.577515 1.239000797
0.002607 87389 950392 591769 68289 0 77.758179 1.243846893
0.002491 87389 956054 589813 68053 0 76.444275 1.222349167
0.002505 87389 955083 590418 68122 0 76.495544 1.223017931
0.002608 87389 933455 591919 68343 0 76.247192 1.218679190
0.002528 87389 925973 591452 68260 0 76.537170 1.223412037
0.002679 87389 891497 591571 68259 0 76.829773 1.227901936
0.002504 87389 914812 590167 68087 0 76.373840 1.220766068
0.002503 87389 936455 591491 68251 0 76.262207 1.218523979
0.002564 87389 907458 591521 68209 0 77.067566 1.226876974
0.002575 87389 912206 591583 68287 0 76.505554 1.222202063
0.002553 87389 933568 591690 68250 0 76.460815 1.222130060
0.002392 87389 924613 591825 68329 0 76.312012 1.218137980
0.002657 87389 949822 591691 68251 0 77.417114 1.239442110
0.002487 87389 931928 591840 68304 0 76.423035 1.222880125
0.002612 87389 940871 591500 68196 0 77.749817 1.242006063
0.002615 87389 957956 591085 68181 0 77.508362 1.238403082
0.002522 87389 932536 591419 68171 0 76.481201 1.222132921
0.002598 87389 925904 591250 68161 1 76.577209 1.226073980
0.002668 87389 956363 591278 68254 0 77.481140 1.238090038
0.002528 87389 939527 591768 68344 0 76.442749 1.220691919
0.002547 87389 925049 591778 68290 0 76.374207 1.221576929
0.002566 87389 912900 591990 68373 1 76.929138 1.229567051
0.002646 87389 943943 591433 68281 0 77.522949 1.240183830
0.00251 87389 940087 591671 68247 0 76.351990 1.221910000
0.002578 87389 933250 591551 68255 0 76.442505 1.220808983
