"Validation time(S)" "Commits" "Aborts" "Val Reads" "Val success" "Val fail" "Energy (J)" "Time(S)"
0.000548 1034 79 125034 597 0 519.769287 8.858362913
0.000515 1034 101 127340 621 0 545.497314 9.378273010
0.000559 1034 98 128644 618 0 533.541748 9.169396162
0.000545 1034 109 125086 601 0 522.123901 8.848014832
0.000537 1034 78 125902 597 0 517.666931 8.769003868
0.000557 1034 78 125318 597 0 518.511780 8.778975964
0.000525 1034 77 125860 595 0 511.039734 8.761101007
0.000556 1034 85 126175 602 0 529.343689 9.017946005
0.000549 1034 82 125382 600 2 515.425659 8.784026861
0.000545 1034 80 125051 597 0 520.857910 8.835286140
0.000571 1034 116 128625 634 0 556.683838 9.563242912
0.000566 1034 95 128166 610 2 530.103577 9.117459059
0.000541 1034 75 125200 594 0 518.461914 8.776830912
0.000563 1034 109 127459 621 2 544.628845 9.212713003
0.000555 1034 84 124765 602 0 527.455811 8.924134970
0.000534 1034 79 125098 596 0 519.606262 8.788899183
0.000573 1034 79 124733 598 0 519.820312 8.793590069
0.000546 1034 81 125338 599 2 519.308167 8.806023836
0.000543 1034 78 125291 596 1 511.604248 8.754841089
0.00056 1034 109 127099 625 1 549.591248 9.338032007
0.000538 1034 102 128208 621 0 544.622070 9.284215927
0.000539 1034 75 125007 594 0 515.487976 8.755187035
0.000536 1034 122 128574 635 2 555.891418 9.573586941
0.000587 1034 117 128078 637 0 562.376343 9.546030998
0.000548 1034 76 125823 594 0 515.472839 8.738867044
0.000534 1034 85 125197 603 0 521.812561 8.923126936
0.000564 1034 79 125338 600 0 520.568909 8.819607973
0.000542 1034 79 125734 595 1 513.376160 8.757492065
0.000542 1034 77 125815 596 0 514.822632 8.791098118
0.000537 1034 77 125437 595 1 514.011292 8.757556915
0.000522 1034 75 124972 594 0 516.253845 8.753771067
