"Validation time(S)" "Commits" "Aborts" "Val Reads" "Val success" "Val fail" "Energy (J)" "Time(S)"
0.596682 15000000 7713723 306028418 8431173 6669 101.821350 1.624799013
0.596504 15000000 7726674 304595444 8380857 6651 100.839905 1.618917942
0.60592 15000000 7691059 307355250 8442434 5944 101.058838 1.623584986
0.593946 15000000 7724228 305000306 8378862 3772 102.084290 1.631156921
0.597803 15000000 7691214 306514832 8419910 4730 101.545593 1.626201153
0.598649 15000000 7706704 306142005 8423571 4571 101.251038 1.622016907
0.600062 15000000 7698698 306225427 8423841 5732 101.515686 1.625430822
0.593985 15000000 7722927 305581653 8411938 5759 102.234985 1.624637842
0.596461 15000000 7769779 304722835 8386357 5421 101.753845 1.626114130
0.593865 15000000 7718766 305086337 8384022 5684 101.595459 1.619602203
0.600675 15000000 7692896 305722995 8419392 5186 101.602722 1.621505976
0.595463 15000000 7718752 305962947 8413263 6365 101.135620 1.615432024
0.597426 15000000 7771408 304886341 8404530 6739 101.335632 1.625290155
0.601212 15000000 7578662 308247821 8440451 6523 101.317505 1.607601881
0.596266 15000000 7658510 304935263 8413170 4544 101.681580 1.616969109
0.59555 15000000 7780223 305649477 8424559 5341 101.313354 1.619954109
0.598252 15000000 7712343 306395636 8426548 5367 101.867371 1.623764038
0.600825 15000000 7706552 305999971 8401137 5664 100.969849 1.621351957
0.602732 15000000 7655449 306843256 8438034 5425 101.374695 1.613902092
0.599343 15000000 7720360 305308922 8415726 6720 101.435059 1.625288010
