"Validation time(S)" "Commits" "Aborts" "Val Reads" "Val success" "Val fail" "Energy (J)" "Time(S)"
0.101357 25000000 966377 49483547 1527177 3874 80.839661 1.233012915
0.100269 25000000 1050900 49299289 1524665 4788 81.069885 1.243072033
0.100582 25000000 1003576 49065699 1511802 2975 80.360657 1.241307974
0.09971 25000000 981538 49195621 1520714 3672 80.243103 1.234023094
0.102232 25000000 952835 49705896 1532358 2649 79.773743 1.227294922
0.102247 25000000 948847 49832391 1533658 2834 79.606018 1.224855900
0.099892 25000000 1007081 48922126 1508512 2863 81.307251 1.242040157
0.099852 25000000 1006606 49171931 1519629 3085 80.103394 1.238214016
0.101535 25000000 952226 49798428 1536621 3720 79.938171 1.227886915
0.103488 25000000 981743 50128388 1550106 3204 79.698425 1.225540161
0.101677 25000000 976202 49308252 1513507 5061 79.988220 1.233726025
0.100105 25000000 979903 49240939 1520322 3749 79.971497 1.233458042
0.101787 25000000 977356 49331750 1517724 2954 80.482422 1.240793943
0.102704 25000000 974697 49631081 1526661 5830 80.296387 1.229492188
0.101735 25000000 1029486 49530209 1523292 2768 80.486145 1.240113974
0.099321 25000000 1041748 48580113 1486763 2488 81.010254 1.249974966
0.101597 25000000 1004173 49381640 1518186 3130 81.266968 1.240361214
0.101237 25000000 979040 49600510 1527075 3524 79.909485 1.232821941
0.099929 25000000 984103 48963626 1505609 2620 80.216553 1.234754801
0.100795 25000000 989269 49329614 1520793 3783 80.196960 1.237566948
