"Validation time(S)" "Commits" "Aborts" "Val Reads" "Val success" "Val fail" "Energy (J)" "Time(S)"
0.623622 15000000 9506837 325106255 8516886 1376 133.780457 2.076559067
0.625277 15000000 9486725 327889855 8585140 1957 133.614319 2.069641113
0.625672 15000000 9493596 327087808 8532899 2666 134.699585 2.068577051
0.621174 15000000 9495718 328260395 8580088 2306 134.532837 2.067970037
0.623536 15000000 9503712 326926583 8573113 2132 133.487305 2.069122076
0.624036 15000000 9517416 327121506 8574404 1646 134.661499 2.076449871
0.623318 15000000 9528986 326411099 8550443 1508 134.465271 2.076283932
0.624722 15000000 9502407 326525710 8543397 1567 134.136780 2.071464062
0.636287 15000000 9530067 327856369 8559365 3857 134.172852 2.079620123
0.629878 15000000 9558813 327355922 8577324 2248 134.691650 2.077617168
0.623976 15000000 9533758 327136145 8562539 1520 134.086609 2.075251102
0.628749 15000000 9500536 327576371 8569507 1380 134.445862 2.076868057
0.626997 15000000 9503798 326999971 8545031 1622 134.085144 2.081333160
0.623911 15000000 9501032 327074336 8564162 2173 133.308594 2.066253185
0.628282 15000000 9554939 328001169 8579319 1977 135.128174 2.076830149
0.62611 15000000 9526235 327023783 8560797 1254 134.416504 2.080277920
0.624003 15000000 9525479 327219097 8576708 1636 134.656250 2.075263977
0.621318 15000000 9507876 326904824 8561996 2348 134.764099 2.072323084
0.630154 15000000 9621923 326444438 8534578 5082 133.515015 2.070441008
0.629602 15000000 9503136 327815593 8571116 1552 134.589355 2.076303959
