"Validation time(S)" "Commits" "Aborts" "Val Reads" "Val success" "Val fail" "Energy (J)" "Time(S)"
0.000938 47277 175 45954 45954 0 0.499817 0.019370079
0.000959 47281 172 45951 45951 0 0.473755 0.017704964
0.000897 47279 224 46580 46580 0 0.456482 0.014808893
0.000889 47279 336 46791 46791 0 0.459106 0.016055107
0.000919 47275 166 45559 45559 0 0.487427 0.018795013
0.000886 47275 176 45912 45912 0 0.455322 0.016634941
0.000887 47279 181 46324 46324 0 0.511292 0.018915892
0.000894 47277 206 45734 45734 0 0.500305 0.018334150
0.000894 47279 171 46081 46081 0 0.455566 0.016320944
0.00093 47277 180 45868 45868 0 0.493103 0.017621994
0.001019 47281 1226 45976 45976 0 0.500000 0.019578934
0.00091 47277 137 46063 46063 0 0.437988 0.016024113
0.000916 47281 166 46146 46146 0 0.471436 0.017688036
0.000898 47281 193 45845 45845 0 0.489258 0.017951012
0.000907 47279 183 45944 45944 0 0.490723 0.017709017
0.000906 47277 171 45730 45730 0 0.500366 0.017853022
0.000862 47277 155 45674 45674 0 0.486572 0.017139912
0.00092 47281 182 46541 46541 0 0.482910 0.017199039
0.000926 47281 170 45622 45622 0 0.456909 0.017089128
0.000917 47277 203 45997 45997 0 0.470154 0.017515898
0.000851 47277 149 45712 45712 0 0.468140 0.015856981
0.00094 47275 146 45994 45994 0 0.472412 0.017361164
0.000933 47277 162 46103 46103 0 0.495483 0.018102884
0.000891 47281 194 45891 45891 0 0.487305 0.017930031
0.000912 47281 202 46142 46142 0 0.445862 0.015524149
0.000891 47281 203 46010 46010 0 0.485840 0.018429041
0.000955 47281 188 46738 46738 0 0.468384 0.017345190
0.00089 47277 156 45872 45872 0 0.446472 0.015266895
0.000934 47279 176 45900 45900 0 0.476929 0.017526150
0.000878 47281 196 45981 45981 0 0.457031 0.016613960
0.000929 47281 166 45792 45792 0 0.489868 0.018256903
