"Validation time(S)" "Commits" "Aborts" "Val Reads" "Val success" "Val fail" "Energy (J)" "Time(S)"
0.015735 10000 285530 4058580 33775 4651 7.439758 0.121927023
0.015633 10000 285857 4034323 33707 4772 7.547729 0.121710062
0.015553 10000 279675 4005745 33249 4581 7.398376 0.118646860
0.015648 10000 286090 4059015 33822 4696 7.414001 0.122018099
0.015522 10000 284851 4024963 33520 4559 7.508057 0.121311903
0.01588 10000 294497 4066990 34058 4700 7.734619 0.125292063
0.015851 10000 292804 4090678 34166 4978 7.588196 0.124261141
0.015534 10000 286815 4058668 33824 4675 7.447815 0.121762037
0.015616 10000 284611 4005613 33289 4685 7.437012 0.121411800
0.015826 10000 287726 4065361 33989 4713 7.592224 0.122440100
0.015747 10000 287285 4061903 33861 4715 7.460266 0.122281075
0.015743 10000 288192 4057532 33835 4845 7.592651 0.122696877
0.015774 10000 288303 4035726 33649 4787 7.517578 0.122982979
0.01523 10000 274871 3975851 32982 4417 7.202148 0.118471861
0.015564 10000 284416 4037673 33695 4651 7.399231 0.121272087
0.015788 10000 288164 4072008 33952 4767 7.567261 0.122339964
0.015839 10000 292399 4069443 33965 4739 7.672119 0.123310804
0.015874 10000 291865 4087301 34265 4773 7.533630 0.123796940
0.015663 10000 283509 4028685 33562 4638 7.398926 0.121358156
0.015421 10000 281465 3983612 33143 4577 7.381897 0.121452093
