"Validation time(S)" "Commits" "Aborts" "Val Reads" "Val success" "Val fail" "Energy (J)" "Time(S)"
1.71175 4194304 29053 1177940882 4198842 4266 165.848450 2.836502075
1.71723 4194304 30298 1177622249 4197779 4375 166.536865 2.837530136
1.71311 4194304 27071 1176754165 4194807 4361 167.200745 2.854050875
1.71523 4194304 36363 1176965913 4195522 4178 166.533020 2.849635124
1.70902 4194304 25455 1177592461 4197573 4330 166.234253 2.825275898
1.71172 4194304 25864 1177698601 4198058 4328 165.415344 2.824443817
1.7128 4194304 26211 1178639054 4201118 4348 165.737915 2.818952084
1.71236 4194304 26232 1177923857 4198769 4229 165.804199 2.822122097
1.71045 4194304 25295 1178380332 4200418 4325 165.161499 2.816704988
1.71962 4194304 26919 1178472977 4200794 4247 166.009766 2.819058895
1.70941 4194304 28073 1178206488 4199868 4581 166.250061 2.814083099
1.71663 4194304 28078 1178167179 4199604 4601 165.217041 2.817489147
1.71988 4194304 25934 1178280042 4200085 4273 166.560364 2.834492922
1.71858 4194304 25145 1178213792 4199720 4280 166.038635 2.821595907
1.71659 4194304 26806 1178317566 4200238 4346 165.820190 2.821480989
1.71138 4194304 26326 1177636038 4197789 4390 166.775879 2.834794998
1.71395 4194304 26555 1178661353 4201431 4520 165.610535 2.817692995
1.71041 4194304 25095 1177843829 4198539 4194 166.586670 2.824217081
1.7177 4194304 28042 1178379859 4200474 4143 166.227478 2.818997145
1.72212 4194304 30476 1178218628 4199719 4703 165.483154 2.820794106
1.72061 4194304 26265 1177837156 4198571 4347 166.875793 2.833376884
1.71479 4194304 25192 1178350843 4200203 4267 167.062622 2.820306063
1.70907 4194304 25354 1178271467 4199862 4438 166.063843 2.819090128
1.71371 4194304 27993 1178684574 4201383 4713 165.427917 2.812810898
1.71406 4194304 26351 1178515047 4200970 4216 166.842957 2.821707964
1.71552 4194304 27937 1177352018 4196873 4275 166.726990 2.830514193
1.71655 4194304 27659 1178139972 4199494 4722 165.814209 2.824159861
1.71258 4194304 26438 1176800537 4194709 4542 167.167847 2.846703053
1.71622 4194304 25731 1178260724 4200114 4198 166.463989 2.823339939
1.71808 4194304 26391 1178808365 4201687 4336 166.341736 2.816871881
1.71578 4194304 28657 1178785240 4201603 4598 166.727234 2.826164007
