"Validation time(S)" "Commits" "Aborts" "Val Reads" "Val success" "Val fail" "Energy (J)" "Time(S)"
0.001668 4096 20 1156858 4141 0 0.250427 0.005165815
0.001681 4096 14 1151590 4125 3 0.240173 0.005265951
0.001696 4096 40 1153560 4133 3 0.260864 0.005316019
0.001675 4096 32 1153177 4132 1 0.219055 0.004843950
0.001705 4096 31 1187019 4221 3 0.216919 0.004153013
0.001664 4096 17 1159442 4150 2 0.213196 0.004824877
0.001679 4096 11 1158739 4144 6 0.208374 0.005113125
0.001681 4096 7 1157943 4149 0 0.224304 0.004137993
0.001656 4096 12 1151078 4130 2 0.229309 0.004495859
0.001723 4096 12 1166155 4164 3 0.229004 0.004822969
0.001709 4096 18 1169207 4175 2 0.241516 0.005349874
0.001656 4096 17 1151786 4128 4 0.206421 0.005162954
0.001706 4096 19 1152061 4125 2 0.247864 0.005501986
0.00169 4096 10 1152999 4129 1 0.257324 0.004961967
0.001618 4096 29 1171890 4178 4 0.219849 0.004446983
0.001747 4096 19 1155737 4141 1 0.215027 0.005111933
0.001682 4096 55 1158263 4147 2 0.231812 0.004083872
0.001718 4096 29 1182693 4212 7 0.214722 0.004853964
0.001681 4096 89 1189487 4221 6 0.223328 0.004298925
0.001701 4096 38 1181198 4212 3 0.206238 0.004915953
0.001701 4096 18 1171695 4180 2 0.211060 0.004472971
0.001666 4096 16 1161249 4157 4 0.186646 0.004066944
0.00165 4096 22 1166865 4170 3 0.211975 0.004750013
0.001701 4096 19 1157739 4146 3 0.261597 0.004831076
0.001681 4096 21 1168168 4175 1 0.212891 0.004920959
0.001669 4096 11 1157083 4144 1 0.259644 0.004961014
0.001651 4096 25 1148507 4120 2 0.256165 0.005007982
0.00163 4096 14 1156057 4140 0 0.216675 0.004240036
0.001695 4096 17 1145734 4110 2 0.259521 0.005262136
0.001701 4096 15 1160955 4154 6 0.214966 0.004685163
0.001712 4096 35 1175846 4188 0 0.236267 0.004447937
