"Validation time(S)" "Commits" "Aborts" "Val Reads" "Val success" "Val fail" "Energy (J)" "Time(S)"
0.001886 4096 55 1119589 4163 1 0.145264 0.002768040
0.001893 4096 70 1142300 4216 6 0.136230 0.002625942
0.001883 4096 31 1107758 4113 2 0.203491 0.003641129
0.002013 4096 54 1115145 4134 10 0.167236 0.003603935
0.001918 4096 74 1122663 4158 7 0.169678 0.002912998
0.001858 4096 33 1106982 4120 1 0.151062 0.003355026
0.001939 4096 37 1119837 4155 4 0.174561 0.002676010
0.001969 4096 40 1119258 4154 10 0.149475 0.003320217
0.001899 4096 64 1118476 4153 5 0.161865 0.003519058
0.001863 4096 28 1120156 4152 2 0.155151 0.003342867
0.001847 4096 35 1106615 4122 6 0.169800 0.003155947
0.001857 4096 25 1107600 4118 1 0.155884 0.003585100
0.00194 4096 53 1133467 4200 7 0.133057 0.002638102
0.00185 4096 27 1108087 4115 4 0.171875 0.003293991
0.001805 4096 40 1112356 4136 3 0.122864 0.002657175
0.001881 4096 29 1105657 4117 1 0.169250 0.003519058
0.001873 4096 28 1112957 4128 4 0.113892 0.002658129
0.001856 4096 38 1098527 4096 4 0.177856 0.003556967
0.001899 4096 32 1104121 4120 4 0.164978 0.003545046
0.001909 4096 44 1107935 4124 2 0.120056 0.003257990
0.0019 4096 51 1120464 4159 6 0.149170 0.003623009
0.001902 4096 51 1117596 4142 5 0.175293 0.003560066
0.001865 4096 76 1125096 4171 5 0.158691 0.003354073
0.001943 4096 63 1135850 4201 9 0.123535 0.002600908
0.00187 4096 36 1112202 4129 3 0.160339 0.003468037
0.001997 4096 71 1151767 4254 6 0.142456 0.002555132
0.001845 4096 41 1110109 4123 5 0.202148 0.003692865
0.001808 4096 48 1119136 4149 4 0.142578 0.002724171
0.001903 4096 39 1116727 4156 2 0.160645 0.003212929
0.001875 4096 51 1130488 4196 3 0.152161 0.002560854
0.001933 4096 41 1126168 4168 4 0.160461 0.003173828
