"Validation time(S)" "Commits" "Aborts" "Val Reads" "Val success" "Val fail" "Energy (J)" "Time(S)"
0.160719 25000000 37417 14836452 497295 3089 102.241943 1.688601017
0.202214 25000000 25429 15208870 520629 7276 100.483032 1.658871174
0.034896 25000000 33709 15744103 534904 12113 99.170776 1.618623972
0.078998 25000000 25428 14160630 480024 5491 102.498108 1.688717127
0.103813 25000000 15478 14549773 493395 6593 94.842224 1.539973974
0.157928 25000000 23931 15118729 517608 6645 104.241394 1.731611967
0.128285 25000000 24661 14776580 501542 6083 93.824097 1.508135080
0.152746 25000000 12871 14970173 512348 7487 95.662598 1.587095976
0.112312 25000000 10021 14651778 506999 7160 96.177612 1.553224087
0.084414 25000000 55285 16340666 549487 11720 99.279358 1.655793905
0.255445 25000000 39824 14241759 484091 6543 111.802551 1.872287035
0.078311 25000000 8053 13928646 468824 2605 97.263062 1.614711046
0.057343 25000000 24474 15067294 513824 7205 91.978760 1.486536980
0.104368 25000000 9404 14771890 501341 5939 104.005615 1.747005224
0.125964 25000000 19609 13868303 466727 3353 97.479736 1.592527866
0.24862 25000000 23792 14736065 500970 6634 103.692383 1.734777927
0.132469 25000000 46281 14886863 505293 5524 105.368164 1.748285055
0.104916 25000000 29595 14963000 508590 6253 102.557129 1.714882135
0.161782 25000000 41138 15156402 513303 10972 98.881531 1.624545813
0.209786 25000000 17434 13722794 459921 3227 103.247253 1.736510038
