"Validation time(S)" "Commits" "Aborts" "Val Reads" "Val success" "Val fail" "Energy (J)" "Time(S)"
0.107048 25000000 277383 22919434 585242 2884 166.827515 2.764917850
0.191253 25000000 143879 25285324 647292 5123 168.964966 2.820419073
0.119762 25000000 116902 26694999 680973 4695 170.466309 2.850962877
0.161469 25000000 195749 21913243 558491 3809 169.297913 2.886895895
0.267359 25000000 138062 27061584 690749 6480 169.557495 2.837457180
0.109942 25000000 169680 20486331 522931 1163 169.531677 2.809100866
0.118039 25000000 143074 22597740 574578 3178 169.712952 2.831948042
0.167417 25000000 189157 25405605 650663 4159 168.813232 2.806783199
0.216712 25000000 142667 19927820 508281 906 170.380981 2.835278988
0.209877 25000000 111548 22034615 560855 3611 175.993225 3.014667988
0.250433 25000000 119637 25076266 640464 4051 168.964172 2.796700001
0.089569 25000000 89278 22014605 561004 4104 166.224121 2.817312956
0.190034 25000000 84415 20422287 516876 2752 170.411682 2.876214981
0.118304 25000000 97625 29092623 746239 5589 165.183044 2.719662905
0.09858 25000000 166612 23009837 587158 3935 166.334229 2.775256872
0.189228 25000000 149091 23867343 608563 4085 166.865540 2.828634977
0.144926 25000000 143971 22133539 565368 1809 167.595825 2.796461821
0.265546 25000000 147308 22199519 564674 3600 168.285156 2.811066151
0.126528 25000000 171733 24263955 619773 3946 163.796936 2.747973919
0.210585 25000000 211204 22826994 583060 2992 168.280884 2.837476969
