"Validation time(S)" "Commits" "Aborts" "Val Reads" "Val success" "Val fail" "Energy (J)" "Time(S)"
0.00016 9984 58 40419 2022 53 5.925354 0.132359982
0.000139 9984 51 33518 1675 46 5.817871 0.134312868
0.000124 9984 62 29311 1469 58 6.709595 0.145797014
8.4e-05 9984 64 20440 1025 61 11.711426 0.264623165
0.000131 9984 39 28637 1438 38 3.893921 0.089688063
0.00013 9984 76 32805 1633 72 7.651062 0.165354013
0.000141 9984 48 34738 1735 46 6.718140 0.161831141
8.2e-05 9984 68 20040 1002 60 6.821716 0.144819021
0.000152 9984 50 31064 1557 49 7.124512 0.161000967
9.3e-05 9984 68 23487 1171 66 7.766968 0.171383142
7.6e-05 9984 66 17548 876 65 9.030029 0.195655823
0.000108 9984 52 24125 1210 50 8.546326 0.182476044
0.000104 9984 64 24001 1205 61 10.129272 0.211616039
0.000138 9984 2 32589 1630 2 0.747009 0.017462015
8e-05 9984 72 18616 931 66 8.746582 0.187011003
0.000105 9984 72 26301 1310 67 6.872620 0.169852018
0.000125 9984 79 22788 1145 75 9.349121 0.213778973
0.00011 9984 59 24062 1203 56 8.830872 0.197465897
0.012079 9984 62 24163 1213 57 8.731140 0.191580057
8.7e-05 9984 50 19679 986 50 6.990173 0.143779039
