"Validation time(S)" "Commits" "Aborts" "Val Reads" "Val success" "Val fail" "Energy (J)" "Time(S)"
4.77457 1000000 4209327 388019592 2088790 2576725 2456.900696 45.368613958
5.09812 1000000 4184561 386178112 2079806 2561532 2362.044373 43.974495173
4.71391 1000000 4186325 386399343 2079979 2562140 2422.569214 45.269047976
4.78588 1000000 4213073 388773357 2094582 2577161 2407.764709 44.928627968
4.34013 1000000 4196211 386780210 2083894 2564863 2388.594177 44.340650082
4.58595 1000000 4196726 387351958 2086469 2569242 2316.537292 42.461838961
4.37669 1000000 4176414 386007810 2077735 2560054 2456.562866 45.299911976
4.09181 1000000 4178426 385917190 2076655 2559105 2440.519104 44.986732960
4.47659 1000000 4181572 385790009 2075146 2561391 2402.278748 44.522998095
4.17718 1000000 4180800 385850739 2078581 2556721 2423.546509 45.050863981
4.86275 1000000 4201249 387212969 2083204 2571387 2378.315125 44.293072939
4.44426 1000000 4169106 385413806 2073133 2557618 2501.199097 46.372333050
4.35821 1000000 4194773 386795873 2082582 2566632 2438.083069 45.272829056
4.13084 1000000 4174390 385584078 2075698 2555096 2397.130127 44.593845844
4.72627 1000000 4201346 387763081 2087502 2575805 2425.438232 44.892709017
4.00716 1000000 4187771 386811554 2081423 2566379 2392.951355 44.595896006
4.12475 1000000 4211097 388514520 2093490 2577903 2450.422791 45.082407951
4.33673 1000000 4188413 386692513 2080961 2567172 2426.160095 44.729660034
4.06044 1000000 4197401 386900047 2084293 2569086 2434.576965 45.254261017
4.57812 1000000 4181523 386285771 2078452 2563754 2439.268127 45.017984867
