"Validation time(S)" "Commits" "Aborts" "Val Reads" "Val success" "Val fail" "Energy (J)" "Time(S)"
0.0649 1000000 701 4777086 239052 668 58.535278 0.942733049
0.064276 1000000 741 4670249 233721 716 62.116333 1.024182081
0.031823 1000000 624 4678334 234099 592 57.726868 0.932940006
0.040665 1000000 728 4781056 239249 698 60.465454 0.966599941
0.088414 1000000 737 4721930 236293 709 65.805420 1.109406948
0.064626 1000000 736 4771722 238784 706 62.641479 1.011044979
0.064379 1000000 775 4699537 235143 750 60.608887 0.989952087
0.041074 1000000 728 4876573 243993 695 60.903015 0.986419916
0.0889 1000000 703 4868820 243651 674 58.409546 0.940819979
0.056956 1000000 768 4834572 241912 739 62.246277 1.012568951
0.040264 1000000 780 4685173 234473 744 64.472595 1.072304964
0.040359 1000000 770 4703222 235363 730 62.029358 1.012765884
0.040884 1000000 790 4814856 240911 756 61.939941 1.026029110
0.040268 1000000 773 4710789 235738 747 62.826050 1.031306982
0.136291 1000000 871 4626847 231493 840 67.938477 1.162145138
0.040467 1000000 815 4708953 235638 774 61.614685 1.012106895
0.040214 1000000 797 4690352 234695 761 61.513245 0.989251852
0.040455 1000000 719 4766479 238525 688 61.817871 1.002859831
0.112251 1000000 806 4662317 233289 779 62.829529 1.036857843
0.088493 1000000 821 4715528 235979 780 65.220764 1.094072819
