"Validation time(S)" "Validation time(S) CPU" "Validation time(S) GPU" "Commits" "Aborts" "Val Reads" "CPU Val Reads" "GPU Val Reads" "Wasted Val Reads" "GPU employment times" "Val success" "Val fail" "Snapshot ext. calls" "Energy (J)" "Time(S)"
0.000497 0.000442 0.000203 26 12 159332 94820 64512 48005693 12 12 0 12 344.114502 9.551000000
0.000951 0.000893 0.000281 26 12 254417 189905 64512 47777532 12 12 0 12 343.850403 9.553000000
0.001037 0.000984 0.000254 26 15 290224 225712 64512 47852725 12 11 0 12 347.258850 9.619000000
0.000973 0.000914 0.000254 26 12 263343 198831 64512 47788464 12 12 0 12 345.734558 9.568000000
0.000759 0.000700 0.000278 26 12 214293 149781 64512 47894083 12 12 0 12 346.877991 9.595000000
0.000954 0.000895 0.000265 26 13 252757 188245 64512 46739556 12 11 0 12 324.911011 9.025000000
0.000822 0.000767 0.000261 26 12 234132 169620 64512 47889845 12 12 0 12 349.405396 9.623000000
0.000720 0.000666 0.000235 26 12 232636 168124 64512 47907432 12 12 0 12 345.739807 9.564000000
0.000617 0.000563 0.000253 26 13 183427 118915 64512 47972405 12 11 0 12 347.862183 9.668000000
0.001049 0.000991 0.000257 26 12 278285 213773 64512 47864862 12 12 0 12 343.898254 9.564000000
0.000399 0.000346 0.000260 26 13 137120 72608 64512 47971906 12 12 0 12 343.730286 9.541000000
0.001160 0.001105 0.000256 26 13 305413 240901 64512 47861570 12 11 0 12 347.427917 9.626000000
0.000391 0.000338 0.000229 26 12 135551 71039 64512 47637299 12 12 0 12 334.601929 9.339000000
0.000790 0.000733 0.000260 26 12 242028 177516 64512 47793720 12 12 0 12 343.435242 9.573000000
0.001063 0.001004 0.000272 26 12 278295 213783 64512 47845021 12 12 0 12 345.693726 9.624000000
0.001050 0.000994 0.000280 26 13 265443 200931 64512 47756266 12 11 0 12 345.354004 9.677000000
0.000867 0.000808 0.000268 26 12 250950 186438 64512 47870370 12 12 0 12 341.456970 9.639000000
0.000735 0.000683 0.000247 26 12 215919 151407 64512 47822368 12 12 0 12 341.112732 9.506000000
0.000758 0.000704 0.000258 26 12 215866 151354 64512 47907354 12 12 0 12 348.964478 9.609000000
0.000723 0.000668 0.000287 26 12 210042 145530 64512 47906293 12 12 0 12 342.105042 9.528000000
0.000698 0.000647 0.000260 26 12 205559 141047 64512 47910041 12 12 0 12 341.371887 9.644000000
0.000749 0.000695 0.000280 26 12 213571 149059 64512 47900596 12 12 0 12 346.316162 9.629000000
0.000758 0.000708 0.000259 26 12 214838 150326 64512 47953810 12 12 0 12 345.496704 9.620000000
0.000633 0.000581 0.000258 26 14 187903 123391 64512 47951591 12 11 0 12 347.214661 9.653000000
0.000882 0.000832 0.000233 26 12 244940 180428 64512 47777061 12 12 0 12 344.443726 9.549000000
0.000775 0.000722 0.000259 26 13 221304 156792 64512 47884831 12 11 0 12 340.941284 9.525000000
0.000820 0.000768 0.000243 26 12 232957 168445 64512 47550175 12 12 0 12 338.457092 9.434000000
0.000407 0.000351 0.054011 26 13 137880 73368 64512 48023616 12 11 0 12 344.652771 9.613000000
0.001134 0.001080 0.000286 26 13 299811 235299 64512 47799421 12 11 0 12 346.240601 9.633000000
0.001008 0.000956 0.000268 26 12 275881 211369 64512 47833306 12 12 0 12 341.683044 9.627000000
0.000726 0.000670 0.000264 26 12 201453 136941 64512 47907757 12 12 0 12 347.471985 9.661000000
0.000593 0.000540 0.000256 26 13 177695 113183 64512 47992009 12 11 0 12 345.764160 9.600000000
0.000789 0.000735 0.000261 26 13 224100 159588 64512 47923217 12 11 0 12 348.605713 9.659000000
