"Validation time(S)" "Validation time(S) CPU" "Validation time(S) GPU" "Commits" "Aborts" "Val Reads" "CPU Val Reads" "GPU Val Reads" "Wasted Val Reads" "GPU employment times" "Val success" "Val fail" "Snapshot ext. calls" "Energy (J)" "Time(S)"
0.004338 0.004086 0.000000 4603 728 1188453 1188453 0 0 0 1975 0 0 172.257690 5.114000000
0.004264 0.004015 0.000000 4802 860 1209491 1209491 0 0 0 2008 0 0 177.486816 5.113000000
0.004247 0.004013 0.000000 4597 880 1174908 1174908 0 0 0 1861 0 0 172.504211 5.131000000
0.004181 0.003939 0.000000 4701 726 1219676 1219676 0 0 0 2052 0 0 179.804077 5.133000000
0.003991 0.003785 0.000000 4602 1271 1160401 1160401 0 0 0 1571 0 0 178.550171 5.132000000
0.004205 0.003980 0.000000 4807 877 1198263 1198263 0 0 0 2025 0 0 177.604248 5.112000000
0.004227 0.004012 0.000000 4657 1080 1207795 1207795 0 0 0 1763 0 0 178.545837 5.111000000
0.003952 0.003732 0.000000 4602 852 1147593 1147593 0 0 0 1906 0 0 178.384705 5.132000000
0.004274 0.004035 0.000000 4867 830 1208170 1208170 0 0 0 2072 0 0 178.377075 5.126000000
0.004208 0.003958 0.000000 4597 802 1143791 1143791 0 0 0 1928 0 0 178.199158 5.124000000
0.004148 0.003928 0.000000 4724 1007 1197252 1197252 0 0 0 1839 0 0 180.363281 5.119000000
0.004212 0.003977 0.000000 4602 1096 1186828 1186828 0 0 0 1717 0 0 173.378235 5.127000000
0.004053 0.003842 0.000000 4655 1125 1189867 1189867 0 0 0 1732 0 0 176.910278 5.126000000
0.004146 0.003913 0.000000 4602 688 1194930 1194930 0 0 0 2031 0 0 176.825439 5.130000000
0.004255 0.004000 0.000000 4701 681 1201188 1201188 0 0 0 2088 0 0 178.239502 5.140000000
0.004138 0.003900 0.000000 4647 811 1174776 1174776 0 0 0 1970 0 0 177.008545 5.123000000
0.004032 0.003799 0.000000 4600 735 1174234 1174234 0 0 0 1990 0 0 176.538513 5.124000000
0.004151 0.003930 0.000000 4655 887 1197399 1197399 0 0 0 1916 0 0 177.232117 5.130000000
0.004174 0.003922 0.000000 4655 596 1185371 1185371 0 0 0 2144 0 0 177.635010 5.142000000
0.004159 0.003956 0.000000 4718 1152 1216622 1216622 0 0 0 1751 0 0 177.612244 5.136000000
0.004080 0.003841 0.000000 4631 729 1165176 1165176 0 0 0 1999 0 0 176.444336 5.124000000
0.004225 0.003992 0.000000 4662 851 1204744 1204744 0 0 0 1929 0 0 178.127502 5.132000000
0.004173 0.003948 0.000000 4602 820 1188890 1188890 0 0 0 1922 0 0 176.974426 5.130000000
0.004241 0.004004 0.000000 4789 965 1208823 1208823 0 0 0 1935 0 0 181.638733 5.143000000
0.004246 0.004019 0.000000 4727 1132 1213790 1213790 0 0 0 1773 0 0 177.670166 5.136000000
0.004096 0.003889 0.000000 4597 922 1174605 1174605 0 0 0 1867 0 0 178.184326 5.141000000
0.004134 0.003884 0.000000 4724 869 1183601 1183601 0 0 0 1948 0 0 176.862915 5.123000000
0.004090 0.003873 0.000000 4701 1310 1168576 1168576 0 0 0 1608 0 0 176.908936 5.132000000
0.004012 0.003798 0.000000 4603 1054 1167736 1167736 0 0 0 1747 0 0 177.017517 5.124000000
0.004249 0.004001 0.000000 4806 855 1202328 1202328 0 0 0 2006 0 0 177.215576 5.133000000
0.004164 0.003937 0.000000 4727 1061 1172423 1172423 0 0 0 1817 0 0 178.432556 5.132000000
0.004227 0.003977 0.000000 4597 845 1192076 1192076 0 0 0 1897 0 0 179.507629 5.126000000
0.004176 0.003945 0.000000 4655 813 1208132 1208132 0 0 0 1958 0 0 178.749084 5.128000000
