"Validation time(S)" "Validation time(S) CPU" "Validation time(S) GPU" "Commits" "Aborts" "Val Reads" "CPU Val Reads" "GPU Val Reads" "Wasted Val Reads" "GPU employment times" "Val success" "Val fail" "Snapshot ext. calls" "Energy (J)" "Time(S)"
0.004096 0.003888 0.000000 4529 1235 1184353 1184353 0 0 0 1586 0 0 178.661499 5.130000000
0.004070 0.003848 0.000000 4655 796 1168828 1168828 0 0 0 1959 0 0 179.037231 5.131000000
0.004124 0.003893 0.000000 4614 1038 1177200 1177200 0 0 0 1760 0 0 178.003723 5.116000000
0.004383 0.004127 0.000000 4602 600 1213927 1213927 0 0 0 2081 0 0 173.154663 5.116000000
0.004097 0.003869 0.000000 4676 851 1159767 1159767 0 0 0 1931 0 0 178.412964 5.121000000
0.004137 0.003905 0.000000 4718 810 1185946 1185946 0 0 0 1995 0 0 178.957214 5.124000000
0.004094 0.003886 0.000000 4602 989 1196899 1196899 0 0 0 1775 0 0 177.972046 5.119000000
0.004186 0.003992 0.000000 4530 1226 1177165 1177165 0 0 0 1585 0 0 178.597656 5.113000000
0.004412 0.004204 0.000000 4718 1089 1258328 1258328 0 0 0 1760 0 0 181.267090 5.125000000
0.004169 0.003917 0.000000 4676 640 1172677 1172677 0 0 0 2103 0 0 176.778687 5.114000000
0.004188 0.003964 0.000000 4655 980 1174145 1174145 0 0 0 1840 0 0 177.347595 5.114000000
0.004228 0.003974 0.000000 4727 796 1208839 1208839 0 0 0 2013 0 0 177.090393 5.134000000
0.004216 0.003978 0.000000 4602 768 1195808 1195808 0 0 0 1969 0 0 177.533264 5.129000000
0.004215 0.003981 0.000000 4701 624 1207156 1207156 0 0 0 2113 0 0 177.255188 5.125000000
0.004165 0.003935 0.000000 4597 893 1213246 1213246 0 0 0 1877 0 0 176.567322 5.128000000
0.004141 0.003905 0.000000 4701 936 1188798 1188798 0 0 0 1902 0 0 177.611450 5.147000000
0.004119 0.003887 0.000000 4602 968 1173635 1173635 0 0 0 1809 0 0 177.954956 5.141000000
0.004236 0.004010 0.000000 4529 572 1159689 1159689 0 0 0 2062 0 0 177.503296 5.132000000
0.004093 0.003889 0.000000 4701 1027 1188540 1188540 0 0 0 1813 0 0 177.275085 5.131000000
0.004175 0.003951 0.000000 4637 820 1203041 1203041 0 0 0 1942 0 0 176.945618 5.128000000
0.004127 0.003911 0.000000 4702 860 1191083 1191083 0 0 0 1957 0 0 175.999268 5.126000000
0.004155 0.003963 0.000000 4676 1496 1203867 1203867 0 0 0 1448 0 0 177.591980 5.137000000
0.004155 0.003898 0.000000 4602 750 1169869 1169869 0 0 0 1989 0 0 177.900574 5.136000000
0.004188 0.003936 0.000000 4602 676 1199104 1199104 0 0 0 2028 0 0 177.705139 5.127000000
0.004071 0.003855 0.000000 4676 1398 1162666 1162666 0 0 0 1534 0 0 177.572388 5.142000000
0.004197 0.003983 0.000000 4597 1081 1152945 1152945 0 0 0 1714 0 0 172.424561 5.129000000
0.004076 0.003849 0.000000 4597 888 1182312 1182312 0 0 0 1872 0 0 177.770874 5.132000000
0.004161 0.003946 0.000000 4727 1271 1186450 1186450 0 0 0 1663 0 0 177.271545 5.124000000
0.004179 0.003971 0.000000 4603 1162 1209218 1209218 0 0 0 1649 0 0 177.836304 5.125000000
0.004206 0.003961 0.000000 4655 771 1208704 1208704 0 0 0 1989 0 0 176.369080 5.126000000
0.004138 0.003913 0.000000 4727 1249 1177246 1177246 0 0 0 1695 0 0 177.617920 5.137000000
0.004098 0.003856 0.000000 4701 877 1152264 1152264 0 0 0 1934 0 0 179.085510 5.141000000
0.004191 0.003959 0.000000 4724 1041 1191401 1191401 0 0 0 1843 0 0 177.569336 5.123000000
