"Validation time(S)" "Validation time(S) CPU" "Validation time(S) GPU" "Commits" "Aborts" "Val Reads" "CPU Val Reads" "GPU Val Reads" "Wasted Val Reads" "GPU employment times" "Val success" "Val fail" "Snapshot ext. calls" "Energy (J)" "Time(S)"
0.001057 0.001004 0.000251 26 12 283741 219229 64512 47833235 12 12 0 12 342.167419 9.534000000
0.001106 0.001052 0.000270 26 14 285415 220903 64512 47808215 12 10 0 12 341.845947 9.622000000
0.000805 0.000750 0.000251 26 13 229051 164539 64512 47812299 12 12 0 12 341.072205 9.492000000
0.000973 0.000921 0.000265 26 13 264501 199989 64512 47838611 12 11 0 12 345.742249 9.562000000
0.000876 0.000823 0.000221 26 13 239214 174702 64512 47785523 12 11 0 12 342.704102 9.554000000
0.000686 0.000628 0.000241 26 15 208310 143798 64512 47899276 12 11 0 12 345.307983 9.608000000
0.000850 0.000794 0.000238 26 12 236160 171648 64512 47983147 12 12 0 12 346.172852 9.586000000
0.000772 0.000718 0.000239 26 12 224085 159573 64512 47890749 12 12 0 12 353.544189 9.690000000
0.000940 0.000885 0.000278 26 12 255371 190859 64512 47785921 12 12 0 12 344.033447 9.563000000
0.001051 0.000999 0.000237 26 12 301082 236570 64512 47471650 12 12 0 12 338.938477 9.407000000
0.000784 0.000727 0.000215 26 12 225063 160551 64512 47887069 12 12 0 12 350.350342 9.645000000
