"Validation time(S)" "Validation time(S) CPU" "Validation time(S) GPU" "Commits" "Aborts" "Val Reads" "CPU Val Reads" "GPU Val Reads" "Wasted Val Reads" "GPU employment times" "Val success" "Val fail" "Snapshot ext. calls" "Energy (J)" "Time(S)"
0.000847 0.000791 0.000252 26 12 239272 174760 64512 47874377 12 12 0 12 344.859741 9.564000000
0.000708 0.000655 0.000240 26 12 201070 136558 64512 47902313 12 12 0 12 347.025208 9.632000000
0.000685 0.000632 0.000261 26 13 202347 137835 64512 47927912 12 11 0 12 345.690308 9.633000000
0.000801 0.000746 0.000249 26 12 254031 189519 64512 47787650 12 12 0 12 344.942383 9.598000000
0.000873 0.000816 0.000251 26 12 243589 179077 64512 47788099 12 12 0 12 345.361694 9.550000000
0.000923 0.000867 0.000257 26 12 256514 192002 64512 46729471 12 12 0 12 319.239807 9.035000000
0.000461 0.000404 0.000264 26 12 148562 84050 64512 47968524 12 12 0 12 345.304993 9.602000000
0.000741 0.000687 0.000280 26 12 225548 161036 64512 47892452 12 12 0 12 346.614502 9.604000000
0.001101 0.001045 0.000260 26 13 283160 218648 64512 47829674 12 11 0 12 344.916382 9.604000000
0.000953 0.000897 0.000231 26 13 267989 203477 64512 47777816 12 12 0 12 344.656189 9.553000000
0.000967 0.000914 0.000239 26 13 265869 201357 64512 47849736 12 11 0 12 347.127563 9.613000000
0.001069 0.001018 0.000268 26 13 280514 216002 64512 47767537 12 11 0 12 342.395020 9.567000000
0.000803 0.000750 0.000253 26 12 226816 162304 64512 47891604 12 12 0 12 346.823730 9.639000000
0.001097 0.001043 0.000261 26 13 295357 230845 64512 47810865 12 11 0 12 343.929382 9.613000000
0.000935 0.000881 0.000285 26 12 253906 189394 64512 47938683 12 12 0 12 344.169189 9.613000000
0.000548 0.000492 0.000253 26 12 174283 109771 64512 47853500 12 12 0 12 343.947388 9.600000000
0.000921 0.000866 0.000261 26 12 253092 188580 64512 47777116 12 12 0 12 351.366272 9.698000000
0.000563 0.000509 0.000261 26 12 175306 110794 64512 47933071 12 12 0 12 345.383911 9.607000000
0.000911 0.000855 0.000265 26 12 250199 185687 64512 47859426 12 12 0 12 344.801270 9.640000000
0.001130 0.001076 0.000285 26 12 295458 230946 64512 47816564 12 12 0 12 342.453003 9.586000000
0.000398 0.000344 0.000253 26 12 134071 69559 64512 47994652 12 12 0 12 342.005310 9.551000000
0.000861 0.000806 0.000239 26 12 241612 177100 64512 47873237 12 12 0 12 347.998230 9.662000000
0.000976 0.000922 0.000252 26 12 257518 193006 64512 47881017 12 12 0 12 345.649780 9.624000000
0.000864 0.000809 0.000263 26 12 240110 175598 64512 47863141 12 12 0 12 347.755676 9.609000000
0.000801 0.000750 0.000249 26 12 230146 165634 64512 47943057 12 12 0 12 345.555237 9.616000000
0.001059 0.001008 0.000257 26 13 289603 225091 64512 47870632 12 11 0 12 344.612122 9.572000000
0.001005 0.000950 0.000240 26 12 270861 206349 64512 47848610 12 12 0 12 344.321472 9.542000000
0.000513 0.000462 0.000258 26 12 180470 115958 64512 47929950 12 12 0 12 346.898193 9.669000000
0.000571 0.000519 0.000258 26 12 174792 110280 64512 47938986 12 12 0 12 346.813721 9.637000000
0.000454 0.000401 0.000255 26 12 148070 83558 64512 47630726 12 12 0 12 338.142700 9.443000000
0.000692 0.000639 0.000269 26 12 206400 141888 64512 47912361 12 12 0 12 345.164612 9.627000000
0.000477 0.000426 0.000281 26 12 154105 89593 64512 47957891 12 12 0 12 347.440247 9.524000000
0.001049 0.000998 0.000284 26 12 283097 218585 64512 47830774 12 12 0 12 345.520081 9.620000000
