"Validation time(S)" "Validation time(S) CPU" "Validation time(S) GPU" "Commits" "Aborts" "Val Reads" "CPU Val Reads" "GPU Val Reads" "Wasted Val Reads" "GPU employment times" "Val success" "Val fail" "Snapshot ext. calls" "Energy (J)" "Time(S)"
0.004102 0.003867 0.000000 4727 890 1182315 1182315 0 0 0 1912 0 0 179.140503 5.132000000
0.004249 0.003988 0.000000 4650 664 1187036 1187036 0 0 0 2048 0 0 178.375854 5.115000000
0.004155 0.003952 0.000000 4701 1039 1189985 1189985 0 0 0 1819 0 0 177.467896 5.125000000
0.004165 0.003950 0.000000 4597 988 1192286 1192286 0 0 0 1814 0 0 178.854431 5.116000000
0.004207 0.003959 0.000000 4655 649 1202061 1202061 0 0 0 2055 0 0 178.570557 5.131000000
0.004112 0.003884 0.000000 4701 685 1184405 1184405 0 0 0 2061 0 0 178.922852 5.119000000
0.004125 0.003933 0.000000 4655 1516 1196434 1196434 0 0 0 1430 0 0 177.831299 5.125000000
0.004166 0.003911 0.000000 4676 886 1204834 1204834 0 0 0 1929 0 0 178.413452 5.125000000
0.004186 0.003923 0.000000 4700 709 1176742 1176742 0 0 0 2064 0 0 178.119812 5.113000000
0.004277 0.004043 0.000000 4655 1027 1196447 1196447 0 0 0 1791 0 0 172.337708 5.123000000
0.004047 0.003821 0.000000 4597 1165 1180127 1180127 0 0 0 1652 0 0 177.635620 5.122000000
0.004146 0.003917 0.000000 4602 717 1171064 1171064 0 0 0 1992 0 0 178.402649 5.128000000
0.004178 0.003950 0.000000 4676 664 1171201 1171201 0 0 0 2075 0 0 176.626892 5.125000000
0.004175 0.003936 0.000000 4749 722 1196125 1196125 0 0 0 2081 0 0 177.465393 5.125000000
0.004075 0.003849 0.000000 4676 944 1170322 1170322 0 0 0 1883 0 0 177.427246 5.139000000
0.004079 0.003865 0.000000 4701 906 1180963 1180963 0 0 0 1920 0 0 177.417114 5.122000000
0.004087 0.003872 0.000000 4602 999 1195328 1195328 0 0 0 1800 0 0 178.028870 5.139000000
0.004197 0.003945 0.000000 4655 965 1196073 1196073 0 0 0 1876 0 0 180.151245 5.139000000
0.004151 0.003927 0.000000 4701 849 1200765 1200765 0 0 0 1961 0 0 176.711121 5.125000000
0.004092 0.003868 0.000000 4789 896 1191618 1191618 0 0 0 1962 0 0 177.561951 5.141000000
0.004184 0.003972 0.000000 4597 1080 1152163 1152163 0 0 0 1754 0 0 171.853394 5.139000000
0.004129 0.003917 0.000000 4604 1099 1194772 1194772 0 0 0 1726 0 0 177.539978 5.121000000
0.004126 0.003912 0.000000 4597 937 1188441 1188441 0 0 0 1821 0 0 177.622620 5.141000000
0.004012 0.003817 0.000000 4602 1524 1163899 1163899 0 0 0 1421 0 0 177.575989 5.141000000
0.004128 0.003916 0.000000 4700 998 1193060 1193060 0 0 0 1853 0 0 177.260437 5.125000000
0.004132 0.003895 0.000000 4662 968 1175346 1175346 0 0 0 1832 0 0 177.737000 5.124000000
0.004208 0.003984 0.000000 4677 872 1210896 1210896 0 0 0 1942 0 0 178.305542 5.128000000
0.004112 0.003884 0.000000 4676 1042 1184215 1184215 0 0 0 1803 0 0 177.035522 5.124000000
0.004201 0.003989 0.000000 4836 1191 1190826 1190826 0 0 0 1780 0 0 178.119141 5.127000000
0.004263 0.004052 0.000000 4857 1222 1225825 1225825 0 0 0 1742 0 0 177.548401 5.140000000
0.004226 0.003983 0.000000 4657 765 1208844 1208844 0 0 0 2003 0 0 177.282715 5.124000000
0.004232 0.003988 0.000000 4704 949 1157095 1157095 0 0 0 1897 0 0 182.046875 5.123000000
0.004166 0.003915 0.000000 4704 877 1199208 1199208 0 0 0 1935 0 0 177.756104 5.129000000
