"Validation time(S)" "Validation time(S) CPU" "Validation time(S) GPU" "Commits" "Aborts" "Val Reads" "CPU Val Reads" "GPU Val Reads" "Wasted Val Reads" "GPU employment times" "Val success" "Val fail" "Snapshot ext. calls" "Energy (J)" "Time(S)"
0.000860 0.000806 0.000264 26 12 241847 177335 64512 46742665 12 12 0 12 324.509399 9.014000000
0.000880 0.000818 0.000259 26 12 253679 189167 64512 47857475 12 12 0 12 352.998718 9.623000000
0.000601 0.000550 0.000258 26 12 188946 124434 64512 47925572 12 12 0 12 347.810120 9.665000000
0.000502 0.000450 0.000215 26 13 159100 94588 64512 47972712 12 11 0 12 349.586853 9.589000000
0.000949 0.000894 0.000257 26 12 258513 194001 64512 47853862 12 12 0 12 349.118530 9.568000000
0.000795 0.000742 0.000260 26 12 219660 155148 64512 47808317 12 12 0 12 344.147766 9.571000000
0.000908 0.000854 0.000251 26 12 258145 193633 64512 47869938 12 12 0 12 347.174805 9.673000000
0.000781 0.000725 0.000260 26 13 219083 154571 64512 47907326 12 12 0 12 347.907959 9.627000000
0.000935 0.000880 0.000261 26 12 256136 191624 64512 47848195 12 12 0 12 342.922913 9.542000000
0.001137 0.001083 0.000269 26 12 317187 252675 64512 47713558 12 12 0 12 344.492981 9.558000000
0.001229 0.001172 0.000258 26 12 333989 269477 64512 47781981 12 12 0 12 344.253174 9.574000000
0.001008 0.000957 0.000240 26 12 266474 201962 64512 47847420 12 12 0 12 347.038208 9.652000000
0.000833 0.000776 0.000254 26 12 235388 170876 64512 47883363 12 12 0 12 345.082825 9.604000000
0.000969 0.000916 0.000259 26 12 262027 197515 64512 47786537 12 12 0 12 342.142273 9.535000000
0.000757 0.000702 0.000261 26 13 219706 155194 64512 47820611 12 11 0 12 342.924255 9.545000000
0.000853 0.000800 0.000230 26 12 239878 175366 64512 47913141 12 12 0 12 355.324585 9.714000000
0.001041 0.000980 0.000263 26 12 274377 209865 64512 47832628 12 12 0 12 346.582764 9.684000000
0.001020 0.000968 0.000263 26 13 274580 210068 64512 47878235 12 12 0 12 347.031189 9.637000000
0.000610 0.000556 0.000233 26 13 184926 120414 64512 47914468 12 11 0 12 347.078552 9.653000000
0.000559 0.000505 0.000255 26 12 175533 111021 64512 47860391 12 12 0 12 340.635681 9.514000000
0.001056 0.001003 0.000256 26 13 283203 218691 64512 47876987 12 11 0 12 345.033813 9.644000000
0.001095 0.001040 0.000266 26 12 278741 214229 64512 47827909 12 12 0 12 343.529785 9.536000000
0.000888 0.000836 0.000276 26 13 252089 187577 64512 47767774 12 11 0 12 347.881714 9.660000000
0.000732 0.000681 0.000241 26 12 215115 150603 64512 47892483 12 12 0 12 346.219482 9.603000000
0.000926 0.000875 0.000273 26 12 260409 195897 64512 47865369 12 12 0 12 345.438843 9.608000000
0.001086 0.001032 0.000259 26 12 285689 221177 64512 47826722 12 12 0 12 354.067566 9.899000000
0.000655 0.000602 0.000274 26 12 185544 121032 64512 47932745 12 12 0 12 346.471313 9.662000000
0.000972 0.000919 0.000259 26 12 263598 199086 64512 47841595 12 12 0 12 346.458618 9.645000000
0.000811 0.000758 0.000253 26 14 232613 168101 64512 47909587 12 10 0 12 347.040466 9.578000000
0.001053 0.000998 0.000262 26 12 283182 218670 64512 47839009 12 12 0 12 347.016357 9.672000000
0.000673 0.000621 0.000273 26 13 192238 127726 64512 46786806 12 12 0 12 328.689819 9.147000000
0.000772 0.000718 0.000253 26 13 219631 155119 64512 47878728 12 11 0 12 352.576965 9.581000000
0.001164 0.001110 0.000266 26 13 305148 240636 64512 47777624 12 11 0 12 341.982056 9.495000000
