"Validation time(S)" "Validation time(S) CPU" "Validation time(S) GPU" "Commits" "Aborts" "Val Reads" "CPU Val Reads" "GPU Val Reads" "Wasted Val Reads" "GPU employment times" "Val success" "Val fail" "Snapshot ext. calls" "Energy (J)" "Time(S)"
0.004246 0.004014 0.000000 4718 1082 1220585 1220585 0 0 0 1811 0 0 178.833374 5.128000000
0.004211 0.003982 0.000000 4663 1118 1216713 1216713 0 0 0 1729 0 0 177.733154 5.114000000
0.004110 0.003884 0.000000 4701 965 1169285 1169285 0 0 0 1868 0 0 178.463989 5.126000000
0.004162 0.003917 0.000000 4729 797 1159708 1159708 0 0 0 2033 0 0 178.296753 5.117000000
0.004169 0.003951 0.000000 4704 864 1211930 1211930 0 0 0 1953 0 0 179.293823 5.116000000
0.004094 0.003904 0.000000 4701 1357 1183024 1183024 0 0 0 1569 0 0 180.051819 5.133000000
0.004066 0.003829 0.000000 4701 648 1183678 1183678 0 0 0 2098 0 0 179.351196 5.118000000
0.004137 0.003925 0.000000 4789 1209 1180868 1180868 0 0 0 1734 0 0 178.121216 5.132000000
0.004149 0.003926 0.000000 4718 862 1175362 1175362 0 0 0 1952 0 0 176.492310 5.116000000
0.004161 0.003918 0.000000 4526 653 1180288 1180288 0 0 0 2001 0 0 178.115967 5.114000000
0.004309 0.004085 0.000000 4493 726 1161126 1161126 0 0 0 1934 0 0 178.660156 5.122000000
