"Validation time(S)" "Validation time(S) CPU" "Validation time(S) GPU" "Commits" "Aborts" "Val Reads" "CPU Val Reads" "GPU Val Reads" "Wasted Val Reads" "GPU employment times" "Val success" "Val fail" "Snapshot ext. calls" "Energy (J)" "Time(S)"
0.001017 0.000961 0.000256 26 12 273707 209195 64512 47847393 12 12 0 12 345.733276 9.619000000
0.001100 0.001043 0.000260 26 12 295284 230772 64512 47481453 12 12 0 12 342.039490 9.497000000
0.000437 0.000379 0.000251 26 12 143742 79230 64512 47968415 12 12 0 12 345.862427 9.592000000
0.001029 0.000973 0.000285 26 12 269654 205142 64512 47853298 12 12 0 12 344.597168 9.540000000
0.000999 0.000944 0.000263 26 12 289787 225275 64512 47735450 12 12 0 12 346.125488 9.587000000
0.000938 0.000884 0.000273 26 12 259914 195402 64512 47864348 12 12 0 12 342.706055 9.536000000
0.000981 0.000927 0.000256 26 13 262286 197774 64512 47928874 12 11 0 12 338.300049 9.681000000
0.000971 0.000913 0.000267 26 12 261671 197159 64512 47761051 12 12 0 12 345.107361 9.591000000
0.001105 0.001046 0.000260 26 12 297156 232644 64512 47862019 12 12 0 12 345.611450 9.599000000
0.000699 0.000644 0.000214 26 12 210073 145561 64512 47908077 12 12 0 12 344.952759 9.582000000
0.001000 0.000942 0.000288 26 12 268474 203962 64512 47838489 12 12 0 12 346.409546 9.645000000
0.000894 0.000842 0.000287 26 13 253046 188534 64512 47904746 12 11 0 12 344.520447 9.616000000
0.000720 0.000665 0.000256 26 12 209903 145391 64512 47894882 12 12 0 12 342.020569 9.550000000
0.001091 0.001039 0.000259 26 12 288983 224471 64512 47834890 12 12 0 12 345.445312 9.626000000
0.000738 0.000680 0.000263 26 12 231224 166712 64512 47878417 12 12 0 12 346.303833 9.638000000
0.001099 0.001046 0.000293 26 12 288299 223787 64512 47825929 12 12 0 12 344.181824 9.599000000
0.000925 0.000875 0.000260 26 12 253181 188669 64512 47861936 12 12 0 12 343.634338 9.593000000
0.001025 0.000973 0.000253 26 12 292015 227503 64512 47745837 12 12 0 12 348.411072 9.721000000
0.000712 0.000657 0.000265 26 12 204762 140250 64512 47914545 12 12 0 12 343.550476 9.576000000
0.000746 0.000695 0.000227 26 12 216339 151827 64512 47905461 12 12 0 12 347.528564 9.658000000
0.000936 0.000879 0.000295 26 13 250668 186156 64512 47854753 12 11 0 12 345.225525 9.627000000
0.000664 0.000607 0.000240 26 12 198707 134195 64512 47925265 12 12 0 12 344.913391 9.589000000
0.000747 0.000696 0.000285 26 12 220863 156351 64512 47801841 12 12 0 12 344.570862 9.557000000
0.000913 0.000863 0.000234 26 12 257317 192805 64512 47879936 12 12 0 12 347.126831 9.632000000
0.000675 0.000624 0.000267 26 12 198973 134461 64512 47910646 12 12 0 12 346.147644 9.648000000
0.000913 0.000858 0.000266 26 12 253142 188630 64512 47872413 12 12 0 12 342.409546 9.581000000
0.000826 0.000774 0.000281 26 12 235135 170623 64512 47903435 12 12 0 12 339.879395 9.484000000
0.000395 0.000346 0.000257 26 12 137026 72514 64512 47974303 12 12 0 12 345.324890 9.637000000
0.000406 0.000352 0.000240 26 13 140025 75513 64512 46841425 12 12 0 12 322.603271 9.020000000
0.000939 0.000884 0.000261 26 12 256507 191995 64512 47778648 12 12 0 12 342.795898 9.637000000
0.000744 0.000687 0.000273 26 12 216276 151764 64512 47813553 12 12 0 12 344.979614 9.583000000
0.001006 0.000955 0.000276 26 13 273980 209468 64512 47856121 12 12 0 12 345.715332 9.574000000
0.000670 0.000615 0.000261 26 12 200595 136083 64512 47915321 12 12 0 12 346.997375 9.619000000
