"Validation time(S)" "Validation time(S) CPU" "Validation time(S) GPU" "Commits" "Aborts" "Val Reads" "CPU Val Reads" "GPU Val Reads" "Wasted Val Reads" "GPU employment times" "Val success" "Val fail" "Snapshot ext. calls" "Energy (J)" "Time(S)"
0.001593 0.001593 0.000000 1 0 305200 305200 0 0 0 1 0 0 692.149475 20.164000000
0.001590 0.001590 0.000000 1 0 305195 305195 0 0 0 1 0 0 689.560486 20.162000000
0.001581 0.001581 0.000000 1 0 305196 305196 0 0 0 1 0 0 694.214355 20.166000000
0.001592 0.001592 0.000000 1 0 305198 305198 0 0 0 1 0 0 693.043701 20.171000000
0.001586 0.001586 0.000000 1 0 305201 305201 0 0 0 1 0 0 690.879089 20.170000000
0.001586 0.001585 0.000000 1 0 305197 305197 0 0 0 1 0 0 691.735413 20.161000000
0.001585 0.001584 0.000000 1 0 305197 305197 0 0 0 1 0 0 693.921997 20.162000000
0.001575 0.001574 0.000000 1 0 305195 305195 0 0 0 1 0 0 692.045349 20.174000000
0.001589 0.001588 0.000000 1 0 305190 305190 0 0 0 1 0 0 688.191895 20.161000000
0.001578 0.001577 0.000000 1 0 305198 305198 0 0 0 1 0 0 695.411926 20.168000000
0.001585 0.001585 0.000000 1 0 305195 305195 0 0 0 1 0 0 691.180298 20.166000000
