"Validation time(S)" "Validation time(S) CPU" "Validation time(S) GPU" "Commits" "Aborts" "Val Reads" "CPU Val Reads" "GPU Val Reads" "Wasted Val Reads" "GPU employment times" "Val success" "Val fail" "Snapshot ext. calls" "Energy (J)" "Time(S)"
0.001597 0.001597 0.000000 1 0 305196 305196 0 0 0 1 0 0 692.257935 20.160000000
0.001596 0.001596 0.000000 1 0 305200 305200 0 0 0 1 0 0 693.374146 20.159000000
0.001611 0.001610 0.000000 1 0 305199 305199 0 0 0 1 0 0 697.643555 20.177000000
0.001585 0.001585 0.000000 1 0 305198 305198 0 0 0 1 0 0 695.147827 20.177000000
0.001586 0.001585 0.000000 1 0 305193 305193 0 0 0 1 0 0 690.838318 20.161000000
0.001569 0.001569 0.000000 1 0 305195 305195 0 0 0 1 0 0 696.558533 20.163000000
0.001598 0.001598 0.000000 1 0 305197 305197 0 0 0 1 0 0 692.971008 20.184000000
0.001584 0.001583 0.000000 1 0 305196 305196 0 0 0 1 0 0 692.066650 20.185000000
0.001576 0.001576 0.000000 1 0 305198 305198 0 0 0 1 0 0 693.218384 20.160000000
0.001586 0.001586 0.000000 1 0 305197 305197 0 0 0 1 0 0 692.383057 20.174000000
0.001585 0.001585 0.000000 1 0 305196 305196 0 0 0 1 0 0 691.681458 20.160000000
