"Validation time(S)" "Validation time(S) CPU" "Validation time(S) GPU" "Commits" "Aborts" "Val Reads" "CPU Val Reads" "GPU Val Reads" "Wasted Val Reads" "GPU employment times" "Val success" "Val fail" "Snapshot ext. calls" "Energy (J)" "Time(S)"
0.001583 0.001583 0.000000 1 0 305199 305199 0 0 0 1 0 0 694.702515 20.162000000
0.001577 0.001577 0.000000 1 0 305199 305199 0 0 0 1 0 0 694.968384 20.171000000
0.001582 0.001581 0.000000 1 0 305197 305197 0 0 0 1 0 0 696.536682 20.163000000
0.001581 0.001581 0.000000 1 0 305194 305194 0 0 0 1 0 0 694.117249 20.181000000
0.001586 0.001586 0.000000 1 0 305197 305197 0 0 0 1 0 0 694.741394 20.185000000
0.001592 0.001591 0.000000 1 0 305197 305197 0 0 0 1 0 0 697.376160 20.185000000
0.001591 0.001590 0.000000 1 0 305199 305199 0 0 0 1 0 0 698.815247 20.163000000
0.001594 0.001594 0.000000 1 0 305194 305194 0 0 0 1 0 0 692.996582 20.156000000
0.001584 0.001584 0.000000 1 0 305197 305197 0 0 0 1 0 0 691.510620 20.165000000
0.001586 0.001586 0.000000 1 0 305198 305198 0 0 0 1 0 0 690.754333 20.158000000
0.001586 0.001586 0.000000 1 0 305196 305196 0 0 0 1 0 0 691.052551 20.166000000
