"Validation time(S)" "Validation time(S) CPU" "Validation time(S) GPU" "Commits" "Aborts" "Val Reads" "CPU Val Reads" "GPU Val Reads" "Wasted Val Reads" "GPU employment times" "Val success" "Val fail" "Snapshot ext. calls" "Energy (J)" "Time(S)"
0.001581 0.001580 0.000000 1 0 305195 305195 0 0 0 1 0 0 692.315491 20.170000000
0.001581 0.001581 0.000000 1 0 305200 305200 0 0 0 1 0 0 690.310669 20.172000000
0.001584 0.001583 0.000000 1 0 305196 305196 0 0 0 1 0 0 693.746460 20.181000000
0.001586 0.001586 0.000000 1 0 305197 305197 0 0 0 1 0 0 695.797607 20.171000000
0.001573 0.001572 0.000000 1 0 305196 305196 0 0 0 1 0 0 688.630615 20.170000000
0.001596 0.001595 0.000000 1 0 305199 305199 0 0 0 1 0 0 695.128662 20.177000000
0.001584 0.001584 0.000000 1 0 305197 305197 0 0 0 1 0 0 694.898315 20.161000000
0.001580 0.001580 0.000000 1 0 305200 305200 0 0 0 1 0 0 695.927185 20.161000000
0.001579 0.001579 0.000000 1 0 305196 305196 0 0 0 1 0 0 689.113220 20.163000000
0.001574 0.001574 0.000000 1 0 305197 305197 0 0 0 1 0 0 693.240967 20.158000000
0.001586 0.001586 0.000000 1 0 305194 305194 0 0 0 1 0 0 694.394409 20.183000000
