"Validation time(S)" "Validation time(S) CPU" "Validation time(S) GPU" "Commits" "Aborts" "Val Reads" "CPU Val Reads" "GPU Val Reads" "Wasted Val Reads" "GPU employment times" "Val success" "Val fail" "Snapshot ext. calls" "Energy (J)" "Time(S)"
0.001593 0.001592 0.000000 1 0 305195 305195 0 0 0 1 0 0 842.322571 23.342000000
0.001592 0.001591 0.000000 1 0 305200 305200 0 0 0 1 0 0 849.434143 23.585000000
0.001579 0.001578 0.000000 1 0 305194 305194 0 0 0 1 0 0 881.178406 24.425000000
0.001587 0.001586 0.000000 1 0 305195 305195 0 0 0 1 0 0 816.114563 22.548000000
0.001584 0.001583 0.000000 1 0 305196 305196 0 0 0 1 0 0 848.501526 23.457000000
0.001582 0.001581 0.000000 1 0 305196 305196 0 0 0 1 0 0 838.394714 23.194000000
0.001579 0.001578 0.000000 1 0 305197 305197 0 0 0 1 0 0 836.510315 23.066000000
0.001586 0.001585 0.000000 1 0 305198 305198 0 0 0 1 0 0 837.485840 23.178000000
0.001586 0.001585 0.000000 1 0 305198 305198 0 0 0 1 0 0 830.729126 23.025000000
0.001579 0.001578 0.000000 1 0 305197 305197 0 0 0 1 0 0 836.581848 23.282000000
0.001591 0.001590 0.000000 1 0 305197 305197 0 0 0 1 0 0 831.263306 23.068000000
0.001940 0.001940 0.000000 1 0 305199 305199 0 0 0 1 0 0 811.792969 22.421000000
0.001581 0.001580 0.000000 1 0 305194 305194 0 0 0 1 0 0 831.186584 22.885000000
0.001580 0.001579 0.000000 1 0 305200 305200 0 0 0 1 0 0 839.708557 23.128000000
0.001568 0.001567 0.000000 1 0 305197 305197 0 0 0 1 0 0 833.015320 22.959000000
0.001585 0.001584 0.000000 1 0 305197 305197 0 0 0 1 0 0 831.969971 22.918000000
0.001990 0.001988 0.000000 1 0 305196 305196 0 0 0 1 0 0 837.520447 22.994000000
0.001578 0.001577 0.000000 1 0 305197 305197 0 0 0 1 0 0 837.250610 23.154000000
0.001566 0.001565 0.000000 1 0 305194 305194 0 0 0 1 0 0 838.519836 23.182000000
0.001578 0.001577 0.000000 1 0 305195 305195 0 0 0 1 0 0 827.798584 22.765000000
0.001586 0.001585 0.000000 1 0 305199 305199 0 0 0 1 0 0 834.213013 22.908000000
0.001577 0.001577 0.000000 1 0 305192 305192 0 0 0 1 0 0 835.661377 23.116000000
0.001580 0.001579 0.000000 1 0 305194 305194 0 0 0 1 0 0 846.497009 23.379000000
0.001592 0.001591 0.000000 1 0 305195 305195 0 0 0 1 0 0 828.313904 22.817000000
0.001588 0.001586 0.000000 1 0 305201 305201 0 0 0 1 0 0 851.782715 23.341000000
0.001587 0.001586 0.000000 1 0 305196 305196 0 0 0 1 0 0 845.774048 23.296000000
0.001593 0.001591 0.000000 1 0 305196 305196 0 0 0 1 0 0 854.213318 23.614000000
0.001585 0.001583 0.000000 1 0 305202 305202 0 0 0 1 0 0 848.357483 23.399000000
0.001591 0.001589 0.000000 1 0 305192 305192 0 0 0 1 0 0 846.490356 23.347000000
0.001587 0.001586 0.000000 1 0 305195 305195 0 0 0 1 0 0 772.059265 21.268000000
0.001595 0.001594 0.000000 1 0 305195 305195 0 0 0 1 0 0 839.862366 23.110000000
