"Validation time(S)" "Validation time(S) CPU" "Validation time(S) GPU" "Commits" "Aborts" "Val Reads" "CPU Val Reads" "GPU Val Reads" "Wasted Val Reads" "GPU employment times" "Val success" "Val fail" "Snapshot ext. calls" "Energy (J)" "Time(S)"
0.001592 0.001590 0.000000 1 0 305195 305195 0 0 0 1 0 0 837.990417 23.275000000
0.001583 0.001582 0.000000 1 0 305197 305197 0 0 0 1 0 0 835.171936 23.473000000
0.001588 0.001587 0.000000 1 0 305191 305191 0 0 0 1 0 0 772.581543 21.239000000
0.001580 0.001579 0.000000 1 0 305199 305199 0 0 0 1 0 0 848.894775 23.449000000
0.001589 0.001588 0.000000 1 0 305200 305200 0 0 0 1 0 0 840.211426 23.246000000
0.001559 0.001558 0.000000 1 0 305196 305196 0 0 0 1 0 0 827.708069 22.898000000
0.001586 0.001584 0.000000 1 0 305196 305196 0 0 0 1 0 0 839.240784 23.243000000
0.001582 0.001581 0.000000 1 0 305196 305196 0 0 0 1 0 0 822.084167 23.156000000
0.001584 0.001583 0.000000 1 0 305198 305198 0 0 0 1 0 0 812.077820 22.570000000
0.001589 0.001588 0.000000 1 0 305189 305189 0 0 0 1 0 0 838.995239 23.195000000
0.001574 0.001573 0.000000 1 0 305199 305199 0 0 0 1 0 0 828.450317 22.995000000
0.001561 0.001560 0.000000 1 0 305201 305201 0 0 0 1 0 0 835.448547 23.024000000
0.001580 0.001579 0.000000 1 0 305197 305197 0 0 0 1 0 0 822.097473 22.605000000
0.001581 0.001580 0.000000 1 0 305193 305193 0 0 0 1 0 0 837.205078 23.220000000
0.001586 0.001585 0.000000 1 0 305197 305197 0 0 0 1 0 0 778.045654 21.451000000
0.001572 0.001571 0.000000 1 0 305194 305194 0 0 0 1 0 0 835.549377 23.077000000
0.001656 0.001654 0.000000 1 0 305201 305201 0 0 0 1 0 0 790.696777 21.692000000
0.001575 0.001573 0.000000 1 0 305195 305195 0 0 0 1 0 0 839.264954 23.202000000
0.001578 0.001577 0.000000 1 0 305193 305193 0 0 0 1 0 0 830.802551 22.914000000
0.001589 0.001588 0.000000 1 0 305197 305197 0 0 0 1 0 0 800.582947 22.045000000
0.001576 0.001575 0.000000 1 0 305197 305197 0 0 0 1 0 0 837.609253 22.887000000
0.001604 0.001603 0.000000 1 0 305196 305196 0 0 0 1 0 0 803.281555 22.194000000
0.001592 0.001591 0.000000 1 0 305200 305200 0 0 0 1 0 0 849.783997 23.406000000
0.001599 0.001598 0.000000 1 0 305194 305194 0 0 0 1 0 0 846.082214 23.282000000
0.001584 0.001583 0.000000 1 0 305198 305198 0 0 0 1 0 0 843.326477 23.212000000
0.001581 0.001579 0.000000 1 0 305196 305196 0 0 0 1 0 0 844.658264 23.134000000
0.001586 0.001585 0.000000 1 0 305197 305197 0 0 0 1 0 0 843.933228 23.293000000
0.001591 0.001590 0.000000 1 0 305194 305194 0 0 0 1 0 0 855.184082 23.666000000
0.001571 0.001570 0.000000 1 0 305198 305198 0 0 0 1 0 0 858.906433 23.622000000
0.001582 0.001581 0.000000 1 0 305195 305195 0 0 0 1 0 0 826.161316 22.737000000
0.001595 0.001594 0.000000 1 0 305193 305193 0 0 0 1 0 0 844.985596 23.348000000
