"Validation time(S)" "Commits" "Aborts" "Val Reads" "Val success" "Val fail" "Energy (J)" "Time(S)"
0.000397 21849 91187 105847 15585 0 1.047668 0.017774105
0.000407 21849 92808 105715 15564 0 1.065002 0.017899036
0.000426 21849 91300 105576 15549 0 1.044067 0.017843008
0.000479 21849 92009 105971 15648 0 1.059753 0.017963886
0.00037 21849 91521 105848 15585 0 1.030334 0.017874002
0.000401 21849 87893 105799 15644 0 1.058899 0.017874956
0.000408 21849 92695 105782 15614 0 1.070679 0.017806053
0.000394 21849 91155 105919 15624 0 1.089661 0.017805099
0.000376 21849 90132 105772 15610 0 1.091370 0.018068075
0.000444 21849 90116 105779 15560 0 1.063477 0.018028021
0.000372 21849 91769 105133 15515 0 1.061462 0.018071890
0.000359 21849 89809 106039 15648 0 1.070740 0.017842054
0.000386 21849 90366 106094 15652 0 1.064148 0.018089056
0.0004 21849 90208 105577 15597 0 1.058716 0.017860889
0.00045 21849 91549 105478 15536 0 1.084839 0.017987013
0.000374 21849 89767 105588 15580 0 1.080750 0.017791986
0.000462 21849 87816 106095 15650 0 1.076843 0.018022060
0.000419 21849 89614 105953 15608 0 1.060974 0.018061876
0.000419 21849 87723 105151 15469 0 1.101501 0.018126965
0.000426 21849 91050 105590 15621 0 1.076477 0.017933130
0.000446 21849 93429 105680 15599 0 1.027649 0.017750025
0.000413 21849 88914 105896 15593 0 1.051392 0.017963886
0.000406 21849 92130 105172 15409 0 1.095825 0.018141031
0.000435 21849 91466 106102 15663 0 1.056396 0.017944098
0.000428 21849 91308 106122 15629 0 1.075195 0.017967939
0.000394 21849 90067 105701 15583 0 1.056580 0.017960072
0.000385 21849 90175 105603 15575 0 1.037720 0.017830849
0.00037 21849 88006 105459 15540 0 1.055176 0.017972946
0.000393 21849 92691 105538 15574 0 1.068604 0.017911911
0.000416 21849 88611 106215 15634 0 1.057800 0.018074989
0.000411 21849 90603 105629 15569 0 1.059814 0.018231153
