"Validation time(S)" "Commits" "Aborts" "Val Reads" "Val success" "Val fail" "Energy (J)" "Time(S)"
3e-06 132 21 1422 77 0 0.275696 0.005894184
3e-06 132 18 1473 78 0 0.260376 0.005398989
5e-06 132 15 1433 76 0 0.263794 0.005814791
5e-06 132 21 1456 78 0 0.288452 0.005686998
3e-06 132 17 1308 72 0 0.281738 0.005568027
2e-06 132 30 1440 80 0 0.368713 0.007188082
2e-06 132 21 1450 78 0 0.282776 0.005709171
3e-06 132 21 1462 79 0 0.270081 0.005706072
5e-06 132 22 1450 78 0 0.272339 0.005783796
6e-06 132 31 1451 83 0 0.336243 0.006991863
2e-06 132 30 1465 80 0 0.370483 0.007103920
4e-06 132 18 1480 76 0 0.300354 0.005587101
6e-06 132 32 1453 82 0 0.370728 0.007143974
2e-06 132 21 1465 77 0 0.320557 0.005728006
7e-06 132 18 1453 79 0 0.278137 0.005300999
4e-06 132 30 1483 84 0 0.339111 0.007061005
2e-06 132 27 1539 83 0 0.335083 0.006447077
2e-06 132 22 1388 79 0 0.274902 0.005778074
5e-06 132 31 1453 81 0 0.374451 0.007115841
3e-06 132 30 1443 81 0 0.370728 0.006989002
2e-06 132 29 1456 84 0 0.371765 0.006993055
1e-06 132 33 1463 83 0 0.372314 0.007000923
5e-06 132 17 1425 76 0 0.315063 0.006526947
4e-06 132 22 1450 77 0 0.289673 0.005697966
6e-06 132 30 1480 81 0 0.338074 0.006992102
5e-06 132 30 1488 82 0 0.373230 0.007112980
2e-06 132 35 1594 77 0 0.374207 0.007318020
6e-06 132 31 1482 84 0 0.370422 0.007043123
6e-06 132 29 1495 82 0 0.325989 0.006519079
5e-06 132 18 1462 79 0 0.263855 0.005338907
1e-06 132 21 1441 76 0 0.320740 0.005686998
