"Validation time(S)" "Commits" "Aborts" "Val Reads" "Val success" "Val fail" "Energy (J)" "Time(S)"
0.000281 1026 40 116773 542 0 544.457214 10.306052208
0.000304 1026 42 117382 545 0 549.610840 10.382943153
0.000288 1026 44 117779 549 0 546.135681 10.414332151
0.000288 1026 40 117248 545 0 539.602966 10.290493011
0.000319 1026 56 120805 559 0 571.994385 10.867799997
0.000315 1026 44 117460 546 0 549.551636 10.412222147
0.000309 1026 41 118095 548 0 551.554382 10.470078945
0.000301 1026 41 117108 544 0 546.405029 10.374841928
0.000296 1026 48 119000 552 0 562.002441 10.652287960
0.000299 1026 41 117119 545 0 547.284363 10.352133036
0.000295 1026 52 119599 555 0 563.671448 10.686064959
0.000272 1026 44 118547 550 0 550.928345 10.429761887
0.000293 1026 39 116627 543 0 540.737366 10.315490961
0.000306 1026 42 117162 546 0 539.700134 10.363128901
0.000316 1026 43 117051 545 1 547.751160 10.384612083
0.000324 1026 40 118588 548 0 544.662842 10.333945990
0.000325 1026 53 119764 554 0 574.257935 10.895695925
0.000303 1026 43 118335 547 0 550.120056 10.409031153
0.000298 1026 45 117022 545 0 551.274292 10.427655935
0.000318 1026 41 117679 546 0 546.193481 10.339752913
0.000298 1026 40 115848 542 0 548.735046 10.416077137
0.0003 1026 41 116867 542 0 550.524170 10.452044964
0.000316 1026 42 117470 546 1 546.470337 10.363423109
0.000304 1026 40 117123 543 0 544.946167 10.326189995
0.000308 1026 41 117801 546 0 548.248718 10.408981085
0.000292 1026 41 117025 543 0 548.036194 10.373236895
0.000304 1026 41 117783 544 0 549.275085 10.420783997
0.000318 1026 42 118110 548 0 548.078491 10.378232002
0.000299 1026 92 117248 548 0 537.364502 10.317631960
0.000309 1026 44 117535 546 0 549.481812 10.417172909
0.000307 1026 50 117761 545 0 552.675964 10.464040995
