"Validation time(S)" "Commits" "Aborts" "Val Reads" "Val success" "Val fail" "Energy (J)" "Time(S)"
0.130244 400000 41697 165232991 11494 4818 303.809265 5.054120779
0.135158 400000 42110 171676510 12020 4764 300.893616 5.043623924
0.127187 400000 42254 163276967 11606 4792 306.888245 5.153845072
0.130749 400000 41681 166334127 11567 4916 293.916931 4.957903853
0.133605 400000 42307 171584947 11822 4797 300.027283 5.040538755
0.134122 400000 42476 167826001 11686 4859 304.746338 5.087894087
0.127772 400000 42377 164462416 11673 4797 303.483704 5.069318482
0.132641 400000 42046 172299790 11953 4871 300.995483 5.030873978
0.129503 400000 41407 170549084 12055 4733 305.527344 5.169982747
0.13862 400000 42678 172239719 12018 4920 301.413574 4.975257470
0.143176 400000 42120 170686473 11951 4834 304.600281 5.031014814
0.129317 400000 42259 166231922 11659 4582 307.740906 5.152919144
0.132292 400000 42121 172446423 11998 4786 301.568298 5.022571261
