"Validation time(S)" "Commits" "Aborts" "Val Reads" "Val success" "Val fail" "Energy (J)" "Time(S)"
8.34757 50000000 73121006 6272696579 50388417 44970622 1403.059204 25.567679882
8.49963 50000000 76537684 6858744507 53328978 45876459 1420.749146 25.821860075
9.01953 50000000 71599579 6406693581 50228252 43530882 1439.382629 25.907559156
8.72488 50000000 71144383 5912524599 46042677 44447279 1417.372498 25.586871716
9.68761 50000000 70841685 7061128244 51784144 42509444 1482.043823 26.712078480
8.06216 50000000 68154643 5757253291 47886590 42851936 1340.990784 24.524258518
9.49057 50000000 71256507 6894072078 52226874 43446006 1479.685242 26.710411353
9.18387 50000000 71439258 6718980419 52868140 43599629 1489.257385 26.749088354
8.1302 50000000 73128243 6080800810 50232719 43095658 1418.269043 25.635330240
7.72231 50000000 72578051 6168323992 47090167 44776523 1326.413025 23.759941318
7.42373 50000000 67906375 5715095129 47030333 41325905 1334.775513 24.266578358
8.27148 50000000 71317308 6435713213 50741373 43652915 1397.533936 25.398746855
7.97074 50000000 65356252 5448534038 44381455 40394105 1354.552185 24.912434532
