"Validation time(S)" "Commits" "Aborts" "Val Reads" "Val success" "Val fail" "Energy (J)" "Time(S)"
0.000265 51 102254095 72289 4 0 374.982849 6.426000000
0.030272 57 645782497 11145358 11 1 452.238098 8.139000000
0.012083 52 696078254 4593165 6 2 366.603455 6.225000000
0.021386 52 569766322 7778829 11 2 377.211182 6.389000000
0.01224 52 349120935 4401027 4 0 369.658997 6.364000000
0.020122 57 679766642 7707856 8 2 393.573853 6.945000000
0.045852 57 616099708 18198011 15 2 457.000732 8.186000000
0.021868 57 734904034 7911978 12 0 431.742615 7.643000000
0.011912 52 312707834 4704114 5 4 356.354492 6.203000000
0.046022 57 417712551 18116225 13 1 457.732178 8.219000000
0.000761 52 432811563 213351 7 1 368.497742 6.369000000
0.020695 57 421289526 7929070 8 0 457.950745 8.292000000
0.04436 52 492525345 16357105 14 1 374.430115 6.401000000
0.047412 53 282037060 19228084 12 3 359.844910 6.337000000
0.011342 52 331410510 4393482 2 0 356.905029 6.141000000
0.03552 53 243299520 14534721 12 0 344.954712 6.065000000
0.011903 52 364674714 4390553 5 1 349.534546 5.910000000
3.1e-05 52 302938643 9091 4 2 366.799072 6.485000000
0.02901 53 616147723 11327387 11 3 364.910522 6.314000000
0.030647 52 502961863 11309422 10 1 362.350403 6.252000000
0.045601 54 226462394 18053188 12 0 358.392822 6.297000000
