"Validation time(S)" "Commits" "Aborts" "Val Reads" "Val success" "Val fail" "Energy (J)" "Time(S)"
0.004056 14448 143539886 1301046 883 17 268.354370 5.106000000
0.004473 14341 157667692 1423309 962 13 268.640503 5.097000000
0.004365 14353 148221414 1338538 984 17 269.308777 5.095000000
0.004307 14854 144883458 1338040 911 22 268.959290 5.100000000
0.004447 14377 149938382 1427637 959 15 268.452637 5.120000000
0.003878 14107 156999845 1184090 860 21 267.282471 5.086000000
0.004138 14567 146592894 1283195 896 18 268.338562 5.099000000
0.004057 13664 150330015 1293698 884 17 267.997070 5.091000000
0.004046 14485 151835073 1269524 910 12 269.114807 5.113000000
0.004331 14098 158054861 1385258 945 28 267.199097 5.095000000
0.004311 13783 153822594 1364538 907 20 268.276428 5.095000000
0.00429 13994 148256438 1360706 929 15 267.050110 5.091000000
0.004105 14662 153443992 1299111 874 7 268.734924 5.104000000
0.004189 15133 147466476 1347667 909 14 269.374084 5.097000000
0.004209 14525 146480257 1319998 913 14 269.831116 5.103000000
0.004296 13816 147616524 1361915 922 26 268.039856 5.098000000
0.004404 14218 155174006 1389693 920 22 268.581543 5.086000000
0.003981 14203 159133163 1272234 880 12 268.054199 5.085000000
0.004322 15021 143460041 1388025 947 23 269.024597 5.087000000
0.003952 14664 155443475 1267325 880 10 270.340210 5.085000000
