"Validation time(S)" "Commits" "Aborts" "Val Reads" "Val success" "Val fail" "Energy (J)" "Time(S)"
4.17887 50000000 15563143 1505277920 40537966 5121243 397.250427 6.766713142
4.76846 50000000 14649917 1687909720 40009672 5704908 436.813354 7.461738110
4.41138 50000000 15354009 1594815339 40217069 5509349 428.350159 7.454127073
4.58014 50000000 13397099 1535935740 39960076 4898745 422.657104 7.296828994
4.64989 50000000 12718203 1595560005 39918821 4761444 429.970093 7.409908268
4.37982 50000000 15681821 1476157612 40554047 5106944 405.072144 6.904573365
4.66607 50000000 15588421 1595487375 40193805 5494043 422.473328 7.203931302
4.3343 50000000 13476312 1456392737 40021305 4811299 401.824097 6.973359153
4.37129 50000000 14295773 1568146119 39813339 5511380 417.192078 7.217374011
4.10634 50000000 13870281 1407308093 40475814 4511188 383.117065 6.545804608
4.22161 50000000 15502921 1462337215 40536566 5076847 393.703247 6.705028666
4.5324 50000000 15109613 1576696396 40553108 5263683 412.167847 7.020588264
4.70985 50000000 13880265 1628597097 40586832 5236531 420.597290 7.158834938
4.3137 50000000 14382793 1476272689 40495631 5020290 397.124146 6.764524176
4.44549 50000000 13658885 1532928136 40779381 4918929 406.947510 6.930086931
4.24463 50000000 13450070 1519690008 40680193 5009904 395.080566 6.729498853
4.35575 50000000 14084796 1485175513 40372621 5340145 400.245911 6.828327319
4.49927 50000000 16029776 1557456992 40205081 5674880 410.513062 6.997120204
4.67921 50000000 15086663 1630506864 40463339 5417064 425.944763 7.256643633
4.42557 50000000 12208423 1552666304 40786205 4435393 401.774231 6.846188419
