"Validation time(S)" "Commits" "Aborts" "Val Reads" "Val success" "Val fail" "Energy (J)" "Time(S)"
0.109652 1000000 7296 91756299 23166 710 305.257629 5.139895916
0.108834 1000000 7334 90964448 23220 769 292.649048 5.002319098
0.10997 1000000 7264 91595945 23057 732 308.746460 5.221502066
0.109779 1000000 7362 92479298 22993 805 306.589600 5.120938943
0.109631 1000000 7330 91576036 23003 768 305.764099 5.125312415
0.110374 1000000 7253 92349121 23025 747 308.923706 5.170555527
0.109571 1000000 7452 91831956 23141 782 304.785522 5.120856542
0.10916 1000000 7265 91965620 22894 751 311.839294 5.236389209
0.10974 1000000 7480 92294134 23201 723 306.037537 5.165583145
0.110275 1000000 7203 92765882 23110 720 312.552795 5.233979715
0.110863 1000000 8261 93245257 23387 863 308.035706 5.141205479
0.111013 1000000 7233 91030952 22939 707 312.605469 5.193403573
0.109379 1000000 7417 91938950 23023 757 308.385986 5.143976640
0.109845 1000000 7537 92761850 23001 777 307.427124 5.126437888
0.106822 1000000 7315 89608505 22665 723 299.561462 5.018596437
0.10741 1000000 8891 90692785 22829 1013 309.362427 5.158002955
0.10872 1000000 7337 91824593 22855 717 307.157227 5.123146589
0.110589 1000000 7245 92880756 22857 757 317.036255 5.278749253
0.108655 1000000 7282 91240869 22798 751 310.001587 5.178294540
0.110604 1000000 7234 93202571 23481 762 305.088867 5.081428689
