"Validation time(S)" "Commits" "Aborts" "Val Reads" "Val success" "Val fail" "Energy (J)" "Time(S)"
4.7e-05 10000 3 18955 948 0 0.557068 0.009717941
5.2e-05 10000 5 18196 911 2 0.532043 0.010366917
5.2e-05 10000 6 26562 1330 0 0.583740 0.010201216
3.7e-05 10000 3 15681 784 1 0.530945 0.010177851
4.2e-05 10000 6 17219 861 1 0.538574 0.009958029
4.1e-05 10000 2 16999 850 0 0.571960 0.009978056
4.1e-05 10000 2 21337 1067 0 0.557434 0.009636164
4e-05 10000 6 18085 905 0 0.571045 0.010138988
6e-05 10000 2 19873 995 0 0.591858 0.009621859
5e-05 10000 5 19451 973 0 0.586365 0.010128975
3.8e-05 10000 9 17859 893 0 0.570496 0.010055065
5e-05 10000 6 18590 929 2 0.588928 0.009733200
5.3e-05 10000 6 17009 849 3 0.542297 0.010159016
5.5e-05 10000 2 18732 936 1 0.529968 0.009788036
4e-05 10000 2 17349 868 0 0.574036 0.010171175
3.9e-05 10000 4 17888 897 0 0.587341 0.010127068
5.1e-05 10000 6 18939 948 0 0.572998 0.009891987
4.4e-05 10000 7 16599 831 1 0.581543 0.010231972
5.1e-05 10000 7 17029 852 0 0.565552 0.010316849
3.4e-05 10000 5 16555 827 1 0.542297 0.009768009
5e-05 10000 7 20646 1033 0 0.538269 0.009720144
5e-05 10000 5 20763 1038 1 0.521545 0.009716042
5e-05 10000 3 20801 1041 0 0.548218 0.009626900
5.1e-05 10000 5 20694 1035 0 0.538452 0.009631093
5.2e-05 10000 3 21194 1062 0 0.508423 0.009012653
5e-05 10000 6 21471 1074 0 0.518799 0.009646214
5.2e-05 10000 2 21693 1085 0 0.554199 0.009378845
5.1e-05 10000 7 20989 1050 0 0.553650 0.009206544
4.7e-05 10000 6 19527 978 2 0.524536 0.009737465
4.9e-05 10000 9 19617 981 2 0.523865 0.009484699
