"Validation time(S)" "Commits" "Aborts" "Val Reads" "Val success" "Val fail" "Energy (J)" "Time(S)"
5.3e-05 2734 4445 9037 1876 1 0.140259 0.003342152
4.7e-05 2734 4342 9258 1922 0 0.147644 0.003349781
4e-05 2734 4373 9059 1871 0 0.143555 0.003429890
5e-05 2734 4555 9088 1880 0 0.174988 0.003607988
4.9e-05 2734 3984 9107 1886 1 0.149902 0.003118038
4.8e-05 2734 3946 8808 1820 0 0.138794 0.003502846
3.5e-05 2734 4085 9214 1914 0 0.137573 0.003265142
5.2e-05 2734 4204 9150 1874 0 0.145264 0.003117085
3.8e-05 2734 4259 9107 1891 0 0.179688 0.003288031
5.1e-05 2734 4017 9129 1877 0 0.179321 0.003619909
4.2e-05 2734 4075 9078 1886 0 0.172729 0.003366947
3.3e-05 2734 3943 8958 1850 0 0.142578 0.003345013
4.6e-05 2734 4295 9140 1888 0 0.174133 0.003181934
4.3e-05 2734 3787 9212 1896 0 0.176086 0.003239155
3.7e-05 2734 4337 9188 1904 0 0.143372 0.003314972
4.4e-05 2734 4410 9086 1878 0 0.148254 0.003057003
5.3e-05 2734 3817 9082 1890 0 0.143860 0.002964020
4.6e-05 2734 4375 9128 1880 0 0.147644 0.003178120
3.9e-05 2734 3989 9001 1865 0 0.171326 0.003459930
3.8e-05 2734 4217 9138 1882 0 0.140930 0.003366947
4e-05 2734 8906 9093 1873 0 0.142090 0.003391027
4.5e-05 2734 4138 9049 1877 0 0.136658 0.003355026
4.6e-05 2734 3896 9186 1898 0 0.138184 0.003390074
5.1e-05 2734 4187 9091 1875 0 0.138611 0.003261805
4e-05 2734 4063 9087 1871 0 0.179260 0.003504992
3.3e-05 2734 4229 9202 1898 0 0.140686 0.003092051
4.6e-05 2734 4240 9102 1878 0 0.165161 0.004207850
4e-05 2734 4211 9047 1879 0 0.137329 0.003573179
4.1e-05 2734 4160 9098 1894 0 0.143188 0.002982140
4.1e-05 2734 4202 9106 1870 0 0.139648 0.003160954
4.1e-05 2734 4114 9182 1902 0 0.138550 0.003453970
