"Validation time(S)" "Commits" "Aborts" "Val Reads" "Val success" "Val fail" "Energy (J)" "Time(S)"
0.000279 21849 6361 74625 10959 0 2.895203 0.056576014
0.000232 21849 5658 75121 10963 0 2.849487 0.056442976
0.00024 21849 6622 74104 10870 0 2.869873 0.056010962
0.000231 21849 6086 76584 11190 0 2.889465 0.056592941
0.000228 21849 5559 75807 11055 0 2.906921 0.057065010
0.000247 21849 6038 75434 10994 0 2.842773 0.056603909
0.000225 21849 6687 74088 10824 0 2.889648 0.056393862
0.000253 21849 6709 73987 10837 0 2.865784 0.056026936
0.000276 21849 6958 73411 10729 0 2.843933 0.056581020
0.000242 21849 6609 74892 10962 0 2.854919 0.056294918
0.000244 21849 6006 74660 10934 0 2.851807 0.056200027
0.000233 21849 5930 74869 10885 0 2.865112 0.056311846
0.000228 21849 6169 75422 11024 0 2.850708 0.056094885
0.000246 21849 6041 75709 11065 0 2.880310 0.056485891
0.000238 21849 5850 75705 11055 0 2.843689 0.056053162
0.000244 21849 5975 75820 11086 0 2.857666 0.055986166
0.000247 21849 6319 75063 10953 0 2.856323 0.056152105
0.000241 21849 6536 74157 10917 0 2.853149 0.056192875
0.000256 21849 5778 73718 10790 0 2.857727 0.056138039
0.000244 21849 6440 75181 11041 0 2.871033 0.056104898
0.000244 21849 6912 74962 11008 0 2.848816 0.056198835
0.000229 21849 6346 73948 10822 0 2.879395 0.056550980
0.000237 21849 6169 73058 10658 0 2.885132 0.056174994
0.000236 21849 5701 76887 11181 0 2.870178 0.056137085
0.000242 21849 5467 74538 10848 0 2.857727 0.056435108
0.00025 21849 5696 75100 10942 0 2.888855 0.056633949
0.000232 21849 6006 76388 11144 0 2.837769 0.056374073
0.00026 21849 6086 75146 11018 0 2.854858 0.056021214
0.00021 21849 6435 73959 10821 0 2.853577 0.056227922
0.000213 21849 6279 73317 10677 0 2.843140 0.056142807
0.000223 21849 6819 75483 11019 0 2.886780 0.056224108
