"Validation time(S)" "Commits" "Aborts" "Val Reads" "Val success" "Val fail" "Energy (J)" "Time(S)"
2.4e-05 2734 793 6134 1254 0 0.273376 0.006083012
2.1e-05 2734 1026 5998 1234 0 0.283325 0.006093025
2.5e-05 2734 738 5920 1220 0 0.262146 0.006293774
3.8e-05 2734 1976 6071 1243 0 0.283813 0.006021023
2.1e-05 2734 810 6124 1264 0 0.287476 0.006048918
2.6e-05 2734 493 6222 1274 0 0.238647 0.005984068
2.5e-05 2734 687 6273 1285 0 0.270264 0.006072044
3.6e-05 2734 605 6344 1288 0 0.304810 0.006491899
3e-05 2734 641 6184 1264 0 0.274292 0.006109953
2.7e-05 2734 753 5889 1209 0 0.273376 0.006090879
1.8e-05 2734 812 6340 1304 0 0.276611 0.006195068
2.6e-05 2734 678 6057 1248 1 0.272278 0.006208897
2.8e-05 2734 726 5895 1211 0 0.271057 0.006368160
2.4e-05 2734 729 6150 1266 0 0.268494 0.006325006
2.3e-05 2734 1177 6002 1242 0 0.288391 0.006016016
4.5e-05 2734 656 6122 1262 0 0.275146 0.006377935
2.4e-05 2734 808 6154 1278 0 0.274963 0.006250858
2.6e-05 2734 740 6182 1270 0 0.308533 0.006314039
2.1e-05 2734 990 6031 1263 0 0.269592 0.005967140
2.8e-05 2734 690 5998 1230 0 0.276978 0.006150007
2.1e-05 2734 735 6056 1240 0 0.277588 0.006010056
2.6e-05 2734 883 5895 1219 0 0.272034 0.006170034
2.3e-05 2734 880 6231 1283 0 0.284485 0.006026030
2.5e-05 2734 1137 6065 1269 0 0.280151 0.006201982
3.1e-05 2734 777 5998 1238 0 0.315613 0.006288052
2.3e-05 2734 459 6285 1289 0 0.291260 0.006010056
2.4e-05 2734 744 6080 1256 0 0.281799 0.006058931
2.8e-05 2734 776 6098 1254 0 0.280518 0.006125927
2.8e-05 2734 658 6113 1249 0 0.277771 0.006157875
2.3e-05 2734 674 5909 1217 0 0.268677 0.006116867
2.3e-05 2734 592 6281 1281 0 0.272400 0.006017208
