"Validation time(S)" "Commits" "Aborts" "Val Reads" "Val success" "Val fail" "Energy (J)" "Time(S)"
2e-06 132 21 1464 76 0 0.320862 0.005692959
7e-06 132 23 1434 78 0 0.324524 0.005759001
5e-06 132 23 1552 77 0 0.353027 0.007024050
7e-06 132 31 1511 83 0 0.370483 0.007055044
2e-06 132 27 1564 81 0 0.334106 0.006525993
3e-06 132 30 1508 82 0 0.370117 0.007047892
2e-06 132 30 1515 82 0 0.368958 0.007117033
7e-06 132 19 1500 78 0 0.259094 0.005223036
2e-06 132 21 1468 76 0 0.272278 0.005694151
3e-06 132 30 1487 83 0 0.371887 0.007169962
4e-06 132 30 1496 83 0 0.372803 0.007115126
0 132 15 1438 75 0 0.305908 0.005783081
1e-06 132 22 1463 75 0 0.282227 0.005687952
5e-06 132 29 1483 79 0 0.369019 0.007173061
3e-06 132 31 1491 81 0 0.369995 0.007511854
6e-06 132 27 1506 81 0 0.425598 0.010351896
1e-06 132 31 1489 84 0 0.339050 0.006984949
4e-06 132 29 1555 83 0 0.327209 0.006340981
2e-06 132 28 1569 83 0 0.324646 0.006519079
1e-06 132 19 1503 80 0 0.309937 0.005594969
6e-06 132 30 1508 84 0 0.342041 0.007055044
2e-06 132 30 1524 83 0 0.334717 0.007113218
3e-06 132 16 1457 76 0 0.275452 0.005592823
2e-06 132 22 1464 75 0 0.286743 0.005720854
4e-06 132 21 1396 75 0 0.316772 0.005769014
5e-06 132 30 1494 83 0 0.338257 0.007033110
5e-06 132 30 1496 82 0 0.369385 0.006998062
5e-06 132 31 1500 83 0 0.373291 0.006994009
5e-06 132 42 1517 84 0 0.287476 0.005512953
6e-06 132 21 1412 77 0 0.321472 0.006258011
4e-06 132 31 1481 83 0 0.335693 0.007066965
