"Validation time(S)" "Commits" "Aborts" "Val Reads" "Val success" "Val fail" "Energy (J)" "Time(S)"
1e-06 180 31 1395 87 0 0.162231 0.003389120
3e-06 180 32 1463 86 0 0.162292 0.003443003
3e-06 180 36 1406 90 0 0.209045 0.003591061
3e-06 180 33 1426 83 0 0.182617 0.003490925
3e-06 180 31 1438 84 0 0.211365 0.003422976
3e-06 180 32 1394 85 0 0.160828 0.003367901
6e-06 180 43 1463 88 0 0.214905 0.003495932
6e-06 180 31 1417 90 0 0.166870 0.003457069
5e-06 180 31 1454 84 0 0.168091 0.003439903
4e-06 180 33 1435 91 0 0.160522 0.003425121
5e-06 180 41 1306 84 0 0.178894 0.003344059
8e-06 180 30 1197 74 0 0.178101 0.003372192
6e-06 180 31 1448 83 0 0.211487 0.003433943
3e-06 180 93 1445 88 0 0.217163 0.003620863
2e-06 180 32 1216 74 0 0.172302 0.003457069
3e-06 180 31 1451 83 0 0.172058 0.003424883
2e-06 180 1521 1266 83 0 0.167358 0.003525019
2e-06 180 35 1435 91 0 0.164978 0.003232956
6e-06 180 31 1411 88 0 0.163696 0.003324986
4e-06 180 34 1468 94 0 0.180237 0.003318071
4e-06 180 33 1451 83 0 0.207275 0.003465891
7e-06 180 32 1376 79 0 0.165955 0.003423214
3e-06 180 36 1307 79 2 0.162231 0.003444910
2e-06 180 36 1451 94 0 0.163147 0.003252029
6e-06 180 34 1562 92 0 0.170471 0.003731966
5e-06 180 28 1339 81 0 0.173645 0.003205061
0 180 31 1446 83 0 0.170471 0.003436804
5e-06 180 27 1276 85 0 0.175293 0.003262997
6e-06 180 34 1378 88 0 0.176819 0.003432989
8e-06 180 34 1440 89 0 0.205566 0.003859043
3e-06 180 29 1324 86 0 0.177673 0.003155947
