"Validation time(S)" "Commits" "Aborts" "Val Reads" "Val success" "Val fail" "Energy (J)" "Time(S)"
0.338004 15000000 7760186 255526906 6814544 278 156.457275 2.817400932
0.341233 15000000 7729398 257206783 6859326 1065 154.786255 2.794569969
0.344755 15000000 7702205 257809119 6854168 517 155.380798 2.803017855
0.341935 15000000 7661413 258088064 6873270 312 156.769897 2.828819036
0.342636 15000000 7679154 258574947 6891974 353 157.006958 2.825953960
0.341224 15000000 7640321 258185727 6868224 954 153.303223 2.765845776
0.339707 15000000 7733987 257569605 6846990 474 155.667175 2.797332048
0.341632 15000000 7679015 258100044 6871001 331 157.221863 2.831924915
0.338496 15000000 7707132 256571493 6835225 1199 155.261719 2.797610998
0.34196 15000000 7647878 259164966 6905321 278 157.740112 2.835431814
0.345852 15000000 7682346 257750265 6880274 303 157.032959 2.822271824
0.340046 15000000 7645175 258330927 6879887 538 154.537354 2.771846056
0.342626 15000000 7651440 259156983 6901927 295 157.657959 2.840111971
0.338736 15000000 7702663 257153827 6861005 551 155.951416 2.811899900
0.344806 15000000 7765713 255908033 6820907 281 156.859436 2.821523905
0.341866 15000000 7664465 258556591 6901336 297 157.911804 2.840000153
0.345149 15000000 7676083 258372237 6874456 255 157.274719 2.836198092
0.345035 15000000 7719177 255921169 6824352 928 156.530640 2.816430092
0.337088 15000000 7735096 256210253 6835740 1096 154.836853 2.782219172
0.339631 15000000 7736050 255709218 6816668 252 156.278015 2.818795919
