"Validation time(S)" "Commits" "Aborts" "Val Reads" "Val success" "Val fail" "Energy (J)" "Time(S)"
0.053615 25000000 1175692 38701456 1134199 82 126.007629 2.161560059
0.05409 25000000 1148171 39010376 1142378 95 127.159729 2.186148882
0.053649 25000000 1150902 38928476 1144152 88 127.617981 2.169781923
0.053462 25000000 1153539 39014364 1146464 229 125.172485 2.143641949
0.052841 25000000 1185750 38603967 1134223 85 126.129700 2.165270090
0.039741 25000000 835728 28224796 832239 104 125.510925 2.202501059
0.05403 25000000 1163072 38756770 1138771 100 126.293457 2.152337074
0.054966 25000000 1159097 39668090 1164657 155 127.159241 2.178366899
0.052534 25000000 1121036 38044752 1114173 225 126.161926 2.138411999
0.054286 25000000 1159500 38790538 1140213 89 126.218445 2.158686876
0.054974 25000000 1148927 39521289 1157306 98 126.392456 2.167222023
0.050988 25000000 1101126 37134013 1081098 77 126.567871 2.146631956
0.052841 25000000 1171444 38765417 1136198 103 126.729980 2.165497065
0.052565 25000000 1160628 38580767 1132677 95 124.994385 2.149837017
0.053727 25000000 1176663 38643671 1132640 113 126.109802 2.158192158
0.052862 25000000 1163582 39006001 1141738 106 125.474365 2.154162884
0.053315 25000000 1172111 38694873 1131773 129 126.541443 2.155897856
0.052785 25000000 1152196 38850555 1141261 286 124.461365 2.135137081
0.053657 25000000 1161463 38586429 1129620 87 126.242004 2.159706831
0.053244 25000000 1164971 38841109 1139087 125 126.055115 2.157103062
