"Validation time(S)" "Commits" "Aborts" "Val Reads" "Val success" "Val fail" "Energy (J)" "Time(S)"
0.001399 93699 74 83142 83142 0 1.016296 0.035503149
0.001369 93699 80 84309 84309 0 1.114746 0.034488916
0.00146 93699 82 84690 84690 0 1.003784 0.035291910
0.001422 93695 78 82523 82523 0 1.030945 0.035099030
0.001409 93699 68 84148 84148 0 1.010010 0.035450935
0.00145 93699 74 82661 82661 0 1.005127 0.035234928
0.001436 93699 43 82603 82603 0 1.078552 0.035234928
0.001445 93699 69 83609 83609 0 1.015076 0.035325050
0.001459 93699 80 84332 84332 0 1.121033 0.035337925
0.001437 93695 115 84923 84923 0 1.113647 0.034820080
0.00133 93699 63 83650 83650 0 1.018799 0.035607100
0.001427 93699 85 83471 83471 0 1.126404 0.035490990
0.00142 93699 66 84251 84251 0 1.134949 0.035634995
0.001351 93699 70 83263 83263 0 1.010315 0.034729004
0.001322 93699 83 82729 82729 0 1.012939 0.034682989
0.001396 93699 61 85128 85128 0 1.010132 0.035534620
0.001453 93699 63 83213 83213 0 1.036560 0.035732031
0.001386 93699 108 84283 84283 0 1.038574 0.035640955
0.001471 93695 68 83671 83671 0 1.017212 0.035660982
0.001395 93699 80 83234 83234 0 1.009094 0.035583973
0.001411 93695 89 83381 83381 0 0.992126 0.035011053
0.00137 93699 67 83640 83640 0 0.994019 0.034937620
0.001405 93695 74 84116 84116 0 1.017639 0.035749912
0.001389 93699 79 82944 82944 0 0.989746 0.034815788
0.00139 93697 72 84180 84180 0 1.043701 0.035649776
0.001401 93695 61 83363 83363 0 1.025940 0.035544872
0.001404 93699 70 84462 84462 0 1.110107 0.034542084
0.00147 93695 73 84188 84188 0 1.105835 0.034712076
0.001435 93699 82 84365 84365 0 0.996460 0.035036087
0.001431 93699 84 84161 84161 0 1.020569 0.035353184
0.001336 93699 74 82711 82711 0 1.010193 0.035499096
