"Validation time(S)" "Commits" "Aborts" "Val Reads" "Val success" "Val fail" "Energy (J)" "Time(S)"
6.2e-05 10000 9 22505 1126 1 0.525757 0.009699821
7.5e-05 10000 6 21836 1092 1 0.571411 0.010411978
6.2e-05 10000 5 22474 1124 1 0.542664 0.009917974
4.6e-05 10000 5 21774 1089 2 0.526672 0.010124922
6.2e-05 10000 4 20360 1019 0 0.554688 0.009793043
6.9e-05 10000 4 23538 1177 1 0.570496 0.009842157
5.4e-05 10000 2 22059 1104 0 0.545654 0.009717941
5.8e-05 10000 4 21720 1086 0 0.557861 0.010354996
4.8e-05 10000 6 19238 963 0 0.571838 0.010262966
5.1e-05 10000 5 23964 1199 0 0.570862 0.010310173
5e-05 10000 7 21298 1066 0 0.535645 0.009660006
5.6e-05 10000 6 22676 1134 1 0.558899 0.010457993
5.5e-05 10000 8 21859 1093 3 0.580811 0.009975910
5.5e-05 10000 8 23478 1174 3 0.532776 0.010218859
5.7e-05 10000 4 21480 1075 0 0.546387 0.009747982
6.4e-05 10000 7 20837 1043 1 0.549133 0.009850979
4.9e-05 10000 6 20705 1035 2 0.577759 0.010098934
5.6e-05 10000 4 22579 1129 0 0.583313 0.009886980
4.2e-05 10000 6 19635 982 2 0.538147 0.009756804
5.5e-05 10000 4 22787 1140 0 0.569702 0.010323048
