"Validation time(S)" "Commits" "Aborts" "Val Reads" "Val success" "Val fail" "Energy (J)" "Time(S)"
0.597482 1000000 5108038 264485792 1763633 151770 348.419006 6.310931921
0.60124 1000000 5106684 264547775 1765238 152208 348.321167 6.321875811
0.597595 1000000 5075848 263140116 1756925 150737 346.495300 6.341670990
0.598965 1000000 5104251 264875753 1766921 152038 350.650269 6.295240879
0.60226 1000000 5060741 263630335 1761204 150320 346.794312 6.343995094
0.597019 1000000 4983930 259433870 1733283 148540 348.232178 6.394265890
0.599992 1000000 5109976 264837532 1766729 152556 345.844177 6.297191143
0.599067 1000000 5116301 264793473 1767247 151401 345.766846 6.305499077
0.597096 1000000 5108748 264602956 1764923 151639 346.399414 6.296706915
0.598903 1000000 5104535 264816622 1766888 151884 345.596375 6.299926043
0.599931 1000000 5115265 264961098 1767685 152129 345.942505 6.300652981
0.596082 1000000 5009393 260493148 1739106 149236 351.603027 6.377815962
0.597779 1000000 5105536 264621943 1764634 150929 347.233276 6.298918009
0.596049 1000000 5068360 263279265 1757257 150582 347.229065 6.314142942
0.599479 1000000 5096350 264924721 1766872 152167 349.318359 6.294623852
0.59723 1000000 5107227 264448061 1763714 151408 352.901978 6.296931982
0.598143 1000000 5092170 263379674 1756849 150939 353.223267 6.330605984
0.598973 1000000 5117714 264952777 1767501 152475 345.914490 6.306776047
0.599653 1000000 5103754 264881722 1767529 151500 345.171021 6.288589001
0.597679 1000000 5111856 264811856 1766373 151831 345.443787 6.294867992
