"Validation time(S)" "Commits" "Aborts" "Val Reads" "Val success" "Val fail" "Energy (J)" "Time(S)"
0.004262 1000000 374 1856556 92890 56 58.506470 1.050693035
0.003814 1000000 338 1698656 85005 53 54.753357 0.911554813
0.004076 1000000 345 1781941 89166 55 56.709778 0.980741024
0.004399 1000000 367 1869594 93549 58 62.903320 1.171183109
0.003762 1000000 306 1704935 85313 36 54.815735 0.914162874
0.003695 1000000 312 1705817 85366 43 54.721802 0.911602974
0.003801 1000000 303 1721618 86137 56 54.967529 0.918586969
0.003763 1000000 333 1739199 87027 48 54.748962 0.911898136
0.003808 1000000 312 1772757 88701 51 54.917419 0.915636063
0.003884 1000000 323 1766364 88386 49 56.638794 0.980794191
0.004231 1000000 342 1886180 94370 61 60.404297 1.140599012
0.003983 1000000 350 1776359 88889 49 54.801270 0.912302017
0.004334 1000000 361 1943537 97261 52 54.925354 0.916908026
0.003802 1000000 315 1723750 86259 42 54.786682 0.912258863
0.004157 1000000 375 1880278 94084 63 56.684814 0.982275963
0.003802 1000000 332 1753424 87742 59 54.937378 0.917767048
0.003981 1000000 340 1742506 87197 50 56.503906 0.980630159
0.004298 1000000 390 1891082 94622 67 60.018311 1.113605976
0.003843 1000000 306 1755334 87833 42 54.756836 0.912064075
0.003682 1000000 296 1688350 84477 57 54.747070 0.911339998
