"Validation time(S)" "Commits" "Aborts" "Val Reads" "Val success" "Val fail" "Energy (J)" "Time(S)"
0.394102 2548411 30645873 152908747 742641 2315 327.653076 2.583642006
0.39444 2548103 30760946 151507294 742390 1785 329.250916 2.597254992
0.391349 2547541 30604221 150489879 740783 6150 327.768188 2.603997946
0.392827 2548479 30545424 151085184 742455 2063 327.158142 2.579785824
0.393558 2548793 31022489 151249939 742201 2417 330.183838 2.600874901
0.393874 2548150 30808765 150362965 741290 2177 329.365967 2.594883204
0.393459 2548694 31267580 150679812 740835 2313 330.160461 2.610116959
0.395457 2548715 30818265 152206662 741944 2607 328.072083 2.605102062
0.394727 2549607 31079775 150776970 743025 1958 327.708374 2.615000010
0.392835 2549888 30863537 150353596 742710 3334 328.012268 2.597873211
0.39623 2549126 31193179 151991066 742648 2023 330.991028 2.627744913
0.392502 2547669 30492331 151189273 742680 1791 328.652100 2.567358017
0.394357 2549166 30717142 151638511 743025 1972 330.358704 2.581794977
0.391173 2550389 30848982 150970932 743124 2110 331.938599 2.590872049
0.392439 2549755 30763379 150354624 742325 2525 329.358398 2.584233999
0.395266 2549531 31071791 152951005 742588 2047 331.313171 2.606963158
0.390345 2547749 30408946 149910975 742570 1900 326.608704 2.577944994
0.392358 2548347 32293049 150534838 742573 2542 331.297424 2.648460865
0.389812 2548739 30713526 150827051 742203 2145 328.430603 2.585468054
0.394542 2549735 30907944 150948510 742002 2113 327.473145 2.603084087
0.393401 2549059 31214383 151561232 742815 2083 328.908203 2.628180027
0.396224 2549377 30940352 150273848 742348 2278 329.714478 2.610416889
0.396356 2549308 31100007 152705135 742389 2115 328.799194 2.617317200
0.392296 2550613 30883570 150246981 742082 2004 329.515259 2.592824936
0.392328 2548457 30834948 150495000 743383 2042 329.718323 2.604398012
0.395524 2549796 31155277 151662529 742595 2460 328.335022 2.614351034
0.392768 2548132 30745520 151560332 742575 2166 326.050781 2.581324100
0.397028 2550084 31619760 150456445 742400 2239 332.905457 2.653002024
0.390973 2548882 30912058 150310598 742778 1898 331.859619 2.608086109
0.39602 2548876 30959682 151962440 742549 3695 332.102112 2.640107155
0.392208 2548372 31421919 151462846 745776 2267 331.621826 2.623825788
