"Validation time(S)" "Commits" "Aborts" "Val Reads" "Val success" "Val fail" "Energy (J)" "Time(S)"
0.000678 5049 82459 225247 1284 55 0.373535 0.005902052
0.000752 5130 73731 232276 1327 33 0.399719 0.005542994
0.000672 5167 81881 228015 1327 63 0.412537 0.006241083
0.000672 5081 77316 230234 1305 49 0.364441 0.005609035
0.000674 5036 79749 223351 1309 22 0.387268 0.005954027
0.000711 5100 73150 235471 1364 36 0.384827 0.006036997
0.000663 4985 62376 229723 1299 50 0.384399 0.005391121
0.000685 5099 76373 225852 1276 47 0.367249 0.005543947
0.000639 4970 70114 227149 1295 40 0.337036 0.005297899
0.000652 5076 77247 227198 1322 37 0.337646 0.005435944
0.00066 5193 79554 232637 1337 45 0.380615 0.005835056
0.000691 5067 73145 221250 1273 47 0.374695 0.005493879
0.000637 4961 72904 224080 1299 32 0.328735 0.005115986
0.000706 5010 65467 234176 1327 43 0.380859 0.005316973
0.000631 4890 60261 216809 1248 36 0.378723 0.005161047
0.000624 4945 89184 219449 1257 52 0.399353 0.006779909
0.000677 5110 84927 231162 1331 56 0.382812 0.005930901
0.000674 5160 78878 224698 1279 49 0.386414 0.005469799
0.000664 5099 68438 229530 1318 17 0.376831 0.005278111
0.000684 5078 90520 225610 1309 20 0.430725 0.007080078
0.000663 5089 72859 230931 1337 27 0.384338 0.005409002
0.000629 5147 75666 223422 1298 37 0.369324 0.005457163
0.000687 5084 76552 226008 1295 46 0.424866 0.006428003
0.000695 5072 76151 232438 1357 65 0.375549 0.005769014
0.000689 5131 74159 229308 1313 41 0.387207 0.005425930
0.000681 5161 80523 231558 1320 39 0.372559 0.005520105
0.000653 5016 65825 226384 1291 30 0.331177 0.005174875
0.000681 5058 76013 231787 1306 46 0.390137 0.005716085
0.000691 5077 73090 225718 1314 46 0.367188 0.005725145
0.000678 5196 69282 234775 1334 42 0.398376 0.005849838
0.00069 5224 96463 228216 1328 57 0.420166 0.006510973
0.000748 5125 110471 228210 1310 37 0.451355 0.008144140
0.000664 5099 79306 228592 1313 34 0.377808 0.005572081
0.000672 5135 80235 229892 1308 40 0.388794 0.005729914
0.000661 5061 72631 222726 1299 31 0.372009 0.005257130
0.000715 5151 104301 237452 1341 46 0.406494 0.007151127
0.000712 5239 93087 232102 1321 48 0.424133 0.005925894
0.000645 5171 87428 230198 1313 32 0.371277 0.005761862
0.00069 4984 59394 233985 1330 23 0.376465 0.005080938
0.000692 5098 76250 225896 1336 32 0.386841 0.005614996
0.000685 5075 68596 229107 1348 31 0.409424 0.006099939
0.000686 5101 70685 223682 1327 46 0.382019 0.005582094
0.000673 5057 67066 226114 1307 36 0.381897 0.005403042
0.000677 5158 77520 230178 1328 43 0.359070 0.005430222
