"Validation time(S)" "Commits" "Aborts" "Val Reads" "Val success" "Val fail" "Energy (J)" "Time(S)"
53.190887 1099747 9 34837876 1066866 0 1743.629944 61.563122680
53.196775 1097390 9 35138687 1064461 0 1740.599609 61.570251546
53.221355 1097696 9 34477398 1064654 0 1741.064392 61.564569444
53.160320 1099415 9 33365152 1066374 0 1743.550171 61.567381438
53.390989 1102801 9 35065148 1069793 0 1740.198914 61.568698944
53.254121 1096223 9 35237902 1063273 0 1744.451721 61.559964897
53.220114 1099005 9 35049479 1065873 0 1743.266846 61.569161580
53.128009 1090293 9 34687822 1057652 0 1740.929138 61.632222720
53.240120 1099176 9 36070537 1066327 0 1733.884644 61.575593808
53.359946 1099425 9 34789986 1066449 0 1753.160095 61.637391830
53.160991 1101618 9 33888736 1068318 0 1738.586182 61.563881472
53.242137 1106016 9 34973294 1072617 0 1759.330933 61.568535925
53.279905 1101573 9 35038961 1068374 0 1763.392090 61.574036787
53.189476 1099381 9 34999371 1066322 0 1749.652344 61.568050581
53.240932 1085992 9 35301063 1053297 0 1747.496094 61.568786843
53.252003 1097085 9 34235387 1064034 0 1747.683960 61.573738383
53.275430 1104370 9 35611968 1071236 0 1812.505920 61.601550164
53.209804 1093119 9 33683577 1060229 0 1870.012634 61.572457349
53.190954 1072769 9 32877438 1040642 0 1906.353943 61.582370975
