"Validation time(S)" "Commits" "Aborts" "Val Reads" "Val success" "Val fail" "Energy (J)" "Time(S)"
10.237577 9798264 9 235146776 195925 0 1795.999084 61.567610510
9.943627 9401750 9 241865577 187884 0 1806.531616 61.574083396
10.006258 9552065 9 232382505 190186 0 1793.834839 61.566633617
9.839076 9395881 9 234389545 187412 0 1787.970093 61.581754308
10.058218 9664343 9 231337582 190710 0 1799.488708 61.570219210
10.301314 9791417 9 235176963 195041 0 1791.833618 61.564682726
10.032885 9597514 9 231174204 190660 0 1798.600525 61.572149135
10.160778 9708583 9 234772424 193892 0 1802.405212 61.566675859
9.695688 9251121 9 225289739 183907 0 1786.710266 61.563898155
9.809544 9328596 9 226266087 185811 0 1801.016418 61.567990555
9.968939 9532237 9 238020727 189245 0 1784.306396 61.565854636
10.155157 9617451 9 236482947 191099 0 1796.571899 61.563753588
10.016007 9533108 9 227500761 189549 0 1800.412476 61.562056304
9.743143 9375576 9 225927206 186581 0 1794.814331 61.653349452
9.954935 9555077 9 228500026 189860 0 1795.195496 61.571982376
9.788415 9265402 9 232410827 184622 0 1813.513367 61.560548046
10.175711 9644272 9 228350482 190985 0 1868.707581 61.567170857
9.907810 9246120 9 236878979 184607 0 1892.322327 61.604464172
10.031529 9454134 9 236144971 188266 0 1877.587585 61.589846648
