TinySTM-igpu-cpu-persistent-dynamic-split-multithreaded-wbetl 0.001554 0.000144 0.001554 0.000145 0.000041 0.000187 1.000000 0 0 0 305279.227273 377.472447 294282.863636 50014.201416 10996.363636 50391.668733 82.318182 377.229299 0.045455 0.208299 1.000000 0 0 0 0 0 687.659354 36.587921 20.105000 0.010153 
TinySTM-igpu-cpu-persistent-dynamic-split-multithreaded-wbetl-lsa 0.001585 0.000005 0.001585 0.000006 0 0 1.000000 0 0 0 305196.545455 2.807899 305196.545455 2.807899 0 0 0 0 0 0 1.000000 0 0 0 0 0 692.030362 1.995301 20.165909 0.004209 
TinySTM-igpu-cpu-persistent-dynamic-split-multithreaded-wbetl 0.001554 0.000144 0.001554 0.000145 0.000041 0.000187 1.000000 0 0 0 305279.227273 377.472447 294282.863636 50014.201416 10996.363636 50391.668733 82.318182 377.229299 0.045455 0.208299 1.000000 0 0 0 0 0 687.659354 36.587921 20.105000 0.010153 
TinySTM-igpu-cpu-persistent-dynamic-split-multithreaded-wbetl-lsa 0.001585 0.000005 0.001585 0.000006 0 0 1.000000 0 0 0 305196.545455 2.807899 305196.545455 2.807899 0 0 0 0 0 0 1.000000 0 0 0 0 0 692.030362 1.995301 20.165909 0.004209 
TinySTM-igpu-cpu-persistent-dynamic-split-multithreaded-wbetl 0.001554 0.000144 0.001554 0.000145 0.000041 0.000187 1.000000 0 0 0 305279.227273 377.472447 294282.863636 50014.201416 10996.363636 50391.668733 82.318182 377.229299 0.045455 0.208299 1.000000 0 0 0 0 0 687.659354 36.587921 20.105000 0.010153 
TinySTM-igpu-cpu-persistent-dynamic-split-multithreaded-wbetl-lsa 0.001585 0.000005 0.001585 0.000006 0 0 1.000000 0 0 0 305196.545455 2.807899 305196.545455 2.807899 0 0 0 0 0 0 1.000000 0 0 0 0 0 692.030362 1.995301 20.165909 0.004209 
TinySTM-igpu-cpu-persistent-dynamic-split-multithreaded-wbetl 0.001554 0.000144 0.001554 0.000145 0.000041 0.000187 1.000000 0 0 0 305279.227273 377.472447 294282.863636 50014.201416 10996.363636 50391.668733 82.318182 377.229299 0.045455 0.208299 1.000000 0 0 0 0 0 687.659354 36.587921 20.105000 0.010153 
TinySTM-igpu-cpu-persistent-dynamic-split-multithreaded-wbetl-lsa 0.001585 0.000005 0.001585 0.000006 0 0 1.000000 0 0 0 305196.545455 2.807899 305196.545455 2.807899 0 0 0 0 0 0 1.000000 0 0 0 0 0 692.030362 1.995301 20.165909 0.004209 
TinySTM-igpu-cpu-persistent-dynamic-split-multithreaded-wbetl 0.001554 0.000144 0.001554 0.000145 0.000041 0.000187 1.000000 0 0 0 305279.227273 377.472447 294282.863636 50014.201416 10996.363636 50391.668733 82.318182 377.229299 0.045455 0.208299 1.000000 0 0 0 0 0 687.659354 36.587921 20.105000 0.010153 
TinySTM-igpu-cpu-persistent-dynamic-split-multithreaded-wbetl-lsa 0.001585 0.000005 0.001585 0.000006 0 0 1.000000 0 0 0 305196.545455 2.807899 305196.545455 2.807899 0 0 0 0 0 0 1.000000 0 0 0 0 0 692.030362 1.995301 20.165909 0.004209 
TinySTM-igpu-cpu-persistent-dynamic-split-multithreaded-wbetl 0.001554 0.000144 0.001554 0.000145 0.000041 0.000187 1.000000 0 0 0 305279.227273 377.472447 294282.863636 50014.201416 10996.363636 50391.668733 82.318182 377.229299 0.045455 0.208299 1.000000 0 0 0 0 0 687.659354 36.587921 20.105000 0.010153 
TinySTM-igpu-cpu-persistent-dynamic-split-multithreaded-wbetl-lsa 0.001585 0.000005 0.001585 0.000006 0 0 1.000000 0 0 0 305196.545455 2.807899 305196.545455 2.807899 0 0 0 0 0 0 1.000000 0 0 0 0 0 692.030362 1.995301 20.165909 0.004209 
TinySTM-igpu-cpu-persistent-dynamic-split-multithreaded-wbetl 0.001554 0.000144 0.001554 0.000145 0.000041 0.000187 1.000000 0 0 0 305279.227273 377.472447 294282.863636 50014.201416 10996.363636 50391.668733 82.318182 377.229299 0.045455 0.208299 1.000000 0 0 0 0 0 687.659354 36.587921 20.105000 0.010153 
TinySTM-igpu-cpu-persistent-dynamic-split-multithreaded-wbetl-lsa 0.001585 0.000005 0.001585 0.000006 0 0 1.000000 0 0 0 305196.545455 2.807899 305196.545455 2.807899 0 0 0 0 0 0 1.000000 0 0 0 0 0 692.030362 1.995301 20.165909 0.004209 
