TinySTM-igpu-cpu-persistent-dynamic-split-multithreaded-wbetl 0.001556 0.000154 0.001556 0.000155 0.000039 0.000177 1.000000 0 0 0 305385.681818 860.067988 295122.409091 46172.158047 10263.272727 47032.224151 187.818182 860.691035 0.045455 0.208299 1.000000 0 0 0 0 0 687.778248 35.649050 20.107045 0.009083 
TinySTM-igpu-cpu-persistent-dynamic-split-multithreaded-wbetl-lsa 0.001582 0.000006 0.001582 0.000006 0 0 1.000000 0 0 0 305197.000000 1.858641 305197.000000 1.858641 0 0 0 0 0 0 1.000000 0 0 0 0 0 693.045782 2.503925 20.169727 0.007967 
TinySTM-igpu-cpu-persistent-dynamic-split-multithreaded-wbetl 0.001556 0.000154 0.001556 0.000155 0.000039 0.000177 1.000000 0 0 0 305385.681818 860.067988 295122.409091 46172.158047 10263.272727 47032.224151 187.818182 860.691035 0.045455 0.208299 1.000000 0 0 0 0 0 687.778248 35.649050 20.107045 0.009083 
TinySTM-igpu-cpu-persistent-dynamic-split-multithreaded-wbetl-lsa 0.001582 0.000006 0.001582 0.000006 0 0 1.000000 0 0 0 305197.000000 1.858641 305197.000000 1.858641 0 0 0 0 0 0 1.000000 0 0 0 0 0 693.045782 2.503925 20.169727 0.007967 
TinySTM-igpu-cpu-persistent-dynamic-split-multithreaded-wbetl 0.001556 0.000154 0.001556 0.000155 0.000039 0.000177 1.000000 0 0 0 305385.681818 860.067988 295122.409091 46172.158047 10263.272727 47032.224151 187.818182 860.691035 0.045455 0.208299 1.000000 0 0 0 0 0 687.778248 35.649050 20.107045 0.009083 
TinySTM-igpu-cpu-persistent-dynamic-split-multithreaded-wbetl-lsa 0.001582 0.000006 0.001582 0.000006 0 0 1.000000 0 0 0 305197.000000 1.858641 305197.000000 1.858641 0 0 0 0 0 0 1.000000 0 0 0 0 0 693.045782 2.503925 20.169727 0.007967 
TinySTM-igpu-cpu-persistent-dynamic-split-multithreaded-wbetl 0.001556 0.000154 0.001556 0.000155 0.000039 0.000177 1.000000 0 0 0 305385.681818 860.067988 295122.409091 46172.158047 10263.272727 47032.224151 187.818182 860.691035 0.045455 0.208299 1.000000 0 0 0 0 0 687.778248 35.649050 20.107045 0.009083 
TinySTM-igpu-cpu-persistent-dynamic-split-multithreaded-wbetl-lsa 0.001582 0.000006 0.001582 0.000006 0 0 1.000000 0 0 0 305197.000000 1.858641 305197.000000 1.858641 0 0 0 0 0 0 1.000000 0 0 0 0 0 693.045782 2.503925 20.169727 0.007967 
TinySTM-igpu-cpu-persistent-dynamic-split-multithreaded-wbetl 0.001556 0.000154 0.001556 0.000155 0.000039 0.000177 1.000000 0 0 0 305385.681818 860.067988 295122.409091 46172.158047 10263.272727 47032.224151 187.818182 860.691035 0.045455 0.208299 1.000000 0 0 0 0 0 687.778248 35.649050 20.107045 0.009083 
TinySTM-igpu-cpu-persistent-dynamic-split-multithreaded-wbetl-lsa 0.001582 0.000006 0.001582 0.000006 0 0 1.000000 0 0 0 305197.000000 1.858641 305197.000000 1.858641 0 0 0 0 0 0 1.000000 0 0 0 0 0 693.045782 2.503925 20.169727 0.007967 
TinySTM-igpu-cpu-persistent-dynamic-split-multithreaded-wbetl 0.001556 0.000154 0.001556 0.000155 0.000039 0.000177 1.000000 0 0 0 305385.681818 860.067988 295122.409091 46172.158047 10263.272727 47032.224151 187.818182 860.691035 0.045455 0.208299 1.000000 0 0 0 0 0 687.778248 35.649050 20.107045 0.009083 
TinySTM-igpu-cpu-persistent-dynamic-split-multithreaded-wbetl-lsa 0.001582 0.000006 0.001582 0.000006 0 0 1.000000 0 0 0 305197.000000 1.858641 305197.000000 1.858641 0 0 0 0 0 0 1.000000 0 0 0 0 0 693.045782 2.503925 20.169727 0.007967 
TinySTM-igpu-cpu-persistent-dynamic-split-multithreaded-wbetl 0.001556 0.000154 0.001556 0.000155 0.000039 0.000177 1.000000 0 0 0 305385.681818 860.067988 295122.409091 46172.158047 10263.272727 47032.224151 187.818182 860.691035 0.045455 0.208299 1.000000 0 0 0 0 0 687.778248 35.649050 20.107045 0.009083 
TinySTM-igpu-cpu-persistent-dynamic-split-multithreaded-wbetl-lsa 0.001582 0.000006 0.001582 0.000006 0 0 1.000000 0 0 0 305197.000000 1.858641 305197.000000 1.858641 0 0 0 0 0 0 1.000000 0 0 0 0 0 693.045782 2.503925 20.169727 0.007967 
