TinySTM-igpu-cpu-persistent-dynamic-split-multithreaded-amd-wbetl 0.104696 0.022051 0.104690 0.022049 0 0 1.000000 0 0 0 305197.200000 2.039608 305197.200000 2.039608 0 0 0 0 0 0 1.000000 0 0 0 0 0 653.907799 18.525719 20.881650 0.562254 
TinySTM-igpu-cpu-persistent-dynamic-split-multithreaded-amd-wbetl-lsa 0 0 0 0 0 0 0 0 0 0 0 0 0 0 0 0
TinySTM-igpu-cpu-persistent-dynamic-split-multithreaded-wbetl 0.001591 0.000026 0.001589 0.000026 0 0 1.000000 0 0 0 305196.761905 2.265786 305196.761905 2.265786 0 0 0 0 0 0 1.000000 0 0 0 0 0 749.365670 19.278870 20.723238 0.493580 
TinySTM-igpu-cpu-persistent-dynamic-split-multithreaded-wbetl-lsa 0.001593 0.000025 0.001591 0.000025 0 0 1.000000 0 0 0 305196.806452 2.494114 305196.806452 2.494114 0 0 0 0 0 0 1.000000 0 0 0 0 0 829.751991 23.659879 22.917129 0.634317 
TinySTM-igpu-cpu-persistent-dynamic-split-multithreaded-amd-wbetl 0.104696 0.022051 0.104690 0.022049 0 0 1.000000 0 0 0 305197.200000 2.039608 305197.200000 2.039608 0 0 0 0 0 0 1.000000 0 0 0 0 0 653.907799 18.525719 20.881650 0.562254 
TinySTM-igpu-cpu-persistent-dynamic-split-multithreaded-amd-wbetl-lsa 0 0 0 0 0 0 0 0 0 0 0 0 0 0 0 0
TinySTM-igpu-cpu-persistent-dynamic-split-multithreaded-wbetl 0.001591 0.000026 0.001589 0.000026 0 0 1.000000 0 0 0 305196.761905 2.265786 305196.761905 2.265786 0 0 0 0 0 0 1.000000 0 0 0 0 0 749.365670 19.278870 20.723238 0.493580 
TinySTM-igpu-cpu-persistent-dynamic-split-multithreaded-wbetl-lsa 0.001593 0.000025 0.001591 0.000025 0 0 1.000000 0 0 0 305196.806452 2.494114 305196.806452 2.494114 0 0 0 0 0 0 1.000000 0 0 0 0 0 829.751991 23.659879 22.917129 0.634317 
TinySTM-igpu-cpu-persistent-dynamic-split-multithreaded-amd-wbetl 0.104696 0.022051 0.104690 0.022049 0 0 1.000000 0 0 0 305197.200000 2.039608 305197.200000 2.039608 0 0 0 0 0 0 1.000000 0 0 0 0 0 653.907799 18.525719 20.881650 0.562254 
TinySTM-igpu-cpu-persistent-dynamic-split-multithreaded-amd-wbetl-lsa 0 0 0 0 0 0 0 0 0 0 0 0 0 0 0 0
TinySTM-igpu-cpu-persistent-dynamic-split-multithreaded-wbetl 0.001591 0.000026 0.001589 0.000026 0 0 1.000000 0 0 0 305196.761905 2.265786 305196.761905 2.265786 0 0 0 0 0 0 1.000000 0 0 0 0 0 749.365670 19.278870 20.723238 0.493580 
TinySTM-igpu-cpu-persistent-dynamic-split-multithreaded-wbetl-lsa 0.001593 0.000025 0.001591 0.000025 0 0 1.000000 0 0 0 305196.806452 2.494114 305196.806452 2.494114 0 0 0 0 0 0 1.000000 0 0 0 0 0 829.751991 23.659879 22.917129 0.634317 
TinySTM-igpu-cpu-persistent-dynamic-split-multithreaded-amd-wbetl 0.104696 0.022051 0.104690 0.022049 0 0 1.000000 0 0 0 305197.200000 2.039608 305197.200000 2.039608 0 0 0 0 0 0 1.000000 0 0 0 0 0 653.907799 18.525719 20.881650 0.562254 
TinySTM-igpu-cpu-persistent-dynamic-split-multithreaded-amd-wbetl-lsa 0 0 0 0 0 0 0 0 0 0 0 0 0 0 0 0
TinySTM-igpu-cpu-persistent-dynamic-split-multithreaded-wbetl 0.001591 0.000026 0.001589 0.000026 0 0 1.000000 0 0 0 305196.761905 2.265786 305196.761905 2.265786 0 0 0 0 0 0 1.000000 0 0 0 0 0 749.365670 19.278870 20.723238 0.493580 
TinySTM-igpu-cpu-persistent-dynamic-split-multithreaded-wbetl-lsa 0.001593 0.000025 0.001591 0.000025 0 0 1.000000 0 0 0 305196.806452 2.494114 305196.806452 2.494114 0 0 0 0 0 0 1.000000 0 0 0 0 0 829.751991 23.659879 22.917129 0.634317 
TinySTM-igpu-cpu-persistent-dynamic-split-multithreaded-amd-wbetl 0.104696 0.022051 0.104690 0.022049 0 0 1.000000 0 0 0 305197.200000 2.039608 305197.200000 2.039608 0 0 0 0 0 0 1.000000 0 0 0 0 0 653.907799 18.525719 20.881650 0.562254 
TinySTM-igpu-cpu-persistent-dynamic-split-multithreaded-amd-wbetl-lsa 0 0 0 0 0 0 0 0 0 0 0 0 0 0 0 0
TinySTM-igpu-cpu-persistent-dynamic-split-multithreaded-wbetl 0.001591 0.000026 0.001589 0.000026 0 0 1.000000 0 0 0 305196.761905 2.265786 305196.761905 2.265786 0 0 0 0 0 0 1.000000 0 0 0 0 0 749.365670 19.278870 20.723238 0.493580 
TinySTM-igpu-cpu-persistent-dynamic-split-multithreaded-wbetl-lsa 0.001593 0.000025 0.001591 0.000025 0 0 1.000000 0 0 0 305196.806452 2.494114 305196.806452 2.494114 0 0 0 0 0 0 1.000000 0 0 0 0 0 829.751991 23.659879 22.917129 0.634317 
TinySTM-igpu-cpu-persistent-dynamic-split-multithreaded-amd-wbetl 0.104696 0.022051 0.104690 0.022049 0 0 1.000000 0 0 0 305197.200000 2.039608 305197.200000 2.039608 0 0 0 0 0 0 1.000000 0 0 0 0 0 653.907799 18.525719 20.881650 0.562254 
TinySTM-igpu-cpu-persistent-dynamic-split-multithreaded-amd-wbetl-lsa 0 0 0 0 0 0 0 0 0 0 0 0 0 0 0 0
TinySTM-igpu-cpu-persistent-dynamic-split-multithreaded-wbetl 0.001591 0.000026 0.001589 0.000026 0 0 1.000000 0 0 0 305196.761905 2.265786 305196.761905 2.265786 0 0 0 0 0 0 1.000000 0 0 0 0 0 749.365670 19.278870 20.723238 0.493580 
TinySTM-igpu-cpu-persistent-dynamic-split-multithreaded-wbetl-lsa 0.001593 0.000025 0.001591 0.000025 0 0 1.000000 0 0 0 305196.806452 2.494114 305196.806452 2.494114 0 0 0 0 0 0 1.000000 0 0 0 0 0 829.751991 23.659879 22.917129 0.634317 
TinySTM-igpu-cpu-persistent-dynamic-split-multithreaded-amd-wbetl 0.104696 0.022051 0.104690 0.022049 0 0 1.000000 0 0 0 305197.200000 2.039608 305197.200000 2.039608 0 0 0 0 0 0 1.000000 0 0 0 0 0 653.907799 18.525719 20.881650 0.562254 
TinySTM-igpu-cpu-persistent-dynamic-split-multithreaded-wbetl 0.001591 0.000026 0.001589 0.000026 0 0 1.000000 0 0 0 305196.761905 2.265786 305196.761905 2.265786 0 0 0 0 0 0 1.000000 0 0 0 0 0 749.365670 19.278870 20.723238 0.493580 
TinySTM-igpu-cpu-persistent-dynamic-split-multithreaded-wbetl-lsa 0.001593 0.000025 0.001591 0.000025 0 0 1.000000 0 0 0 305196.806452 2.494114 305196.806452 2.494114 0 0 0 0 0 0 1.000000 0 0 0 0 0 829.751991 23.659879 22.917129 0.634317 
