TinySTM-igpu-cpu-persistent-dynamic-split-multithreaded-amd-wbetl 0.108627 0.018115 0.108622 0.018115 0 0 1.000000 0 0 0 305196.900000 2.374868 305196.900000 2.374868 0 0 0 0 0 0 1.000000 0 0 0 0 0 651.341930 17.542052 20.831275 0.503857 
TinySTM-igpu-cpu-persistent-dynamic-split-multithreaded-amd-wbetl-lsa 0 0 0 0 0 0 0 0 0 0 0 0 0 0 0 0
TinySTM-igpu-cpu-persistent-dynamic-split-multithreaded-wbetl 0.001563 0.000136 0.001562 0.000137 0.000040 0.000183 1.000000 0 0 0 305373.454545 808.619403 294621.454545 48463.237612 10752.000000 49271.853872 176.545455 809.032909 0.045455 0.208299 1.000000 0 0 0 0 0 736.978788 43.913019 20.599409 0.478683 
TinySTM-igpu-cpu-persistent-dynamic-split-multithreaded-wbetl-lsa 0.001587 0.000017 0.001586 0.000017 0 0 1.000000 0 0 0 305197.354839 1.976448 305197.354839 1.976448 0 0 0 0 0 0 1.000000 0 0 0 0 0 836.930134 14.308839 23.122968 0.380986 
TinySTM-igpu-cpu-persistent-dynamic-split-multithreaded-amd-wbetl 0.108627 0.018115 0.108622 0.018115 0 0 1.000000 0 0 0 305196.900000 2.374868 305196.900000 2.374868 0 0 0 0 0 0 1.000000 0 0 0 0 0 651.341930 17.542052 20.831275 0.503857 
TinySTM-igpu-cpu-persistent-dynamic-split-multithreaded-amd-wbetl-lsa 0 0 0 0 0 0 0 0 0 0 0 0 0 0 0 0
TinySTM-igpu-cpu-persistent-dynamic-split-multithreaded-wbetl 0.001563 0.000136 0.001562 0.000137 0.000040 0.000183 1.000000 0 0 0 305373.454545 808.619403 294621.454545 48463.237612 10752.000000 49271.853872 176.545455 809.032909 0.045455 0.208299 1.000000 0 0 0 0 0 736.978788 43.913019 20.599409 0.478683 
TinySTM-igpu-cpu-persistent-dynamic-split-multithreaded-wbetl-lsa 0.001587 0.000017 0.001586 0.000017 0 0 1.000000 0 0 0 305197.354839 1.976448 305197.354839 1.976448 0 0 0 0 0 0 1.000000 0 0 0 0 0 836.930134 14.308839 23.122968 0.380986 
TinySTM-igpu-cpu-persistent-dynamic-split-multithreaded-amd-wbetl 0.108627 0.018115 0.108622 0.018115 0 0 1.000000 0 0 0 305196.900000 2.374868 305196.900000 2.374868 0 0 0 0 0 0 1.000000 0 0 0 0 0 651.341930 17.542052 20.831275 0.503857 
TinySTM-igpu-cpu-persistent-dynamic-split-multithreaded-amd-wbetl-lsa 0 0 0 0 0 0 0 0 0 0 0 0 0 0 0 0
TinySTM-igpu-cpu-persistent-dynamic-split-multithreaded-wbetl 0.001563 0.000136 0.001562 0.000137 0.000040 0.000183 1.000000 0 0 0 305373.454545 808.619403 294621.454545 48463.237612 10752.000000 49271.853872 176.545455 809.032909 0.045455 0.208299 1.000000 0 0 0 0 0 736.978788 43.913019 20.599409 0.478683 
TinySTM-igpu-cpu-persistent-dynamic-split-multithreaded-wbetl-lsa 0.001587 0.000017 0.001586 0.000017 0 0 1.000000 0 0 0 305197.354839 1.976448 305197.354839 1.976448 0 0 0 0 0 0 1.000000 0 0 0 0 0 836.930134 14.308839 23.122968 0.380986 
TinySTM-igpu-cpu-persistent-dynamic-split-multithreaded-amd-wbetl 0.108627 0.018115 0.108622 0.018115 0 0 1.000000 0 0 0 305196.900000 2.374868 305196.900000 2.374868 0 0 0 0 0 0 1.000000 0 0 0 0 0 651.341930 17.542052 20.831275 0.503857 
TinySTM-igpu-cpu-persistent-dynamic-split-multithreaded-amd-wbetl-lsa 0 0 0 0 0 0 0 0 0 0 0 0 0 0 0 0
TinySTM-igpu-cpu-persistent-dynamic-split-multithreaded-wbetl 0.001563 0.000136 0.001562 0.000137 0.000040 0.000183 1.000000 0 0 0 305373.454545 808.619403 294621.454545 48463.237612 10752.000000 49271.853872 176.545455 809.032909 0.045455 0.208299 1.000000 0 0 0 0 0 736.978788 43.913019 20.599409 0.478683 
TinySTM-igpu-cpu-persistent-dynamic-split-multithreaded-wbetl-lsa 0.001587 0.000017 0.001586 0.000017 0 0 1.000000 0 0 0 305197.354839 1.976448 305197.354839 1.976448 0 0 0 0 0 0 1.000000 0 0 0 0 0 836.930134 14.308839 23.122968 0.380986 
TinySTM-igpu-cpu-persistent-dynamic-split-multithreaded-amd-wbetl 0.108627 0.018115 0.108622 0.018115 0 0 1.000000 0 0 0 305196.900000 2.374868 305196.900000 2.374868 0 0 0 0 0 0 1.000000 0 0 0 0 0 651.341930 17.542052 20.831275 0.503857 
TinySTM-igpu-cpu-persistent-dynamic-split-multithreaded-amd-wbetl-lsa 0 0 0 0 0 0 0 0 0 0 0 0 0 0 0 0
TinySTM-igpu-cpu-persistent-dynamic-split-multithreaded-wbetl 0.001563 0.000136 0.001562 0.000137 0.000040 0.000183 1.000000 0 0 0 305373.454545 808.619403 294621.454545 48463.237612 10752.000000 49271.853872 176.545455 809.032909 0.045455 0.208299 1.000000 0 0 0 0 0 736.978788 43.913019 20.599409 0.478683 
TinySTM-igpu-cpu-persistent-dynamic-split-multithreaded-wbetl-lsa 0.001587 0.000017 0.001586 0.000017 0 0 1.000000 0 0 0 305197.354839 1.976448 305197.354839 1.976448 0 0 0 0 0 0 1.000000 0 0 0 0 0 836.930134 14.308839 23.122968 0.380986 
TinySTM-igpu-cpu-persistent-dynamic-split-multithreaded-amd-wbetl 0.108627 0.018115 0.108622 0.018115 0 0 1.000000 0 0 0 305196.900000 2.374868 305196.900000 2.374868 0 0 0 0 0 0 1.000000 0 0 0 0 0 651.341930 17.542052 20.831275 0.503857 
TinySTM-igpu-cpu-persistent-dynamic-split-multithreaded-amd-wbetl-lsa 0 0 0 0 0 0 0 0 0 0 0 0 0 0 0 0
TinySTM-igpu-cpu-persistent-dynamic-split-multithreaded-wbetl 0.001563 0.000136 0.001562 0.000137 0.000040 0.000183 1.000000 0 0 0 305373.454545 808.619403 294621.454545 48463.237612 10752.000000 49271.853872 176.545455 809.032909 0.045455 0.208299 1.000000 0 0 0 0 0 736.978788 43.913019 20.599409 0.478683 
TinySTM-igpu-cpu-persistent-dynamic-split-multithreaded-wbetl-lsa 0.001587 0.000017 0.001586 0.000017 0 0 1.000000 0 0 0 305197.354839 1.976448 305197.354839 1.976448 0 0 0 0 0 0 1.000000 0 0 0 0 0 836.930134 14.308839 23.122968 0.380986 
TinySTM-igpu-cpu-persistent-dynamic-split-multithreaded-amd-wbetl 0.108627 0.018115 0.108622 0.018115 0 0 1.000000 0 0 0 305196.900000 2.374868 305196.900000 2.374868 0 0 0 0 0 0 1.000000 0 0 0 0 0 651.341930 17.542052 20.831275 0.503857 
TinySTM-igpu-cpu-persistent-dynamic-split-multithreaded-wbetl 0.001563 0.000136 0.001562 0.000137 0.000040 0.000183 1.000000 0 0 0 305373.454545 808.619403 294621.454545 48463.237612 10752.000000 49271.853872 176.545455 809.032909 0.045455 0.208299 1.000000 0 0 0 0 0 736.978788 43.913019 20.599409 0.478683 
TinySTM-igpu-cpu-persistent-dynamic-split-multithreaded-wbetl-lsa 0.001587 0.000017 0.001586 0.000017 0 0 1.000000 0 0 0 305197.354839 1.976448 305197.354839 1.976448 0 0 0 0 0 0 1.000000 0 0 0 0 0 836.930134 14.308839 23.122968 0.380986 
TinySTM-igpu-cpu-persistent-dynamic-split-multithreaded-amd-wbetl 0.108627 0.018115 0.108622 0.018115 0 0 1.000000 0 0 0 305196.900000 2.374868 305196.900000 2.374868 0 0 0 0 0 0 1.000000 0 0 0 0 0 651.341930 17.542052 20.831275 0.503857 
TinySTM-igpu-cpu-persistent-dynamic-split-multithreaded-wbetl 0.001563 0.000136 0.001562 0.000137 0.000040 0.000183 1.000000 0 0 0 305373.454545 808.619403 294621.454545 48463.237612 10752.000000 49271.853872 176.545455 809.032909 0.045455 0.208299 1.000000 0 0 0 0 0 736.978788 43.913019 20.599409 0.478683 
TinySTM-igpu-cpu-persistent-dynamic-split-multithreaded-wbetl-lsa 0.001587 0.000017 0.001586 0.000017 0 0 1.000000 0 0 0 305197.354839 1.976448 305197.354839 1.976448 0 0 0 0 0 0 1.000000 0 0 0 0 0 836.930134 14.308839 23.122968 0.380986 
TinySTM-igpu-cpu-persistent-dynamic-split-multithreaded-amd-wbetl 0.108627 0.018115 0.108622 0.018115 0 0 1.000000 0 0 0 305196.900000 2.374868 305196.900000 2.374868 0 0 0 0 0 0 1.000000 0 0 0 0 0 651.341930 17.542052 20.831275 0.503857 
TinySTM-igpu-cpu-persistent-dynamic-split-multithreaded-wbetl 0.001563 0.000136 0.001562 0.000137 0.000040 0.000183 1.000000 0 0 0 305373.454545 808.619403 294621.454545 48463.237612 10752.000000 49271.853872 176.545455 809.032909 0.045455 0.208299 1.000000 0 0 0 0 0 736.978788 43.913019 20.599409 0.478683 
TinySTM-igpu-cpu-persistent-dynamic-split-multithreaded-wbetl-lsa 0.001587 0.000017 0.001586 0.000017 0 0 1.000000 0 0 0 305197.354839 1.976448 305197.354839 1.976448 0 0 0 0 0 0 1.000000 0 0 0 0 0 836.930134 14.308839 23.122968 0.380986 
