TinySTM-igpu-cpu-persistent-dynamic-split-multithreaded-wbetl 0.001607 0.000098 0.001606 0.000098 0 0 1.000000 0 0 0 305197.333333 2.167582 305197.333333 2.167582 0 0 0 0 0 0 1.000000 0 0 0 0 0 695.492911 3.960903 20.105476 0.009674 
TinySTM-igpu-cpu-persistent-dynamic-split-multithreaded-wbetl-lsa 0.001588 0.000011 0.001588 0.000011 0 0 1.000000 0 0 0 305196.818182 1.849726 305196.818182 1.849726 0 0 0 0 0 0 1.000000 0 0 0 0 0 693.467352 2.018971 20.169091 0.009894 
TinySTM-igpu-cpu-persistent-dynamic-split-multithreaded-wbetl 0.001607 0.000098 0.001606 0.000098 0 0 1.000000 0 0 0 305197.333333 2.167582 305197.333333 2.167582 0 0 0 0 0 0 1.000000 0 0 0 0 0 695.492911 3.960903 20.105476 0.009674 
TinySTM-igpu-cpu-persistent-dynamic-split-multithreaded-wbetl-lsa 0.001588 0.000011 0.001588 0.000011 0 0 1.000000 0 0 0 305196.818182 1.849726 305196.818182 1.849726 0 0 0 0 0 0 1.000000 0 0 0 0 0 693.467352 2.018971 20.169091 0.009894 
TinySTM-igpu-cpu-persistent-dynamic-split-multithreaded-wbetl 0.001607 0.000098 0.001606 0.000098 0 0 1.000000 0 0 0 305197.333333 2.167582 305197.333333 2.167582 0 0 0 0 0 0 1.000000 0 0 0 0 0 695.492911 3.960903 20.105476 0.009674 
TinySTM-igpu-cpu-persistent-dynamic-split-multithreaded-wbetl-lsa 0.001588 0.000011 0.001588 0.000011 0 0 1.000000 0 0 0 305196.818182 1.849726 305196.818182 1.849726 0 0 0 0 0 0 1.000000 0 0 0 0 0 693.467352 2.018971 20.169091 0.009894 
TinySTM-igpu-cpu-persistent-dynamic-split-multithreaded-wbetl 0.001607 0.000098 0.001606 0.000098 0 0 1.000000 0 0 0 305197.333333 2.167582 305197.333333 2.167582 0 0 0 0 0 0 1.000000 0 0 0 0 0 695.492911 3.960903 20.105476 0.009674 
TinySTM-igpu-cpu-persistent-dynamic-split-multithreaded-wbetl-lsa 0.001588 0.000011 0.001588 0.000011 0 0 1.000000 0 0 0 305196.818182 1.849726 305196.818182 1.849726 0 0 0 0 0 0 1.000000 0 0 0 0 0 693.467352 2.018971 20.169091 0.009894 
TinySTM-igpu-cpu-persistent-dynamic-split-multithreaded-wbetl 0.001607 0.000098 0.001606 0.000098 0 0 1.000000 0 0 0 305197.333333 2.167582 305197.333333 2.167582 0 0 0 0 0 0 1.000000 0 0 0 0 0 695.492911 3.960903 20.105476 0.009674 
TinySTM-igpu-cpu-persistent-dynamic-split-multithreaded-wbetl-lsa 0.001588 0.000011 0.001588 0.000011 0 0 1.000000 0 0 0 305196.818182 1.849726 305196.818182 1.849726 0 0 0 0 0 0 1.000000 0 0 0 0 0 693.467352 2.018971 20.169091 0.009894 
TinySTM-igpu-cpu-persistent-dynamic-split-multithreaded-wbetl 0.001607 0.000098 0.001606 0.000098 0 0 1.000000 0 0 0 305197.333333 2.167582 305197.333333 2.167582 0 0 0 0 0 0 1.000000 0 0 0 0 0 695.492911 3.960903 20.105476 0.009674 
TinySTM-igpu-cpu-persistent-dynamic-split-multithreaded-wbetl-lsa 0.001588 0.000011 0.001588 0.000011 0 0 1.000000 0 0 0 305196.818182 1.849726 305196.818182 1.849726 0 0 0 0 0 0 1.000000 0 0 0 0 0 693.467352 2.018971 20.169091 0.009894 
TinySTM-igpu-cpu-persistent-dynamic-split-multithreaded-wbetl 0.001607 0.000098 0.001606 0.000098 0 0 1.000000 0 0 0 305197.333333 2.167582 305197.333333 2.167582 0 0 0 0 0 0 1.000000 0 0 0 0 0 695.492911 3.960903 20.105476 0.009674 
TinySTM-igpu-cpu-persistent-dynamic-split-multithreaded-wbetl-lsa 0.001588 0.000011 0.001588 0.000011 0 0 1.000000 0 0 0 305196.818182 1.849726 305196.818182 1.849726 0 0 0 0 0 0 1.000000 0 0 0 0 0 693.467352 2.018971 20.169091 0.009894 
