TinySTM-igpu-cpu-persistent-dynamic-split-multithreaded-amd-wbetl 3.487464 1.598118 3.387050 1.599807 0.097566 0.029599 119.800000 27.343372 2475385922.675000 656694960.989678 34661971.625000 9527992.051414 10398470.825000 5077141.215786 24263500.800000 6889720.872128 1532899.400000 1076774.468063 16.600000 3.411744 43.975000 10.966967 0 0 6.650000 3.198046 9500.280010 1908.766412 62.620600 12.689472 
TinySTM-igpu-cpu-persistent-dynamic-split-multithreaded-wbetl 0.290893 0.065633 0.125675 0.059458 0.131948 0.033132 179.193548 24.500717 1201811806.451613 130036411.559599 45381103.612903 9256427.901573 8978473.419355 4579997.192188 36402630.193548 8077936.582987 2523021.193548 1220059.327864 26.709677 3.936541 56.580645 8.661275 0 0 10.935484 3.130861 1997.709089 120.029811 26.857226 1.688008 
TinySTM-igpu-cpu-persistent-dynamic-split-multithreaded-wbetl-lsa 0.095475 0.068227 0.045284 0.056476 0.000388 0.000096 211.580645 25.337431 1331824442.612903 385859593.862685 3538111.064516 4415690.724930 3462326.806452 4410876.968941 75784.258065 15530.475412 11495869.516129 5432658.454001 16.677419 3.392469 47.935484 21.229826 111.129032 20.554792 79.161290 16.932688 2293.406067 145.010337 32.766871 1.934539 
TinySTM-igpu-cpu-persistent-dynamic-split-multithreaded-amd-wbetl 3.487464 1.598118 3.387050 1.599807 0.097566 0.029599 119.800000 27.343372 2475385922.675000 656694960.989678 34661971.625000 9527992.051414 10398470.825000 5077141.215786 24263500.800000 6889720.872128 1532899.400000 1076774.468063 16.600000 3.411744 43.975000 10.966967 0 0 6.650000 3.198046 9500.280010 1908.766412 62.620600 12.689472 
TinySTM-igpu-cpu-persistent-dynamic-split-multithreaded-wbetl 0.290893 0.065633 0.125675 0.059458 0.131948 0.033132 179.193548 24.500717 1201811806.451613 130036411.559599 45381103.612903 9256427.901573 8978473.419355 4579997.192188 36402630.193548 8077936.582987 2523021.193548 1220059.327864 26.709677 3.936541 56.580645 8.661275 0 0 10.935484 3.130861 1997.709089 120.029811 26.857226 1.688008 
TinySTM-igpu-cpu-persistent-dynamic-split-multithreaded-wbetl-lsa 0.095475 0.068227 0.045284 0.056476 0.000388 0.000096 211.580645 25.337431 1331824442.612903 385859593.862685 3538111.064516 4415690.724930 3462326.806452 4410876.968941 75784.258065 15530.475412 11495869.516129 5432658.454001 16.677419 3.392469 47.935484 21.229826 111.129032 20.554792 79.161290 16.932688 2293.406067 145.010337 32.766871 1.934539 
TinySTM-igpu-cpu-persistent-dynamic-split-multithreaded-amd-wbetl 3.487464 1.598118 3.387050 1.599807 0.097566 0.029599 119.800000 27.343372 2475385922.675000 656694960.989678 34661971.625000 9527992.051414 10398470.825000 5077141.215786 24263500.800000 6889720.872128 1532899.400000 1076774.468063 16.600000 3.411744 43.975000 10.966967 0 0 6.650000 3.198046 9500.280010 1908.766412 62.620600 12.689472 
TinySTM-igpu-cpu-persistent-dynamic-split-multithreaded-wbetl 0.290893 0.065633 0.125675 0.059458 0.131948 0.033132 179.193548 24.500717 1201811806.451613 130036411.559599 45381103.612903 9256427.901573 8978473.419355 4579997.192188 36402630.193548 8077936.582987 2523021.193548 1220059.327864 26.709677 3.936541 56.580645 8.661275 0 0 10.935484 3.130861 1997.709089 120.029811 26.857226 1.688008 
TinySTM-igpu-cpu-persistent-dynamic-split-multithreaded-wbetl-lsa 0.095475 0.068227 0.045284 0.056476 0.000388 0.000096 211.580645 25.337431 1331824442.612903 385859593.862685 3538111.064516 4415690.724930 3462326.806452 4410876.968941 75784.258065 15530.475412 11495869.516129 5432658.454001 16.677419 3.392469 47.935484 21.229826 111.129032 20.554792 79.161290 16.932688 2293.406067 145.010337 32.766871 1.934539 
TinySTM-igpu-cpu-persistent-dynamic-split-multithreaded-amd-wbetl 3.487464 1.598118 3.387050 1.599807 0.097566 0.029599 119.800000 27.343372 2475385922.675000 656694960.989678 34661971.625000 9527992.051414 10398470.825000 5077141.215786 24263500.800000 6889720.872128 1532899.400000 1076774.468063 16.600000 3.411744 43.975000 10.966967 0 0 6.650000 3.198046 9500.280010 1908.766412 62.620600 12.689472 
TinySTM-igpu-cpu-persistent-dynamic-split-multithreaded-wbetl 0.290893 0.065633 0.125675 0.059458 0.131948 0.033132 179.193548 24.500717 1201811806.451613 130036411.559599 45381103.612903 9256427.901573 8978473.419355 4579997.192188 36402630.193548 8077936.582987 2523021.193548 1220059.327864 26.709677 3.936541 56.580645 8.661275 0 0 10.935484 3.130861 1997.709089 120.029811 26.857226 1.688008 
TinySTM-igpu-cpu-persistent-dynamic-split-multithreaded-wbetl-lsa 0.095475 0.068227 0.045284 0.056476 0.000388 0.000096 211.580645 25.337431 1331824442.612903 385859593.862685 3538111.064516 4415690.724930 3462326.806452 4410876.968941 75784.258065 15530.475412 11495869.516129 5432658.454001 16.677419 3.392469 47.935484 21.229826 111.129032 20.554792 79.161290 16.932688 2293.406067 145.010337 32.766871 1.934539 
TinySTM-igpu-cpu-persistent-dynamic-split-multithreaded-amd-wbetl 3.487464 1.598118 3.387050 1.599807 0.097566 0.029599 119.800000 27.343372 2475385922.675000 656694960.989678 34661971.625000 9527992.051414 10398470.825000 5077141.215786 24263500.800000 6889720.872128 1532899.400000 1076774.468063 16.600000 3.411744 43.975000 10.966967 0 0 6.650000 3.198046 9500.280010 1908.766412 62.620600 12.689472 
TinySTM-igpu-cpu-persistent-dynamic-split-multithreaded-wbetl 0.290893 0.065633 0.125675 0.059458 0.131948 0.033132 179.193548 24.500717 1201811806.451613 130036411.559599 45381103.612903 9256427.901573 8978473.419355 4579997.192188 36402630.193548 8077936.582987 2523021.193548 1220059.327864 26.709677 3.936541 56.580645 8.661275 0 0 10.935484 3.130861 1997.709089 120.029811 26.857226 1.688008 
TinySTM-igpu-cpu-persistent-dynamic-split-multithreaded-wbetl-lsa 0.095475 0.068227 0.045284 0.056476 0.000388 0.000096 211.580645 25.337431 1331824442.612903 385859593.862685 3538111.064516 4415690.724930 3462326.806452 4410876.968941 75784.258065 15530.475412 11495869.516129 5432658.454001 16.677419 3.392469 47.935484 21.229826 111.129032 20.554792 79.161290 16.932688 2293.406067 145.010337 32.766871 1.934539 
TinySTM-igpu-cpu-persistent-dynamic-split-multithreaded-amd-wbetl 3.487464 1.598118 3.387050 1.599807 0.097566 0.029599 119.800000 27.343372 2475385922.675000 656694960.989678 34661971.625000 9527992.051414 10398470.825000 5077141.215786 24263500.800000 6889720.872128 1532899.400000 1076774.468063 16.600000 3.411744 43.975000 10.966967 0 0 6.650000 3.198046 9500.280010 1908.766412 62.620600 12.689472 
TinySTM-igpu-cpu-persistent-dynamic-split-multithreaded-wbetl 0.290893 0.065633 0.125675 0.059458 0.131948 0.033132 179.193548 24.500717 1201811806.451613 130036411.559599 45381103.612903 9256427.901573 8978473.419355 4579997.192188 36402630.193548 8077936.582987 2523021.193548 1220059.327864 26.709677 3.936541 56.580645 8.661275 0 0 10.935484 3.130861 1997.709089 120.029811 26.857226 1.688008 
TinySTM-igpu-cpu-persistent-dynamic-split-multithreaded-wbetl-lsa 0.095475 0.068227 0.045284 0.056476 0.000388 0.000096 211.580645 25.337431 1331824442.612903 385859593.862685 3538111.064516 4415690.724930 3462326.806452 4410876.968941 75784.258065 15530.475412 11495869.516129 5432658.454001 16.677419 3.392469 47.935484 21.229826 111.129032 20.554792 79.161290 16.932688 2293.406067 145.010337 32.766871 1.934539 
TinySTM-igpu-cpu-persistent-dynamic-split-multithreaded-amd-wbetl 3.487464 1.598118 3.387050 1.599807 0.097566 0.029599 119.800000 27.343372 2475385922.675000 656694960.989678 34661971.625000 9527992.051414 10398470.825000 5077141.215786 24263500.800000 6889720.872128 1532899.400000 1076774.468063 16.600000 3.411744 43.975000 10.966967 0 0 6.650000 3.198046 9500.280010 1908.766412 62.620600 12.689472 
TinySTM-igpu-cpu-persistent-dynamic-split-multithreaded-wbetl 0.290893 0.065633 0.125675 0.059458 0.131948 0.033132 179.193548 24.500717 1201811806.451613 130036411.559599 45381103.612903 9256427.901573 8978473.419355 4579997.192188 36402630.193548 8077936.582987 2523021.193548 1220059.327864 26.709677 3.936541 56.580645 8.661275 0 0 10.935484 3.130861 1997.709089 120.029811 26.857226 1.688008 
TinySTM-igpu-cpu-persistent-dynamic-split-multithreaded-wbetl-lsa 0.095475 0.068227 0.045284 0.056476 0.000388 0.000096 211.580645 25.337431 1331824442.612903 385859593.862685 3538111.064516 4415690.724930 3462326.806452 4410876.968941 75784.258065 15530.475412 11495869.516129 5432658.454001 16.677419 3.392469 47.935484 21.229826 111.129032 20.554792 79.161290 16.932688 2293.406067 145.010337 32.766871 1.934539 
TinySTM-igpu-cpu-persistent-dynamic-split-multithreaded-amd-wbetl 3.487464 1.598118 3.387050 1.599807 0.097566 0.029599 119.800000 27.343372 2475385922.675000 656694960.989678 34661971.625000 9527992.051414 10398470.825000 5077141.215786 24263500.800000 6889720.872128 1532899.400000 1076774.468063 16.600000 3.411744 43.975000 10.966967 0 0 6.650000 3.198046 9500.280010 1908.766412 62.620600 12.689472 
TinySTM-igpu-cpu-persistent-dynamic-split-multithreaded-wbetl 0.290893 0.065633 0.125675 0.059458 0.131948 0.033132 179.193548 24.500717 1201811806.451613 130036411.559599 45381103.612903 9256427.901573 8978473.419355 4579997.192188 36402630.193548 8077936.582987 2523021.193548 1220059.327864 26.709677 3.936541 56.580645 8.661275 0 0 10.935484 3.130861 1997.709089 120.029811 26.857226 1.688008 
TinySTM-igpu-cpu-persistent-dynamic-split-multithreaded-wbetl-lsa 0.095475 0.068227 0.045284 0.056476 0.000388 0.000096 211.580645 25.337431 1331824442.612903 385859593.862685 3538111.064516 4415690.724930 3462326.806452 4410876.968941 75784.258065 15530.475412 11495869.516129 5432658.454001 16.677419 3.392469 47.935484 21.229826 111.129032 20.554792 79.161290 16.932688 2293.406067 145.010337 32.766871 1.934539 
TinySTM-igpu-cpu-persistent-dynamic-split-multithreaded-amd-wbetl 3.487464 1.598118 3.387050 1.599807 0.097566 0.029599 119.800000 27.343372 2475385922.675000 656694960.989678 34661971.625000 9527992.051414 10398470.825000 5077141.215786 24263500.800000 6889720.872128 1532899.400000 1076774.468063 16.600000 3.411744 43.975000 10.966967 0 0 6.650000 3.198046 9500.280010 1908.766412 62.620600 12.689472 
TinySTM-igpu-cpu-persistent-dynamic-split-multithreaded-wbetl 0.290893 0.065633 0.125675 0.059458 0.131948 0.033132 179.193548 24.500717 1201811806.451613 130036411.559599 45381103.612903 9256427.901573 8978473.419355 4579997.192188 36402630.193548 8077936.582987 2523021.193548 1220059.327864 26.709677 3.936541 56.580645 8.661275 0 0 10.935484 3.130861 1997.709089 120.029811 26.857226 1.688008 
TinySTM-igpu-cpu-persistent-dynamic-split-multithreaded-wbetl-lsa 0.095475 0.068227 0.045284 0.056476 0.000388 0.000096 211.580645 25.337431 1331824442.612903 385859593.862685 3538111.064516 4415690.724930 3462326.806452 4410876.968941 75784.258065 15530.475412 11495869.516129 5432658.454001 16.677419 3.392469 47.935484 21.229826 111.129032 20.554792 79.161290 16.932688 2293.406067 145.010337 32.766871 1.934539 
