TinySTM-igpu-cpu-persistent-dynamic-split-multithreaded-wbetl 0.008378 0.005579 0.005157 0.000543 0 0 43659.000000 1941.112474 1802719652.636364 32204143.229533 743249.545455 33130.911417 743249.545455 33130.911417 0 0 0 0 0 0 726.545455 50.261794 0 0 15.363636 4.518100 1554.187894 10.151262 20.124545 0.026671 
TinySTM-igpu-cpu-persistent-dynamic-split-multithreaded-wbetl-lsa 0.007935 0.006052 0.005610 0.000602 0 0 42651.636364 1296.202164 1346018805.181818 19062713.454219 742018.636364 44865.393816 742018.636364 44865.393816 0 0 0 0 0 0 847.818182 72.925639 337.454545 33.909944 20.454545 10.003305 1547.367215 7.614069 20.199000 0.037045 
TinySTM-igpu-cpu-persistent-dynamic-split-multithreaded-wbetl 0.008378 0.005579 0.005157 0.000543 0 0 43659.000000 1941.112474 1802719652.636364 32204143.229533 743249.545455 33130.911417 743249.545455 33130.911417 0 0 0 0 0 0 726.545455 50.261794 0 0 15.363636 4.518100 1554.187894 10.151262 20.124545 0.026671 
TinySTM-igpu-cpu-persistent-dynamic-split-multithreaded-wbetl-lsa 0.007935 0.006052 0.005610 0.000602 0 0 42651.636364 1296.202164 1346018805.181818 19062713.454219 742018.636364 44865.393816 742018.636364 44865.393816 0 0 0 0 0 0 847.818182 72.925639 337.454545 33.909944 20.454545 10.003305 1547.367215 7.614069 20.199000 0.037045 
TinySTM-igpu-cpu-persistent-dynamic-split-multithreaded-wbetl 0.008378 0.005579 0.005157 0.000543 0 0 43659.000000 1941.112474 1802719652.636364 32204143.229533 743249.545455 33130.911417 743249.545455 33130.911417 0 0 0 0 0 0 726.545455 50.261794 0 0 15.363636 4.518100 1554.187894 10.151262 20.124545 0.026671 
TinySTM-igpu-cpu-persistent-dynamic-split-multithreaded-wbetl-lsa 0.007935 0.006052 0.005610 0.000602 0 0 42651.636364 1296.202164 1346018805.181818 19062713.454219 742018.636364 44865.393816 742018.636364 44865.393816 0 0 0 0 0 0 847.818182 72.925639 337.454545 33.909944 20.454545 10.003305 1547.367215 7.614069 20.199000 0.037045 
TinySTM-igpu-cpu-persistent-dynamic-split-multithreaded-wbetl 0.008378 0.005579 0.005157 0.000543 0 0 43659.000000 1941.112474 1802719652.636364 32204143.229533 743249.545455 33130.911417 743249.545455 33130.911417 0 0 0 0 0 0 726.545455 50.261794 0 0 15.363636 4.518100 1554.187894 10.151262 20.124545 0.026671 
TinySTM-igpu-cpu-persistent-dynamic-split-multithreaded-wbetl-lsa 0.007935 0.006052 0.005610 0.000602 0 0 42651.636364 1296.202164 1346018805.181818 19062713.454219 742018.636364 44865.393816 742018.636364 44865.393816 0 0 0 0 0 0 847.818182 72.925639 337.454545 33.909944 20.454545 10.003305 1547.367215 7.614069 20.199000 0.037045 
TinySTM-igpu-cpu-persistent-dynamic-split-multithreaded-wbetl 0.008378 0.005579 0.005157 0.000543 0 0 43659.000000 1941.112474 1802719652.636364 32204143.229533 743249.545455 33130.911417 743249.545455 33130.911417 0 0 0 0 0 0 726.545455 50.261794 0 0 15.363636 4.518100 1554.187894 10.151262 20.124545 0.026671 
TinySTM-igpu-cpu-persistent-dynamic-split-multithreaded-wbetl-lsa 0.007935 0.006052 0.005610 0.000602 0 0 42651.636364 1296.202164 1346018805.181818 19062713.454219 742018.636364 44865.393816 742018.636364 44865.393816 0 0 0 0 0 0 847.818182 72.925639 337.454545 33.909944 20.454545 10.003305 1547.367215 7.614069 20.199000 0.037045 
TinySTM-igpu-cpu-persistent-dynamic-split-multithreaded-wbetl 0.008378 0.005579 0.005157 0.000543 0 0 43659.000000 1941.112474 1802719652.636364 32204143.229533 743249.545455 33130.911417 743249.545455 33130.911417 0 0 0 0 0 0 726.545455 50.261794 0 0 15.363636 4.518100 1554.187894 10.151262 20.124545 0.026671 
TinySTM-igpu-cpu-persistent-dynamic-split-multithreaded-wbetl-lsa 0.007935 0.006052 0.005610 0.000602 0 0 42651.636364 1296.202164 1346018805.181818 19062713.454219 742018.636364 44865.393816 742018.636364 44865.393816 0 0 0 0 0 0 847.818182 72.925639 337.454545 33.909944 20.454545 10.003305 1547.367215 7.614069 20.199000 0.037045 
TinySTM-igpu-cpu-persistent-dynamic-split-multithreaded-wbetl 0.008378 0.005579 0.005157 0.000543 0 0 43659.000000 1941.112474 1802719652.636364 32204143.229533 743249.545455 33130.911417 743249.545455 33130.911417 0 0 0 0 0 0 726.545455 50.261794 0 0 15.363636 4.518100 1554.187894 10.151262 20.124545 0.026671 
TinySTM-igpu-cpu-persistent-dynamic-split-multithreaded-wbetl-lsa 0.007935 0.006052 0.005610 0.000602 0 0 42651.636364 1296.202164 1346018805.181818 19062713.454219 742018.636364 44865.393816 742018.636364 44865.393816 0 0 0 0 0 0 847.818182 72.925639 337.454545 33.909944 20.454545 10.003305 1547.367215 7.614069 20.199000 0.037045 
