TinySTM-igpu-cpu-persistent-dynamic-split-multithreaded-amd-wbetl 3.577973 1.781552 3.484653 1.780223 0.099104 0.045901 118.225000 20.408929 2320265776.225000 687158358.559232 34905323.400000 13327455.187865 10176056.200000 4842802.355557 24729267.200000 11442033.598570 1339894.600000 856641.772178 16.025000 4.003046 40.825000 8.969079 0 0 6.575000 2.923076 8912.488655 2139.737353 58.904000 13.256707 
TinySTM-igpu-cpu-persistent-dynamic-split-multithreaded-wbetl 0.272128 0.065559 0.131367 0.040480 0.122834 0.027361 169.258065 25.545617 1183538545.451613 121532929.577804 43915686.677419 8324671.604433 9584550.677419 3063757.277270 34331136.000000 7018958.454450 2575726.516129 1143505.236878 24.225806 3.997658 53.903226 8.224098 0 0 10.322581 3.196642 1999.030453 86.840778 26.849452 1.248733 
TinySTM-igpu-cpu-persistent-dynamic-split-multithreaded-wbetl-lsa 0.066159 0.054799 0.030686 0.044883 0.000364 0.000094 215.387097 30.836381 1494176122.193548 289411897.081919 2079266.064516 2405276.616103 2008857.806452 2405858.731684 70408.258065 16743.726272 9727366.193548 3545027.906335 15.064516 2.972297 35.483871 12.093376 104.580645 21.899734 86.516129 16.366510 2304.650430 227.808747 32.884903 3.529021 
TinySTM-igpu-cpu-persistent-dynamic-split-multithreaded-amd-wbetl 3.577973 1.781552 3.484653 1.780223 0.099104 0.045901 118.225000 20.408929 2320265776.225000 687158358.559232 34905323.400000 13327455.187865 10176056.200000 4842802.355557 24729267.200000 11442033.598570 1339894.600000 856641.772178 16.025000 4.003046 40.825000 8.969079 0 0 6.575000 2.923076 8912.488655 2139.737353 58.904000 13.256707 
TinySTM-igpu-cpu-persistent-dynamic-split-multithreaded-wbetl 0.272128 0.065559 0.131367 0.040480 0.122834 0.027361 169.258065 25.545617 1183538545.451613 121532929.577804 43915686.677419 8324671.604433 9584550.677419 3063757.277270 34331136.000000 7018958.454450 2575726.516129 1143505.236878 24.225806 3.997658 53.903226 8.224098 0 0 10.322581 3.196642 1999.030453 86.840778 26.849452 1.248733 
TinySTM-igpu-cpu-persistent-dynamic-split-multithreaded-wbetl-lsa 0.066159 0.054799 0.030686 0.044883 0.000364 0.000094 215.387097 30.836381 1494176122.193548 289411897.081919 2079266.064516 2405276.616103 2008857.806452 2405858.731684 70408.258065 16743.726272 9727366.193548 3545027.906335 15.064516 2.972297 35.483871 12.093376 104.580645 21.899734 86.516129 16.366510 2304.650430 227.808747 32.884903 3.529021 
TinySTM-igpu-cpu-persistent-dynamic-split-multithreaded-amd-wbetl 3.577973 1.781552 3.484653 1.780223 0.099104 0.045901 118.225000 20.408929 2320265776.225000 687158358.559232 34905323.400000 13327455.187865 10176056.200000 4842802.355557 24729267.200000 11442033.598570 1339894.600000 856641.772178 16.025000 4.003046 40.825000 8.969079 0 0 6.575000 2.923076 8912.488655 2139.737353 58.904000 13.256707 
TinySTM-igpu-cpu-persistent-dynamic-split-multithreaded-wbetl 0.272128 0.065559 0.131367 0.040480 0.122834 0.027361 169.258065 25.545617 1183538545.451613 121532929.577804 43915686.677419 8324671.604433 9584550.677419 3063757.277270 34331136.000000 7018958.454450 2575726.516129 1143505.236878 24.225806 3.997658 53.903226 8.224098 0 0 10.322581 3.196642 1999.030453 86.840778 26.849452 1.248733 
TinySTM-igpu-cpu-persistent-dynamic-split-multithreaded-wbetl-lsa 0.066159 0.054799 0.030686 0.044883 0.000364 0.000094 215.387097 30.836381 1494176122.193548 289411897.081919 2079266.064516 2405276.616103 2008857.806452 2405858.731684 70408.258065 16743.726272 9727366.193548 3545027.906335 15.064516 2.972297 35.483871 12.093376 104.580645 21.899734 86.516129 16.366510 2304.650430 227.808747 32.884903 3.529021 
TinySTM-igpu-cpu-persistent-dynamic-split-multithreaded-amd-wbetl 3.577973 1.781552 3.484653 1.780223 0.099104 0.045901 118.225000 20.408929 2320265776.225000 687158358.559232 34905323.400000 13327455.187865 10176056.200000 4842802.355557 24729267.200000 11442033.598570 1339894.600000 856641.772178 16.025000 4.003046 40.825000 8.969079 0 0 6.575000 2.923076 8912.488655 2139.737353 58.904000 13.256707 
TinySTM-igpu-cpu-persistent-dynamic-split-multithreaded-wbetl 0.272128 0.065559 0.131367 0.040480 0.122834 0.027361 169.258065 25.545617 1183538545.451613 121532929.577804 43915686.677419 8324671.604433 9584550.677419 3063757.277270 34331136.000000 7018958.454450 2575726.516129 1143505.236878 24.225806 3.997658 53.903226 8.224098 0 0 10.322581 3.196642 1999.030453 86.840778 26.849452 1.248733 
TinySTM-igpu-cpu-persistent-dynamic-split-multithreaded-wbetl-lsa 0.066159 0.054799 0.030686 0.044883 0.000364 0.000094 215.387097 30.836381 1494176122.193548 289411897.081919 2079266.064516 2405276.616103 2008857.806452 2405858.731684 70408.258065 16743.726272 9727366.193548 3545027.906335 15.064516 2.972297 35.483871 12.093376 104.580645 21.899734 86.516129 16.366510 2304.650430 227.808747 32.884903 3.529021 
TinySTM-igpu-cpu-persistent-dynamic-split-multithreaded-amd-wbetl 3.577973 1.781552 3.484653 1.780223 0.099104 0.045901 118.225000 20.408929 2320265776.225000 687158358.559232 34905323.400000 13327455.187865 10176056.200000 4842802.355557 24729267.200000 11442033.598570 1339894.600000 856641.772178 16.025000 4.003046 40.825000 8.969079 0 0 6.575000 2.923076 8912.488655 2139.737353 58.904000 13.256707 
TinySTM-igpu-cpu-persistent-dynamic-split-multithreaded-wbetl 0.272128 0.065559 0.131367 0.040480 0.122834 0.027361 169.258065 25.545617 1183538545.451613 121532929.577804 43915686.677419 8324671.604433 9584550.677419 3063757.277270 34331136.000000 7018958.454450 2575726.516129 1143505.236878 24.225806 3.997658 53.903226 8.224098 0 0 10.322581 3.196642 1999.030453 86.840778 26.849452 1.248733 
TinySTM-igpu-cpu-persistent-dynamic-split-multithreaded-wbetl-lsa 0.066159 0.054799 0.030686 0.044883 0.000364 0.000094 215.387097 30.836381 1494176122.193548 289411897.081919 2079266.064516 2405276.616103 2008857.806452 2405858.731684 70408.258065 16743.726272 9727366.193548 3545027.906335 15.064516 2.972297 35.483871 12.093376 104.580645 21.899734 86.516129 16.366510 2304.650430 227.808747 32.884903 3.529021 
TinySTM-igpu-cpu-persistent-dynamic-split-multithreaded-amd-wbetl 3.577973 1.781552 3.484653 1.780223 0.099104 0.045901 118.225000 20.408929 2320265776.225000 687158358.559232 34905323.400000 13327455.187865 10176056.200000 4842802.355557 24729267.200000 11442033.598570 1339894.600000 856641.772178 16.025000 4.003046 40.825000 8.969079 0 0 6.575000 2.923076 8912.488655 2139.737353 58.904000 13.256707 
TinySTM-igpu-cpu-persistent-dynamic-split-multithreaded-wbetl 0.272128 0.065559 0.131367 0.040480 0.122834 0.027361 169.258065 25.545617 1183538545.451613 121532929.577804 43915686.677419 8324671.604433 9584550.677419 3063757.277270 34331136.000000 7018958.454450 2575726.516129 1143505.236878 24.225806 3.997658 53.903226 8.224098 0 0 10.322581 3.196642 1999.030453 86.840778 26.849452 1.248733 
TinySTM-igpu-cpu-persistent-dynamic-split-multithreaded-wbetl-lsa 0.066159 0.054799 0.030686 0.044883 0.000364 0.000094 215.387097 30.836381 1494176122.193548 289411897.081919 2079266.064516 2405276.616103 2008857.806452 2405858.731684 70408.258065 16743.726272 9727366.193548 3545027.906335 15.064516 2.972297 35.483871 12.093376 104.580645 21.899734 86.516129 16.366510 2304.650430 227.808747 32.884903 3.529021 
TinySTM-igpu-cpu-persistent-dynamic-split-multithreaded-amd-wbetl 3.577973 1.781552 3.484653 1.780223 0.099104 0.045901 118.225000 20.408929 2320265776.225000 687158358.559232 34905323.400000 13327455.187865 10176056.200000 4842802.355557 24729267.200000 11442033.598570 1339894.600000 856641.772178 16.025000 4.003046 40.825000 8.969079 0 0 6.575000 2.923076 8912.488655 2139.737353 58.904000 13.256707 
TinySTM-igpu-cpu-persistent-dynamic-split-multithreaded-wbetl 0.272128 0.065559 0.131367 0.040480 0.122834 0.027361 169.258065 25.545617 1183538545.451613 121532929.577804 43915686.677419 8324671.604433 9584550.677419 3063757.277270 34331136.000000 7018958.454450 2575726.516129 1143505.236878 24.225806 3.997658 53.903226 8.224098 0 0 10.322581 3.196642 1999.030453 86.840778 26.849452 1.248733 
TinySTM-igpu-cpu-persistent-dynamic-split-multithreaded-wbetl-lsa 0.066159 0.054799 0.030686 0.044883 0.000364 0.000094 215.387097 30.836381 1494176122.193548 289411897.081919 2079266.064516 2405276.616103 2008857.806452 2405858.731684 70408.258065 16743.726272 9727366.193548 3545027.906335 15.064516 2.972297 35.483871 12.093376 104.580645 21.899734 86.516129 16.366510 2304.650430 227.808747 32.884903 3.529021 
