TinySTM-igpu-cpu-persistent-dynamic-split-multithreaded-amd-wbetl 2.750593 1.555621 2.644035 1.548595 0.106300 0.033732 117.125000 25.102975 2321585486.175000 632048052.435086 35215382.050000 10392224.376473 8603900.450000 4220235.612926 26611481.600000 7832552.208891 1294720.400000 719943.576213 17.025000 4.952209 42.600000 11.186599 0 0 6.475000 3.170075 -23888.989441 204507.258180 58.643425 9.019158 
TinySTM-igpu-cpu-persistent-dynamic-split-multithreaded-wbetl 0.275902 0.068355 0.118514 0.054069 0.124525 0.028855 171.419355 21.983534 1197308984.290323 94130883.257545 42965212.677419 7618225.778189 8097517.193548 3441286.695244 34867695.483871 7195432.721817 2254774.258065 1314416.276342 25.258065 4.399177 55.806452 10.976278 0 0 10.064516 3.291587 1993.874317 104.720814 26.775903 1.526137 
TinySTM-igpu-cpu-persistent-dynamic-split-multithreaded-wbetl-lsa 0.088829 0.061142 0.041850 0.047827 0.000380 0.000079 227.419355 25.923926 1256272810.838710 363049926.966633 3295319.354839 3129101.092464 3219361.677419 3126761.132999 75957.677419 16371.374948 9100987.000000 4373542.592226 16.129032 3.190125 47.516129 20.257808 116.967742 20.876726 85.580645 20.240130 2264.312374 161.282204 32.307903 2.273278 
TinySTM-igpu-cpu-persistent-dynamic-split-multithreaded-amd-wbetl 2.750593 1.555621 2.644035 1.548595 0.106300 0.033732 117.125000 25.102975 2321585486.175000 632048052.435086 35215382.050000 10392224.376473 8603900.450000 4220235.612926 26611481.600000 7832552.208891 1294720.400000 719943.576213 17.025000 4.952209 42.600000 11.186599 0 0 6.475000 3.170075 -23888.989441 204507.258180 58.643425 9.019158 
TinySTM-igpu-cpu-persistent-dynamic-split-multithreaded-wbetl 0.275902 0.068355 0.118514 0.054069 0.124525 0.028855 171.419355 21.983534 1197308984.290323 94130883.257545 42965212.677419 7618225.778189 8097517.193548 3441286.695244 34867695.483871 7195432.721817 2254774.258065 1314416.276342 25.258065 4.399177 55.806452 10.976278 0 0 10.064516 3.291587 1993.874317 104.720814 26.775903 1.526137 
TinySTM-igpu-cpu-persistent-dynamic-split-multithreaded-wbetl-lsa 0.088829 0.061142 0.041850 0.047827 0.000380 0.000079 227.419355 25.923926 1256272810.838710 363049926.966633 3295319.354839 3129101.092464 3219361.677419 3126761.132999 75957.677419 16371.374948 9100987.000000 4373542.592226 16.129032 3.190125 47.516129 20.257808 116.967742 20.876726 85.580645 20.240130 2264.312374 161.282204 32.307903 2.273278 
TinySTM-igpu-cpu-persistent-dynamic-split-multithreaded-amd-wbetl 2.750593 1.555621 2.644035 1.548595 0.106300 0.033732 117.125000 25.102975 2321585486.175000 632048052.435086 35215382.050000 10392224.376473 8603900.450000 4220235.612926 26611481.600000 7832552.208891 1294720.400000 719943.576213 17.025000 4.952209 42.600000 11.186599 0 0 6.475000 3.170075 -23888.989441 204507.258180 58.643425 9.019158 
TinySTM-igpu-cpu-persistent-dynamic-split-multithreaded-wbetl 0.275902 0.068355 0.118514 0.054069 0.124525 0.028855 171.419355 21.983534 1197308984.290323 94130883.257545 42965212.677419 7618225.778189 8097517.193548 3441286.695244 34867695.483871 7195432.721817 2254774.258065 1314416.276342 25.258065 4.399177 55.806452 10.976278 0 0 10.064516 3.291587 1993.874317 104.720814 26.775903 1.526137 
TinySTM-igpu-cpu-persistent-dynamic-split-multithreaded-wbetl-lsa 0.088829 0.061142 0.041850 0.047827 0.000380 0.000079 227.419355 25.923926 1256272810.838710 363049926.966633 3295319.354839 3129101.092464 3219361.677419 3126761.132999 75957.677419 16371.374948 9100987.000000 4373542.592226 16.129032 3.190125 47.516129 20.257808 116.967742 20.876726 85.580645 20.240130 2264.312374 161.282204 32.307903 2.273278 
TinySTM-igpu-cpu-persistent-dynamic-split-multithreaded-amd-wbetl 2.750593 1.555621 2.644035 1.548595 0.106300 0.033732 117.125000 25.102975 2321585486.175000 632048052.435086 35215382.050000 10392224.376473 8603900.450000 4220235.612926 26611481.600000 7832552.208891 1294720.400000 719943.576213 17.025000 4.952209 42.600000 11.186599 0 0 6.475000 3.170075 -23888.989441 204507.258180 58.643425 9.019158 
TinySTM-igpu-cpu-persistent-dynamic-split-multithreaded-wbetl 0.275902 0.068355 0.118514 0.054069 0.124525 0.028855 171.419355 21.983534 1197308984.290323 94130883.257545 42965212.677419 7618225.778189 8097517.193548 3441286.695244 34867695.483871 7195432.721817 2254774.258065 1314416.276342 25.258065 4.399177 55.806452 10.976278 0 0 10.064516 3.291587 1993.874317 104.720814 26.775903 1.526137 
TinySTM-igpu-cpu-persistent-dynamic-split-multithreaded-wbetl-lsa 0.088829 0.061142 0.041850 0.047827 0.000380 0.000079 227.419355 25.923926 1256272810.838710 363049926.966633 3295319.354839 3129101.092464 3219361.677419 3126761.132999 75957.677419 16371.374948 9100987.000000 4373542.592226 16.129032 3.190125 47.516129 20.257808 116.967742 20.876726 85.580645 20.240130 2264.312374 161.282204 32.307903 2.273278 
TinySTM-igpu-cpu-persistent-dynamic-split-multithreaded-amd-wbetl 2.750593 1.555621 2.644035 1.548595 0.106300 0.033732 117.125000 25.102975 2321585486.175000 632048052.435086 35215382.050000 10392224.376473 8603900.450000 4220235.612926 26611481.600000 7832552.208891 1294720.400000 719943.576213 17.025000 4.952209 42.600000 11.186599 0 0 6.475000 3.170075 -23888.989441 204507.258180 58.643425 9.019158 
TinySTM-igpu-cpu-persistent-dynamic-split-multithreaded-wbetl 0.275902 0.068355 0.118514 0.054069 0.124525 0.028855 171.419355 21.983534 1197308984.290323 94130883.257545 42965212.677419 7618225.778189 8097517.193548 3441286.695244 34867695.483871 7195432.721817 2254774.258065 1314416.276342 25.258065 4.399177 55.806452 10.976278 0 0 10.064516 3.291587 1993.874317 104.720814 26.775903 1.526137 
TinySTM-igpu-cpu-persistent-dynamic-split-multithreaded-wbetl-lsa 0.088829 0.061142 0.041850 0.047827 0.000380 0.000079 227.419355 25.923926 1256272810.838710 363049926.966633 3295319.354839 3129101.092464 3219361.677419 3126761.132999 75957.677419 16371.374948 9100987.000000 4373542.592226 16.129032 3.190125 47.516129 20.257808 116.967742 20.876726 85.580645 20.240130 2264.312374 161.282204 32.307903 2.273278 
TinySTM-igpu-cpu-persistent-dynamic-split-multithreaded-amd-wbetl 2.750593 1.555621 2.644035 1.548595 0.106300 0.033732 117.125000 25.102975 2321585486.175000 632048052.435086 35215382.050000 10392224.376473 8603900.450000 4220235.612926 26611481.600000 7832552.208891 1294720.400000 719943.576213 17.025000 4.952209 42.600000 11.186599 0 0 6.475000 3.170075 -23888.989441 204507.258180 58.643425 9.019158 
TinySTM-igpu-cpu-persistent-dynamic-split-multithreaded-wbetl 0.275902 0.068355 0.118514 0.054069 0.124525 0.028855 171.419355 21.983534 1197308984.290323 94130883.257545 42965212.677419 7618225.778189 8097517.193548 3441286.695244 34867695.483871 7195432.721817 2254774.258065 1314416.276342 25.258065 4.399177 55.806452 10.976278 0 0 10.064516 3.291587 1993.874317 104.720814 26.775903 1.526137 
TinySTM-igpu-cpu-persistent-dynamic-split-multithreaded-wbetl-lsa 0.088829 0.061142 0.041850 0.047827 0.000380 0.000079 227.419355 25.923926 1256272810.838710 363049926.966633 3295319.354839 3129101.092464 3219361.677419 3126761.132999 75957.677419 16371.374948 9100987.000000 4373542.592226 16.129032 3.190125 47.516129 20.257808 116.967742 20.876726 85.580645 20.240130 2264.312374 161.282204 32.307903 2.273278 
TinySTM-igpu-cpu-persistent-dynamic-split-multithreaded-amd-wbetl 2.750593 1.555621 2.644035 1.548595 0.106300 0.033732 117.125000 25.102975 2321585486.175000 632048052.435086 35215382.050000 10392224.376473 8603900.450000 4220235.612926 26611481.600000 7832552.208891 1294720.400000 719943.576213 17.025000 4.952209 42.600000 11.186599 0 0 6.475000 3.170075 -23888.989441 204507.258180 58.643425 9.019158 
TinySTM-igpu-cpu-persistent-dynamic-split-multithreaded-wbetl 0.275902 0.068355 0.118514 0.054069 0.124525 0.028855 171.419355 21.983534 1197308984.290323 94130883.257545 42965212.677419 7618225.778189 8097517.193548 3441286.695244 34867695.483871 7195432.721817 2254774.258065 1314416.276342 25.258065 4.399177 55.806452 10.976278 0 0 10.064516 3.291587 1993.874317 104.720814 26.775903 1.526137 
TinySTM-igpu-cpu-persistent-dynamic-split-multithreaded-wbetl-lsa 0.088829 0.061142 0.041850 0.047827 0.000380 0.000079 227.419355 25.923926 1256272810.838710 363049926.966633 3295319.354839 3129101.092464 3219361.677419 3126761.132999 75957.677419 16371.374948 9100987.000000 4373542.592226 16.129032 3.190125 47.516129 20.257808 116.967742 20.876726 85.580645 20.240130 2264.312374 161.282204 32.307903 2.273278 
TinySTM-igpu-cpu-persistent-dynamic-split-multithreaded-amd-wbetl 2.750593 1.555621 2.644035 1.548595 0.106300 0.033732 117.125000 25.102975 2321585486.175000 632048052.435086 35215382.050000 10392224.376473 8603900.450000 4220235.612926 26611481.600000 7832552.208891 1294720.400000 719943.576213 17.025000 4.952209 42.600000 11.186599 0 0 6.475000 3.170075 -23888.989441 204507.258180 58.643425 9.019158 
TinySTM-igpu-cpu-persistent-dynamic-split-multithreaded-wbetl 0.275902 0.068355 0.118514 0.054069 0.124525 0.028855 171.419355 21.983534 1197308984.290323 94130883.257545 42965212.677419 7618225.778189 8097517.193548 3441286.695244 34867695.483871 7195432.721817 2254774.258065 1314416.276342 25.258065 4.399177 55.806452 10.976278 0 0 10.064516 3.291587 1993.874317 104.720814 26.775903 1.526137 
TinySTM-igpu-cpu-persistent-dynamic-split-multithreaded-wbetl-lsa 0.088829 0.061142 0.041850 0.047827 0.000380 0.000079 227.419355 25.923926 1256272810.838710 363049926.966633 3295319.354839 3129101.092464 3219361.677419 3126761.132999 75957.677419 16371.374948 9100987.000000 4373542.592226 16.129032 3.190125 47.516129 20.257808 116.967742 20.876726 85.580645 20.240130 2264.312374 161.282204 32.307903 2.273278 
TinySTM-igpu-cpu-persistent-dynamic-split-multithreaded-amd-wbetl 2.750593 1.555621 2.644035 1.548595 0.106300 0.033732 117.125000 25.102975 2321585486.175000 632048052.435086 35215382.050000 10392224.376473 8603900.450000 4220235.612926 26611481.600000 7832552.208891 1294720.400000 719943.576213 17.025000 4.952209 42.600000 11.186599 0 0 6.475000 3.170075 -23888.989441 204507.258180 58.643425 9.019158 
TinySTM-igpu-cpu-persistent-dynamic-split-multithreaded-wbetl 0.275902 0.068355 0.118514 0.054069 0.124525 0.028855 171.419355 21.983534 1197308984.290323 94130883.257545 42965212.677419 7618225.778189 8097517.193548 3441286.695244 34867695.483871 7195432.721817 2254774.258065 1314416.276342 25.258065 4.399177 55.806452 10.976278 0 0 10.064516 3.291587 1993.874317 104.720814 26.775903 1.526137 
TinySTM-igpu-cpu-persistent-dynamic-split-multithreaded-wbetl-lsa 0.088829 0.061142 0.041850 0.047827 0.000380 0.000079 227.419355 25.923926 1256272810.838710 363049926.966633 3295319.354839 3129101.092464 3219361.677419 3126761.132999 75957.677419 16371.374948 9100987.000000 4373542.592226 16.129032 3.190125 47.516129 20.257808 116.967742 20.876726 85.580645 20.240130 2264.312374 161.282204 32.307903 2.273278 
