TinySTM-igpu-cpu-persistent-dynamic-split-multithreaded-amd-wbetl 0 0 0 0 0 0 0 0 0 0 0 0 0 0 0 0
TinySTM-igpu-cpu-persistent-dynamic-split-multithreaded-wbetl 0.027862 0.001174 0.027249 0.001117 0 0 52432.000000 230.000000 139267993.000000 1233025.000000 5265119.000000 275052.000000 5265119.000000 275052.000000 0 0 0 0 0 0 2559.500000 105.500000 868.500000 9.500000 32.500000 1.500000 3548.712036 5.583130 80.209000 0.011000 
TinySTM-igpu-cpu-persistent-dynamic-split-multithreaded-wbetl-lsa 0 0 0 0 0 0 0 0 0 0 0 0 0 0 0 0
TinySTM-igpu-cpu-persistent-dynamic-split-multithreaded-amd-wbetl 0 0 0 0 0 0 0 0 0 0 0 0 0 0 0 0
TinySTM-igpu-cpu-persistent-dynamic-split-multithreaded-wbetl 0.027862 0.001174 0.027249 0.001117 0 0 52432.000000 230.000000 139267993.000000 1233025.000000 5265119.000000 275052.000000 5265119.000000 275052.000000 0 0 0 0 0 0 2559.500000 105.500000 868.500000 9.500000 32.500000 1.500000 3548.712036 5.583130 80.209000 0.011000 
TinySTM-igpu-cpu-persistent-dynamic-split-multithreaded-wbetl-lsa 0 0 0 0 0 0 0 0 0 0 0 0 0 0 0 0
TinySTM-igpu-cpu-persistent-dynamic-split-multithreaded-amd-wbetl 0 0 0 0 0 0 0 0 0 0 0 0 0 0 0 0
TinySTM-igpu-cpu-persistent-dynamic-split-multithreaded-wbetl 0.027862 0.001174 0.027249 0.001117 0 0 52432.000000 230.000000 139267993.000000 1233025.000000 5265119.000000 275052.000000 5265119.000000 275052.000000 0 0 0 0 0 0 2559.500000 105.500000 868.500000 9.500000 32.500000 1.500000 3548.712036 5.583130 80.209000 0.011000 
TinySTM-igpu-cpu-persistent-dynamic-split-multithreaded-wbetl-lsa 0 0 0 0 0 0 0 0 0 0 0 0 0 0 0 0
TinySTM-igpu-cpu-persistent-dynamic-split-multithreaded-amd-wbetl 0 0 0 0 0 0 0 0 0 0 0 0 0 0 0 0
TinySTM-igpu-cpu-persistent-dynamic-split-multithreaded-wbetl 0.027862 0.001174 0.027249 0.001117 0 0 52432.000000 230.000000 139267993.000000 1233025.000000 5265119.000000 275052.000000 5265119.000000 275052.000000 0 0 0 0 0 0 2559.500000 105.500000 868.500000 9.500000 32.500000 1.500000 3548.712036 5.583130 80.209000 0.011000 
TinySTM-igpu-cpu-persistent-dynamic-split-multithreaded-wbetl-lsa 0 0 0 0 0 0 0 0 0 0 0 0 0 0 0 0
TinySTM-igpu-cpu-persistent-dynamic-split-multithreaded-amd-wbetl 0 0 0 0 0 0 0 0 0 0 0 0 0 0 0 0
TinySTM-igpu-cpu-persistent-dynamic-split-multithreaded-wbetl 0.027862 0.001174 0.027249 0.001117 0 0 52432.000000 230.000000 139267993.000000 1233025.000000 5265119.000000 275052.000000 5265119.000000 275052.000000 0 0 0 0 0 0 2559.500000 105.500000 868.500000 9.500000 32.500000 1.500000 3548.712036 5.583130 80.209000 0.011000 
TinySTM-igpu-cpu-persistent-dynamic-split-multithreaded-wbetl-lsa 0 0 0 0 0 0 0 0 0 0 0 0 0 0 0 0
TinySTM-igpu-cpu-persistent-dynamic-split-multithreaded-amd-wbetl 0 0 0 0 0 0 0 0 0 0 0 0 0 0 0 0
TinySTM-igpu-cpu-persistent-dynamic-split-multithreaded-wbetl 0.027862 0.001174 0.027249 0.001117 0 0 52432.000000 230.000000 139267993.000000 1233025.000000 5265119.000000 275052.000000 5265119.000000 275052.000000 0 0 0 0 0 0 2559.500000 105.500000 868.500000 9.500000 32.500000 1.500000 3548.712036 5.583130 80.209000 0.011000 
TinySTM-igpu-cpu-persistent-dynamic-split-multithreaded-wbetl-lsa 0 0 0 0 0 0 0 0 0 0 0 0 0 0 0 0
TinySTM-igpu-cpu-persistent-dynamic-split-multithreaded-amd-wbetl 0 0 0 0 0 0 0 0 0 0 0 0 0 0 0 0
TinySTM-igpu-cpu-persistent-dynamic-split-multithreaded-wbetl 0.027862 0.001174 0.027249 0.001117 0 0 52432.000000 230.000000 139267993.000000 1233025.000000 5265119.000000 275052.000000 5265119.000000 275052.000000 0 0 0 0 0 0 2559.500000 105.500000 868.500000 9.500000 32.500000 1.500000 3548.712036 5.583130 80.209000 0.011000 
TinySTM-igpu-cpu-persistent-dynamic-split-multithreaded-wbetl-lsa 0 0 0 0 0 0 0 0 0 0 0 0 0 0 0 0
