TinySTM-igpu-cpu-persistent-dynamic-split-multithreaded-amd-wbetl 0.140083 0.025546 0.140027 0.025508 0.030035 0.025362 85.425000 36.605251 37641619.925000 22665043.784619 9468830.275000 7876640.309343 1559812.675000 1071275.799688 7909017.600000 6819152.734332 339525.550000 544228.322780 4.375000 3.786076 6.800000 4.382921 0 0 1.075000 0.984568 1074.903732 60.485808 22.756025 1.419069 
TinySTM-igpu-cpu-persistent-dynamic-split-multithreaded-wbetl 0.035058 0.019507 0.035031 0.019495 0.033360 0.020126 190.870968 64.844599 104645473.322581 35482042.663542 14445985.709677 8589945.182152 4665134.096774 2656288.015354 9780851.612903 5937285.250536 300494.806452 783039.048079 6.193548 3.041852 8.645161 3.487752 0 0 1.290323 1.141407 986.991723 17.794017 20.526903 0.378189 
TinySTM-igpu-cpu-persistent-dynamic-split-multithreaded-wbetl-lsa 0.002289 0.000266 0.002241 0.000253 0.000262 0.000097 164.290323 27.273044 55899749.096774 21614512.903459 498229.290323 70016.951903 445683.225806 54882.521877 52546.064516 17256.750784 14158648.451613 5913535.354023 10.161290 3.351425 7.645161 2.800327 11.451613 3.757476 10.838710 3.418137 974.467600 21.425396 20.794742 0.512273 
TinySTM-igpu-cpu-persistent-dynamic-split-multithreaded-amd-wbetl 0.140083 0.025546 0.140027 0.025508 0.030035 0.025362 85.425000 36.605251 37641619.925000 22665043.784619 9468830.275000 7876640.309343 1559812.675000 1071275.799688 7909017.600000 6819152.734332 339525.550000 544228.322780 4.375000 3.786076 6.800000 4.382921 0 0 1.075000 0.984568 1074.903732 60.485808 22.756025 1.419069 
TinySTM-igpu-cpu-persistent-dynamic-split-multithreaded-wbetl 0.035058 0.019507 0.035031 0.019495 0.033360 0.020126 190.870968 64.844599 104645473.322581 35482042.663542 14445985.709677 8589945.182152 4665134.096774 2656288.015354 9780851.612903 5937285.250536 300494.806452 783039.048079 6.193548 3.041852 8.645161 3.487752 0 0 1.290323 1.141407 986.991723 17.794017 20.526903 0.378189 
TinySTM-igpu-cpu-persistent-dynamic-split-multithreaded-wbetl-lsa 0.002289 0.000266 0.002241 0.000253 0.000262 0.000097 164.290323 27.273044 55899749.096774 21614512.903459 498229.290323 70016.951903 445683.225806 54882.521877 52546.064516 17256.750784 14158648.451613 5913535.354023 10.161290 3.351425 7.645161 2.800327 11.451613 3.757476 10.838710 3.418137 974.467600 21.425396 20.794742 0.512273 
TinySTM-igpu-cpu-persistent-dynamic-split-multithreaded-amd-wbetl 0.140083 0.025546 0.140027 0.025508 0.030035 0.025362 85.425000 36.605251 37641619.925000 22665043.784619 9468830.275000 7876640.309343 1559812.675000 1071275.799688 7909017.600000 6819152.734332 339525.550000 544228.322780 4.375000 3.786076 6.800000 4.382921 0 0 1.075000 0.984568 1074.903732 60.485808 22.756025 1.419069 
TinySTM-igpu-cpu-persistent-dynamic-split-multithreaded-wbetl 0.035058 0.019507 0.035031 0.019495 0.033360 0.020126 190.870968 64.844599 104645473.322581 35482042.663542 14445985.709677 8589945.182152 4665134.096774 2656288.015354 9780851.612903 5937285.250536 300494.806452 783039.048079 6.193548 3.041852 8.645161 3.487752 0 0 1.290323 1.141407 986.991723 17.794017 20.526903 0.378189 
TinySTM-igpu-cpu-persistent-dynamic-split-multithreaded-wbetl-lsa 0.002289 0.000266 0.002241 0.000253 0.000262 0.000097 164.290323 27.273044 55899749.096774 21614512.903459 498229.290323 70016.951903 445683.225806 54882.521877 52546.064516 17256.750784 14158648.451613 5913535.354023 10.161290 3.351425 7.645161 2.800327 11.451613 3.757476 10.838710 3.418137 974.467600 21.425396 20.794742 0.512273 
TinySTM-igpu-cpu-persistent-dynamic-split-multithreaded-amd-wbetl 0.140083 0.025546 0.140027 0.025508 0.030035 0.025362 85.425000 36.605251 37641619.925000 22665043.784619 9468830.275000 7876640.309343 1559812.675000 1071275.799688 7909017.600000 6819152.734332 339525.550000 544228.322780 4.375000 3.786076 6.800000 4.382921 0 0 1.075000 0.984568 1074.903732 60.485808 22.756025 1.419069 
TinySTM-igpu-cpu-persistent-dynamic-split-multithreaded-wbetl 0.035058 0.019507 0.035031 0.019495 0.033360 0.020126 190.870968 64.844599 104645473.322581 35482042.663542 14445985.709677 8589945.182152 4665134.096774 2656288.015354 9780851.612903 5937285.250536 300494.806452 783039.048079 6.193548 3.041852 8.645161 3.487752 0 0 1.290323 1.141407 986.991723 17.794017 20.526903 0.378189 
TinySTM-igpu-cpu-persistent-dynamic-split-multithreaded-wbetl-lsa 0.002289 0.000266 0.002241 0.000253 0.000262 0.000097 164.290323 27.273044 55899749.096774 21614512.903459 498229.290323 70016.951903 445683.225806 54882.521877 52546.064516 17256.750784 14158648.451613 5913535.354023 10.161290 3.351425 7.645161 2.800327 11.451613 3.757476 10.838710 3.418137 974.467600 21.425396 20.794742 0.512273 
TinySTM-igpu-cpu-persistent-dynamic-split-multithreaded-amd-wbetl 0.140083 0.025546 0.140027 0.025508 0.030035 0.025362 85.425000 36.605251 37641619.925000 22665043.784619 9468830.275000 7876640.309343 1559812.675000 1071275.799688 7909017.600000 6819152.734332 339525.550000 544228.322780 4.375000 3.786076 6.800000 4.382921 0 0 1.075000 0.984568 1074.903732 60.485808 22.756025 1.419069 
TinySTM-igpu-cpu-persistent-dynamic-split-multithreaded-wbetl 0.035058 0.019507 0.035031 0.019495 0.033360 0.020126 190.870968 64.844599 104645473.322581 35482042.663542 14445985.709677 8589945.182152 4665134.096774 2656288.015354 9780851.612903 5937285.250536 300494.806452 783039.048079 6.193548 3.041852 8.645161 3.487752 0 0 1.290323 1.141407 986.991723 17.794017 20.526903 0.378189 
TinySTM-igpu-cpu-persistent-dynamic-split-multithreaded-wbetl-lsa 0.002289 0.000266 0.002241 0.000253 0.000262 0.000097 164.290323 27.273044 55899749.096774 21614512.903459 498229.290323 70016.951903 445683.225806 54882.521877 52546.064516 17256.750784 14158648.451613 5913535.354023 10.161290 3.351425 7.645161 2.800327 11.451613 3.757476 10.838710 3.418137 974.467600 21.425396 20.794742 0.512273 
TinySTM-igpu-cpu-persistent-dynamic-split-multithreaded-amd-wbetl 0.140083 0.025546 0.140027 0.025508 0.030035 0.025362 85.425000 36.605251 37641619.925000 22665043.784619 9468830.275000 7876640.309343 1559812.675000 1071275.799688 7909017.600000 6819152.734332 339525.550000 544228.322780 4.375000 3.786076 6.800000 4.382921 0 0 1.075000 0.984568 1074.903732 60.485808 22.756025 1.419069 
TinySTM-igpu-cpu-persistent-dynamic-split-multithreaded-wbetl 0.035058 0.019507 0.035031 0.019495 0.033360 0.020126 190.870968 64.844599 104645473.322581 35482042.663542 14445985.709677 8589945.182152 4665134.096774 2656288.015354 9780851.612903 5937285.250536 300494.806452 783039.048079 6.193548 3.041852 8.645161 3.487752 0 0 1.290323 1.141407 986.991723 17.794017 20.526903 0.378189 
TinySTM-igpu-cpu-persistent-dynamic-split-multithreaded-wbetl-lsa 0.002289 0.000266 0.002241 0.000253 0.000262 0.000097 164.290323 27.273044 55899749.096774 21614512.903459 498229.290323 70016.951903 445683.225806 54882.521877 52546.064516 17256.750784 14158648.451613 5913535.354023 10.161290 3.351425 7.645161 2.800327 11.451613 3.757476 10.838710 3.418137 974.467600 21.425396 20.794742 0.512273 
TinySTM-igpu-cpu-persistent-dynamic-split-multithreaded-amd-wbetl 0.140083 0.025546 0.140027 0.025508 0.030035 0.025362 85.425000 36.605251 37641619.925000 22665043.784619 9468830.275000 7876640.309343 1559812.675000 1071275.799688 7909017.600000 6819152.734332 339525.550000 544228.322780 4.375000 3.786076 6.800000 4.382921 0 0 1.075000 0.984568 1074.903732 60.485808 22.756025 1.419069 
TinySTM-igpu-cpu-persistent-dynamic-split-multithreaded-wbetl 0.035058 0.019507 0.035031 0.019495 0.033360 0.020126 190.870968 64.844599 104645473.322581 35482042.663542 14445985.709677 8589945.182152 4665134.096774 2656288.015354 9780851.612903 5937285.250536 300494.806452 783039.048079 6.193548 3.041852 8.645161 3.487752 0 0 1.290323 1.141407 986.991723 17.794017 20.526903 0.378189 
TinySTM-igpu-cpu-persistent-dynamic-split-multithreaded-wbetl-lsa 0.002289 0.000266 0.002241 0.000253 0.000262 0.000097 164.290323 27.273044 55899749.096774 21614512.903459 498229.290323 70016.951903 445683.225806 54882.521877 52546.064516 17256.750784 14158648.451613 5913535.354023 10.161290 3.351425 7.645161 2.800327 11.451613 3.757476 10.838710 3.418137 974.467600 21.425396 20.794742 0.512273 
