TinySTM-igpu-cpu-persistent-dynamic-split-multithreaded-wbetl 0.006664 0.000358 0.006518 0.000352 0 0 15206.809524 483.296973 59375225.619048 2990966.944046 1572342.809524 89864.530221 1572342.809524 89864.530221 0 0 0 0 0 0 697.428571 36.969191 0 0 5.333333 2.253745 901.630862 3.092097 20.132143 0.009321 
TinySTM-igpu-cpu-persistent-dynamic-split-multithreaded-wbetl-lsa 0.007195 0.000352 0.007037 0.000341 0 0 14798.909091 519.438938 36299966.090909 1935837.526080 1697598.545455 94495.137355 1697598.545455 94495.137355 0 0 0 0 0 0 724.909091 49.146265 228.818182 21.590478 8.181818 1.695887 893.151267 5.107901 20.195000 0.005187 
TinySTM-igpu-cpu-persistent-dynamic-split-multithreaded-wbetl 0.006664 0.000358 0.006518 0.000352 0 0 15206.809524 483.296973 59375225.619048 2990966.944046 1572342.809524 89864.530221 1572342.809524 89864.530221 0 0 0 0 0 0 697.428571 36.969191 0 0 5.333333 2.253745 901.630862 3.092097 20.132143 0.009321 
TinySTM-igpu-cpu-persistent-dynamic-split-multithreaded-wbetl-lsa 0.007195 0.000352 0.007037 0.000341 0 0 14798.909091 519.438938 36299966.090909 1935837.526080 1697598.545455 94495.137355 1697598.545455 94495.137355 0 0 0 0 0 0 724.909091 49.146265 228.818182 21.590478 8.181818 1.695887 893.151267 5.107901 20.195000 0.005187 
TinySTM-igpu-cpu-persistent-dynamic-split-multithreaded-wbetl 0.006664 0.000358 0.006518 0.000352 0 0 15206.809524 483.296973 59375225.619048 2990966.944046 1572342.809524 89864.530221 1572342.809524 89864.530221 0 0 0 0 0 0 697.428571 36.969191 0 0 5.333333 2.253745 901.630862 3.092097 20.132143 0.009321 
TinySTM-igpu-cpu-persistent-dynamic-split-multithreaded-wbetl-lsa 0.007195 0.000352 0.007037 0.000341 0 0 14798.909091 519.438938 36299966.090909 1935837.526080 1697598.545455 94495.137355 1697598.545455 94495.137355 0 0 0 0 0 0 724.909091 49.146265 228.818182 21.590478 8.181818 1.695887 893.151267 5.107901 20.195000 0.005187 
TinySTM-igpu-cpu-persistent-dynamic-split-multithreaded-wbetl 0.006664 0.000358 0.006518 0.000352 0 0 15206.809524 483.296973 59375225.619048 2990966.944046 1572342.809524 89864.530221 1572342.809524 89864.530221 0 0 0 0 0 0 697.428571 36.969191 0 0 5.333333 2.253745 901.630862 3.092097 20.132143 0.009321 
TinySTM-igpu-cpu-persistent-dynamic-split-multithreaded-wbetl-lsa 0.007195 0.000352 0.007037 0.000341 0 0 14798.909091 519.438938 36299966.090909 1935837.526080 1697598.545455 94495.137355 1697598.545455 94495.137355 0 0 0 0 0 0 724.909091 49.146265 228.818182 21.590478 8.181818 1.695887 893.151267 5.107901 20.195000 0.005187 
TinySTM-igpu-cpu-persistent-dynamic-split-multithreaded-wbetl 0.006664 0.000358 0.006518 0.000352 0 0 15206.809524 483.296973 59375225.619048 2990966.944046 1572342.809524 89864.530221 1572342.809524 89864.530221 0 0 0 0 0 0 697.428571 36.969191 0 0 5.333333 2.253745 901.630862 3.092097 20.132143 0.009321 
TinySTM-igpu-cpu-persistent-dynamic-split-multithreaded-wbetl-lsa 0.007195 0.000352 0.007037 0.000341 0 0 14798.909091 519.438938 36299966.090909 1935837.526080 1697598.545455 94495.137355 1697598.545455 94495.137355 0 0 0 0 0 0 724.909091 49.146265 228.818182 21.590478 8.181818 1.695887 893.151267 5.107901 20.195000 0.005187 
TinySTM-igpu-cpu-persistent-dynamic-split-multithreaded-wbetl 0.006664 0.000358 0.006518 0.000352 0 0 15206.809524 483.296973 59375225.619048 2990966.944046 1572342.809524 89864.530221 1572342.809524 89864.530221 0 0 0 0 0 0 697.428571 36.969191 0 0 5.333333 2.253745 901.630862 3.092097 20.132143 0.009321 
TinySTM-igpu-cpu-persistent-dynamic-split-multithreaded-wbetl-lsa 0.007195 0.000352 0.007037 0.000341 0 0 14798.909091 519.438938 36299966.090909 1935837.526080 1697598.545455 94495.137355 1697598.545455 94495.137355 0 0 0 0 0 0 724.909091 49.146265 228.818182 21.590478 8.181818 1.695887 893.151267 5.107901 20.195000 0.005187 
TinySTM-igpu-cpu-persistent-dynamic-split-multithreaded-wbetl 0.006664 0.000358 0.006518 0.000352 0 0 15206.809524 483.296973 59375225.619048 2990966.944046 1572342.809524 89864.530221 1572342.809524 89864.530221 0 0 0 0 0 0 697.428571 36.969191 0 0 5.333333 2.253745 901.630862 3.092097 20.132143 0.009321 
TinySTM-igpu-cpu-persistent-dynamic-split-multithreaded-wbetl-lsa 0.007195 0.000352 0.007037 0.000341 0 0 14798.909091 519.438938 36299966.090909 1935837.526080 1697598.545455 94495.137355 1697598.545455 94495.137355 0 0 0 0 0 0 724.909091 49.146265 228.818182 21.590478 8.181818 1.695887 893.151267 5.107901 20.195000 0.005187 
