TinySTM-igpu-cpu-persistent-dynamic-split-multithreaded-amd-wbetl 0 0 0 0 0 0 0 0 0 0 0 0 0 0 0 0
TinySTM-igpu-cpu-persistent-dynamic-split-multithreaded-wbetl 0.004131 0.000129 0.003972 0.000114 0.001004 0.000041 504.500000 3.500000 271359440.500000 28648730.500000 998114.500000 12745.500000 815330.500000 12745.500000 182784.000000 0 44335418.500000 5815441.500000 36.000000 2.000000 18.500000 5.500000 40.500000 3.500000 38.000000 0 3783.950561 17.471802 80.752000 0.177000 
TinySTM-igpu-cpu-persistent-dynamic-split-multithreaded-wbetl-lsa 0 0 0 0 0 0 0 0 0 0 0 0 0 0 0 0
TinySTM-igpu-cpu-persistent-dynamic-split-multithreaded-amd-wbetl 0 0 0 0 0 0 0 0 0 0 0 0 0 0 0 0
TinySTM-igpu-cpu-persistent-dynamic-split-multithreaded-wbetl 0.004131 0.000129 0.003972 0.000114 0.001004 0.000041 504.500000 3.500000 271359440.500000 28648730.500000 998114.500000 12745.500000 815330.500000 12745.500000 182784.000000 0 44335418.500000 5815441.500000 36.000000 2.000000 18.500000 5.500000 40.500000 3.500000 38.000000 0 3783.950561 17.471802 80.752000 0.177000 
TinySTM-igpu-cpu-persistent-dynamic-split-multithreaded-wbetl-lsa 0 0 0 0 0 0 0 0 0 0 0 0 0 0 0 0
TinySTM-igpu-cpu-persistent-dynamic-split-multithreaded-amd-wbetl 0 0 0 0 0 0 0 0 0 0 0 0 0 0 0 0
TinySTM-igpu-cpu-persistent-dynamic-split-multithreaded-wbetl 0.004131 0.000129 0.003972 0.000114 0.001004 0.000041 504.500000 3.500000 271359440.500000 28648730.500000 998114.500000 12745.500000 815330.500000 12745.500000 182784.000000 0 44335418.500000 5815441.500000 36.000000 2.000000 18.500000 5.500000 40.500000 3.500000 38.000000 0 3783.950561 17.471802 80.752000 0.177000 
TinySTM-igpu-cpu-persistent-dynamic-split-multithreaded-wbetl-lsa 0 0 0 0 0 0 0 0 0 0 0 0 0 0 0 0
TinySTM-igpu-cpu-persistent-dynamic-split-multithreaded-amd-wbetl 0 0 0 0 0 0 0 0 0 0 0 0 0 0 0 0
TinySTM-igpu-cpu-persistent-dynamic-split-multithreaded-wbetl 0.004131 0.000129 0.003972 0.000114 0.001004 0.000041 504.500000 3.500000 271359440.500000 28648730.500000 998114.500000 12745.500000 815330.500000 12745.500000 182784.000000 0 44335418.500000 5815441.500000 36.000000 2.000000 18.500000 5.500000 40.500000 3.500000 38.000000 0 3783.950561 17.471802 80.752000 0.177000 
TinySTM-igpu-cpu-persistent-dynamic-split-multithreaded-wbetl-lsa 0 0 0 0 0 0 0 0 0 0 0 0 0 0 0 0
TinySTM-igpu-cpu-persistent-dynamic-split-multithreaded-amd-wbetl 0 0 0 0 0 0 0 0 0 0 0 0 0 0 0 0
TinySTM-igpu-cpu-persistent-dynamic-split-multithreaded-wbetl 0.004131 0.000129 0.003972 0.000114 0.001004 0.000041 504.500000 3.500000 271359440.500000 28648730.500000 998114.500000 12745.500000 815330.500000 12745.500000 182784.000000 0 44335418.500000 5815441.500000 36.000000 2.000000 18.500000 5.500000 40.500000 3.500000 38.000000 0 3783.950561 17.471802 80.752000 0.177000 
TinySTM-igpu-cpu-persistent-dynamic-split-multithreaded-wbetl-lsa 0 0 0 0 0 0 0 0 0 0 0 0 0 0 0 0
TinySTM-igpu-cpu-persistent-dynamic-split-multithreaded-amd-wbetl 0 0 0 0 0 0 0 0 0 0 0 0 0 0 0 0
TinySTM-igpu-cpu-persistent-dynamic-split-multithreaded-wbetl 0.004131 0.000129 0.003972 0.000114 0.001004 0.000041 504.500000 3.500000 271359440.500000 28648730.500000 998114.500000 12745.500000 815330.500000 12745.500000 182784.000000 0 44335418.500000 5815441.500000 36.000000 2.000000 18.500000 5.500000 40.500000 3.500000 38.000000 0 3783.950561 17.471802 80.752000 0.177000 
TinySTM-igpu-cpu-persistent-dynamic-split-multithreaded-wbetl-lsa 0 0 0 0 0 0 0 0 0 0 0 0 0 0 0 0
TinySTM-igpu-cpu-persistent-dynamic-split-multithreaded-amd-wbetl 0 0 0 0 0 0 0 0 0 0 0 0 0 0 0 0
TinySTM-igpu-cpu-persistent-dynamic-split-multithreaded-wbetl 0.004131 0.000129 0.003972 0.000114 0.001004 0.000041 504.500000 3.500000 271359440.500000 28648730.500000 998114.500000 12745.500000 815330.500000 12745.500000 182784.000000 0 44335418.500000 5815441.500000 36.000000 2.000000 18.500000 5.500000 40.500000 3.500000 38.000000 0 3783.950561 17.471802 80.752000 0.177000 
TinySTM-igpu-cpu-persistent-dynamic-split-multithreaded-wbetl-lsa 0 0 0 0 0 0 0 0 0 0 0 0 0 0 0 0
