TinySTM-igpu-cpu-persistent-dynamic-split-multithreaded-wbetl 0.006608 0.000376 0.006462 0.000368 0 0 15317.619048 465.018840 59358239.285714 2629906.301481 1566888.428571 100755.532742 1566888.428571 100755.532742 0 0 0 0 0 0 694.238095 46.323813 0 0 5.000000 2.618615 902.636245 7.544459 20.132762 0.008360 
TinySTM-igpu-cpu-persistent-dynamic-split-multithreaded-wbetl-lsa 0.007250 0.000315 0.007092 0.000303 0 0 14837.636364 508.549859 37141516.090909 2910905.696574 1680670.545455 61382.035648 1680670.545455 61382.035648 0 0 0 0 0 0 718.181818 31.495507 225.090909 12.522377 9.272727 2.561637 892.395713 4.886084 20.195727 0.009696 
TinySTM-igpu-cpu-persistent-dynamic-split-multithreaded-wbetl 0.006608 0.000376 0.006462 0.000368 0 0 15317.619048 465.018840 59358239.285714 2629906.301481 1566888.428571 100755.532742 1566888.428571 100755.532742 0 0 0 0 0 0 694.238095 46.323813 0 0 5.000000 2.618615 902.636245 7.544459 20.132762 0.008360 
TinySTM-igpu-cpu-persistent-dynamic-split-multithreaded-wbetl-lsa 0.007250 0.000315 0.007092 0.000303 0 0 14837.636364 508.549859 37141516.090909 2910905.696574 1680670.545455 61382.035648 1680670.545455 61382.035648 0 0 0 0 0 0 718.181818 31.495507 225.090909 12.522377 9.272727 2.561637 892.395713 4.886084 20.195727 0.009696 
TinySTM-igpu-cpu-persistent-dynamic-split-multithreaded-wbetl 0.006608 0.000376 0.006462 0.000368 0 0 15317.619048 465.018840 59358239.285714 2629906.301481 1566888.428571 100755.532742 1566888.428571 100755.532742 0 0 0 0 0 0 694.238095 46.323813 0 0 5.000000 2.618615 902.636245 7.544459 20.132762 0.008360 
TinySTM-igpu-cpu-persistent-dynamic-split-multithreaded-wbetl-lsa 0.007250 0.000315 0.007092 0.000303 0 0 14837.636364 508.549859 37141516.090909 2910905.696574 1680670.545455 61382.035648 1680670.545455 61382.035648 0 0 0 0 0 0 718.181818 31.495507 225.090909 12.522377 9.272727 2.561637 892.395713 4.886084 20.195727 0.009696 
TinySTM-igpu-cpu-persistent-dynamic-split-multithreaded-wbetl 0.006608 0.000376 0.006462 0.000368 0 0 15317.619048 465.018840 59358239.285714 2629906.301481 1566888.428571 100755.532742 1566888.428571 100755.532742 0 0 0 0 0 0 694.238095 46.323813 0 0 5.000000 2.618615 902.636245 7.544459 20.132762 0.008360 
TinySTM-igpu-cpu-persistent-dynamic-split-multithreaded-wbetl-lsa 0.007250 0.000315 0.007092 0.000303 0 0 14837.636364 508.549859 37141516.090909 2910905.696574 1680670.545455 61382.035648 1680670.545455 61382.035648 0 0 0 0 0 0 718.181818 31.495507 225.090909 12.522377 9.272727 2.561637 892.395713 4.886084 20.195727 0.009696 
TinySTM-igpu-cpu-persistent-dynamic-split-multithreaded-wbetl 0.006608 0.000376 0.006462 0.000368 0 0 15317.619048 465.018840 59358239.285714 2629906.301481 1566888.428571 100755.532742 1566888.428571 100755.532742 0 0 0 0 0 0 694.238095 46.323813 0 0 5.000000 2.618615 902.636245 7.544459 20.132762 0.008360 
TinySTM-igpu-cpu-persistent-dynamic-split-multithreaded-wbetl-lsa 0.007250 0.000315 0.007092 0.000303 0 0 14837.636364 508.549859 37141516.090909 2910905.696574 1680670.545455 61382.035648 1680670.545455 61382.035648 0 0 0 0 0 0 718.181818 31.495507 225.090909 12.522377 9.272727 2.561637 892.395713 4.886084 20.195727 0.009696 
TinySTM-igpu-cpu-persistent-dynamic-split-multithreaded-wbetl 0.006608 0.000376 0.006462 0.000368 0 0 15317.619048 465.018840 59358239.285714 2629906.301481 1566888.428571 100755.532742 1566888.428571 100755.532742 0 0 0 0 0 0 694.238095 46.323813 0 0 5.000000 2.618615 902.636245 7.544459 20.132762 0.008360 
TinySTM-igpu-cpu-persistent-dynamic-split-multithreaded-wbetl-lsa 0.007250 0.000315 0.007092 0.000303 0 0 14837.636364 508.549859 37141516.090909 2910905.696574 1680670.545455 61382.035648 1680670.545455 61382.035648 0 0 0 0 0 0 718.181818 31.495507 225.090909 12.522377 9.272727 2.561637 892.395713 4.886084 20.195727 0.009696 
TinySTM-igpu-cpu-persistent-dynamic-split-multithreaded-wbetl 0.006608 0.000376 0.006462 0.000368 0 0 15317.619048 465.018840 59358239.285714 2629906.301481 1566888.428571 100755.532742 1566888.428571 100755.532742 0 0 0 0 0 0 694.238095 46.323813 0 0 5.000000 2.618615 902.636245 7.544459 20.132762 0.008360 
TinySTM-igpu-cpu-persistent-dynamic-split-multithreaded-wbetl-lsa 0.007250 0.000315 0.007092 0.000303 0 0 14837.636364 508.549859 37141516.090909 2910905.696574 1680670.545455 61382.035648 1680670.545455 61382.035648 0 0 0 0 0 0 718.181818 31.495507 225.090909 12.522377 9.272727 2.561637 892.395713 4.886084 20.195727 0.009696 
