TinySTM-igpu-cpu-persistent-dynamic-split-multithreaded-amd-wbetl 0 0 0 0 0 0 0 0 0 0 0 0 0 0 0 0
TinySTM-igpu-cpu-persistent-dynamic-split-multithreaded-wbetl 0.004582 0.000418 0.004390 0.000393 0.001008 0.000116 614.000000 108.000000 248568618.500000 10491450.500000 1166892.500000 116911.500000 930348.500000 79279.500000 236544.000000 37632.000000 42020480.000000 885782.000000 44.500000 6.500000 26.500000 1.500000 49.000000 7.000000 45.500000 6.500000 3790.458954 16.680512 80.797500 0.036500 
TinySTM-igpu-cpu-persistent-dynamic-split-multithreaded-wbetl-lsa 0 0 0 0 0 0 0 0 0 0 0 0 0 0 0 0
TinySTM-igpu-cpu-persistent-dynamic-split-multithreaded-amd-wbetl 0 0 0 0 0 0 0 0 0 0 0 0 0 0 0 0
TinySTM-igpu-cpu-persistent-dynamic-split-multithreaded-wbetl 0.004582 0.000418 0.004390 0.000393 0.001008 0.000116 614.000000 108.000000 248568618.500000 10491450.500000 1166892.500000 116911.500000 930348.500000 79279.500000 236544.000000 37632.000000 42020480.000000 885782.000000 44.500000 6.500000 26.500000 1.500000 49.000000 7.000000 45.500000 6.500000 3790.458954 16.680512 80.797500 0.036500 
TinySTM-igpu-cpu-persistent-dynamic-split-multithreaded-wbetl-lsa 0 0 0 0 0 0 0 0 0 0 0 0 0 0 0 0
TinySTM-igpu-cpu-persistent-dynamic-split-multithreaded-amd-wbetl 0 0 0 0 0 0 0 0 0 0 0 0 0 0 0 0
TinySTM-igpu-cpu-persistent-dynamic-split-multithreaded-wbetl 0.004582 0.000418 0.004390 0.000393 0.001008 0.000116 614.000000 108.000000 248568618.500000 10491450.500000 1166892.500000 116911.500000 930348.500000 79279.500000 236544.000000 37632.000000 42020480.000000 885782.000000 44.500000 6.500000 26.500000 1.500000 49.000000 7.000000 45.500000 6.500000 3790.458954 16.680512 80.797500 0.036500 
TinySTM-igpu-cpu-persistent-dynamic-split-multithreaded-wbetl-lsa 0 0 0 0 0 0 0 0 0 0 0 0 0 0 0 0
TinySTM-igpu-cpu-persistent-dynamic-split-multithreaded-amd-wbetl 0 0 0 0 0 0 0 0 0 0 0 0 0 0 0 0
TinySTM-igpu-cpu-persistent-dynamic-split-multithreaded-wbetl 0.004582 0.000418 0.004390 0.000393 0.001008 0.000116 614.000000 108.000000 248568618.500000 10491450.500000 1166892.500000 116911.500000 930348.500000 79279.500000 236544.000000 37632.000000 42020480.000000 885782.000000 44.500000 6.500000 26.500000 1.500000 49.000000 7.000000 45.500000 6.500000 3790.458954 16.680512 80.797500 0.036500 
TinySTM-igpu-cpu-persistent-dynamic-split-multithreaded-wbetl-lsa 0 0 0 0 0 0 0 0 0 0 0 0 0 0 0 0
TinySTM-igpu-cpu-persistent-dynamic-split-multithreaded-amd-wbetl 0 0 0 0 0 0 0 0 0 0 0 0 0 0 0 0
TinySTM-igpu-cpu-persistent-dynamic-split-multithreaded-wbetl 0.004582 0.000418 0.004390 0.000393 0.001008 0.000116 614.000000 108.000000 248568618.500000 10491450.500000 1166892.500000 116911.500000 930348.500000 79279.500000 236544.000000 37632.000000 42020480.000000 885782.000000 44.500000 6.500000 26.500000 1.500000 49.000000 7.000000 45.500000 6.500000 3790.458954 16.680512 80.797500 0.036500 
TinySTM-igpu-cpu-persistent-dynamic-split-multithreaded-wbetl-lsa 0 0 0 0 0 0 0 0 0 0 0 0 0 0 0 0
TinySTM-igpu-cpu-persistent-dynamic-split-multithreaded-amd-wbetl 0 0 0 0 0 0 0 0 0 0 0 0 0 0 0 0
TinySTM-igpu-cpu-persistent-dynamic-split-multithreaded-wbetl 0.004582 0.000418 0.004390 0.000393 0.001008 0.000116 614.000000 108.000000 248568618.500000 10491450.500000 1166892.500000 116911.500000 930348.500000 79279.500000 236544.000000 37632.000000 42020480.000000 885782.000000 44.500000 6.500000 26.500000 1.500000 49.000000 7.000000 45.500000 6.500000 3790.458954 16.680512 80.797500 0.036500 
TinySTM-igpu-cpu-persistent-dynamic-split-multithreaded-wbetl-lsa 0 0 0 0 0 0 0 0 0 0 0 0 0 0 0 0
TinySTM-igpu-cpu-persistent-dynamic-split-multithreaded-amd-wbetl 0 0 0 0 0 0 0 0 0 0 0 0 0 0 0 0
TinySTM-igpu-cpu-persistent-dynamic-split-multithreaded-wbetl 0.004582 0.000418 0.004390 0.000393 0.001008 0.000116 614.000000 108.000000 248568618.500000 10491450.500000 1166892.500000 116911.500000 930348.500000 79279.500000 236544.000000 37632.000000 42020480.000000 885782.000000 44.500000 6.500000 26.500000 1.500000 49.000000 7.000000 45.500000 6.500000 3790.458954 16.680512 80.797500 0.036500 
TinySTM-igpu-cpu-persistent-dynamic-split-multithreaded-wbetl-lsa 0 0 0 0 0 0 0 0 0 0 0 0 0 0 0 0
