TinySTM-igpu-cpu-persistent-dynamic-split-multithreaded-amd-wbetl 0.145367 0.027973 0.145309 0.027937 0.034320 0.024588 76.300000 33.977345 32813638.950000 19741169.705878 10966858.050000 7887433.737004 1789514.050000 1091251.735796 9177344.000000 6807217.746788 237180.550000 393304.167200 4.625000 3.610315 6.950000 4.443816 0 0 0.825000 1.115516 1080.971565 63.295209 22.832725 1.362956 
TinySTM-igpu-cpu-persistent-dynamic-split-multithreaded-wbetl 0.031552 0.020498 0.031527 0.020487 0.029827 0.019897 180.483871 71.242825 112017560.903226 39451274.577648 12951928.387097 9089414.839691 4218703.096774 2843228.444245 8733225.290323 6247648.148795 320380.000000 495156.745935 5.838710 3.101475 8.935484 3.843180 0 0 0.935484 0.877514 993.427244 15.303146 20.607806 0.416112 
TinySTM-igpu-cpu-persistent-dynamic-split-multithreaded-wbetl-lsa 0.002191 0.000240 0.002152 0.000229 0.000219 0.000099 144.806452 25.894849 66731636.000000 21449368.523817 472530.870968 71842.924829 429176.032258 55762.343809 43354.838710 17483.561051 9590607.774194 5209087.393331 8.451613 3.119540 6.548387 2.698132 9.967742 2.978242 9.129032 3.055845 972.326211 17.273486 20.743323 0.427238 
TinySTM-igpu-cpu-persistent-dynamic-split-multithreaded-amd-wbetl 0.145367 0.027973 0.145309 0.027937 0.034320 0.024588 76.300000 33.977345 32813638.950000 19741169.705878 10966858.050000 7887433.737004 1789514.050000 1091251.735796 9177344.000000 6807217.746788 237180.550000 393304.167200 4.625000 3.610315 6.950000 4.443816 0 0 0.825000 1.115516 1080.971565 63.295209 22.832725 1.362956 
TinySTM-igpu-cpu-persistent-dynamic-split-multithreaded-wbetl 0.031552 0.020498 0.031527 0.020487 0.029827 0.019897 180.483871 71.242825 112017560.903226 39451274.577648 12951928.387097 9089414.839691 4218703.096774 2843228.444245 8733225.290323 6247648.148795 320380.000000 495156.745935 5.838710 3.101475 8.935484 3.843180 0 0 0.935484 0.877514 993.427244 15.303146 20.607806 0.416112 
TinySTM-igpu-cpu-persistent-dynamic-split-multithreaded-wbetl-lsa 0.002191 0.000240 0.002152 0.000229 0.000219 0.000099 144.806452 25.894849 66731636.000000 21449368.523817 472530.870968 71842.924829 429176.032258 55762.343809 43354.838710 17483.561051 9590607.774194 5209087.393331 8.451613 3.119540 6.548387 2.698132 9.967742 2.978242 9.129032 3.055845 972.326211 17.273486 20.743323 0.427238 
TinySTM-igpu-cpu-persistent-dynamic-split-multithreaded-amd-wbetl 0.145367 0.027973 0.145309 0.027937 0.034320 0.024588 76.300000 33.977345 32813638.950000 19741169.705878 10966858.050000 7887433.737004 1789514.050000 1091251.735796 9177344.000000 6807217.746788 237180.550000 393304.167200 4.625000 3.610315 6.950000 4.443816 0 0 0.825000 1.115516 1080.971565 63.295209 22.832725 1.362956 
TinySTM-igpu-cpu-persistent-dynamic-split-multithreaded-wbetl 0.031552 0.020498 0.031527 0.020487 0.029827 0.019897 180.483871 71.242825 112017560.903226 39451274.577648 12951928.387097 9089414.839691 4218703.096774 2843228.444245 8733225.290323 6247648.148795 320380.000000 495156.745935 5.838710 3.101475 8.935484 3.843180 0 0 0.935484 0.877514 993.427244 15.303146 20.607806 0.416112 
TinySTM-igpu-cpu-persistent-dynamic-split-multithreaded-wbetl-lsa 0.002191 0.000240 0.002152 0.000229 0.000219 0.000099 144.806452 25.894849 66731636.000000 21449368.523817 472530.870968 71842.924829 429176.032258 55762.343809 43354.838710 17483.561051 9590607.774194 5209087.393331 8.451613 3.119540 6.548387 2.698132 9.967742 2.978242 9.129032 3.055845 972.326211 17.273486 20.743323 0.427238 
TinySTM-igpu-cpu-persistent-dynamic-split-multithreaded-amd-wbetl 0.145367 0.027973 0.145309 0.027937 0.034320 0.024588 76.300000 33.977345 32813638.950000 19741169.705878 10966858.050000 7887433.737004 1789514.050000 1091251.735796 9177344.000000 6807217.746788 237180.550000 393304.167200 4.625000 3.610315 6.950000 4.443816 0 0 0.825000 1.115516 1080.971565 63.295209 22.832725 1.362956 
TinySTM-igpu-cpu-persistent-dynamic-split-multithreaded-wbetl 0.031552 0.020498 0.031527 0.020487 0.029827 0.019897 180.483871 71.242825 112017560.903226 39451274.577648 12951928.387097 9089414.839691 4218703.096774 2843228.444245 8733225.290323 6247648.148795 320380.000000 495156.745935 5.838710 3.101475 8.935484 3.843180 0 0 0.935484 0.877514 993.427244 15.303146 20.607806 0.416112 
TinySTM-igpu-cpu-persistent-dynamic-split-multithreaded-wbetl-lsa 0.002191 0.000240 0.002152 0.000229 0.000219 0.000099 144.806452 25.894849 66731636.000000 21449368.523817 472530.870968 71842.924829 429176.032258 55762.343809 43354.838710 17483.561051 9590607.774194 5209087.393331 8.451613 3.119540 6.548387 2.698132 9.967742 2.978242 9.129032 3.055845 972.326211 17.273486 20.743323 0.427238 
TinySTM-igpu-cpu-persistent-dynamic-split-multithreaded-amd-wbetl 0.145367 0.027973 0.145309 0.027937 0.034320 0.024588 76.300000 33.977345 32813638.950000 19741169.705878 10966858.050000 7887433.737004 1789514.050000 1091251.735796 9177344.000000 6807217.746788 237180.550000 393304.167200 4.625000 3.610315 6.950000 4.443816 0 0 0.825000 1.115516 1080.971565 63.295209 22.832725 1.362956 
TinySTM-igpu-cpu-persistent-dynamic-split-multithreaded-wbetl 0.031552 0.020498 0.031527 0.020487 0.029827 0.019897 180.483871 71.242825 112017560.903226 39451274.577648 12951928.387097 9089414.839691 4218703.096774 2843228.444245 8733225.290323 6247648.148795 320380.000000 495156.745935 5.838710 3.101475 8.935484 3.843180 0 0 0.935484 0.877514 993.427244 15.303146 20.607806 0.416112 
TinySTM-igpu-cpu-persistent-dynamic-split-multithreaded-wbetl-lsa 0.002191 0.000240 0.002152 0.000229 0.000219 0.000099 144.806452 25.894849 66731636.000000 21449368.523817 472530.870968 71842.924829 429176.032258 55762.343809 43354.838710 17483.561051 9590607.774194 5209087.393331 8.451613 3.119540 6.548387 2.698132 9.967742 2.978242 9.129032 3.055845 972.326211 17.273486 20.743323 0.427238 
TinySTM-igpu-cpu-persistent-dynamic-split-multithreaded-amd-wbetl 0.145367 0.027973 0.145309 0.027937 0.034320 0.024588 76.300000 33.977345 32813638.950000 19741169.705878 10966858.050000 7887433.737004 1789514.050000 1091251.735796 9177344.000000 6807217.746788 237180.550000 393304.167200 4.625000 3.610315 6.950000 4.443816 0 0 0.825000 1.115516 1080.971565 63.295209 22.832725 1.362956 
TinySTM-igpu-cpu-persistent-dynamic-split-multithreaded-wbetl 0.031552 0.020498 0.031527 0.020487 0.029827 0.019897 180.483871 71.242825 112017560.903226 39451274.577648 12951928.387097 9089414.839691 4218703.096774 2843228.444245 8733225.290323 6247648.148795 320380.000000 495156.745935 5.838710 3.101475 8.935484 3.843180 0 0 0.935484 0.877514 993.427244 15.303146 20.607806 0.416112 
TinySTM-igpu-cpu-persistent-dynamic-split-multithreaded-wbetl-lsa 0.002191 0.000240 0.002152 0.000229 0.000219 0.000099 144.806452 25.894849 66731636.000000 21449368.523817 472530.870968 71842.924829 429176.032258 55762.343809 43354.838710 17483.561051 9590607.774194 5209087.393331 8.451613 3.119540 6.548387 2.698132 9.967742 2.978242 9.129032 3.055845 972.326211 17.273486 20.743323 0.427238 
TinySTM-igpu-cpu-persistent-dynamic-split-multithreaded-amd-wbetl 0.145367 0.027973 0.145309 0.027937 0.034320 0.024588 76.300000 33.977345 32813638.950000 19741169.705878 10966858.050000 7887433.737004 1789514.050000 1091251.735796 9177344.000000 6807217.746788 237180.550000 393304.167200 4.625000 3.610315 6.950000 4.443816 0 0 0.825000 1.115516 1080.971565 63.295209 22.832725 1.362956 
TinySTM-igpu-cpu-persistent-dynamic-split-multithreaded-wbetl 0.031552 0.020498 0.031527 0.020487 0.029827 0.019897 180.483871 71.242825 112017560.903226 39451274.577648 12951928.387097 9089414.839691 4218703.096774 2843228.444245 8733225.290323 6247648.148795 320380.000000 495156.745935 5.838710 3.101475 8.935484 3.843180 0 0 0.935484 0.877514 993.427244 15.303146 20.607806 0.416112 
TinySTM-igpu-cpu-persistent-dynamic-split-multithreaded-wbetl-lsa 0.002191 0.000240 0.002152 0.000229 0.000219 0.000099 144.806452 25.894849 66731636.000000 21449368.523817 472530.870968 71842.924829 429176.032258 55762.343809 43354.838710 17483.561051 9590607.774194 5209087.393331 8.451613 3.119540 6.548387 2.698132 9.967742 2.978242 9.129032 3.055845 972.326211 17.273486 20.743323 0.427238 
TinySTM-igpu-cpu-persistent-dynamic-split-multithreaded-amd-wbetl 0.145367 0.027973 0.145309 0.027937 0.034320 0.024588 76.300000 33.977345 32813638.950000 19741169.705878 10966858.050000 7887433.737004 1789514.050000 1091251.735796 9177344.000000 6807217.746788 237180.550000 393304.167200 4.625000 3.610315 6.950000 4.443816 0 0 0.825000 1.115516 1080.971565 63.295209 22.832725 1.362956 
TinySTM-igpu-cpu-persistent-dynamic-split-multithreaded-wbetl 0.031552 0.020498 0.031527 0.020487 0.029827 0.019897 180.483871 71.242825 112017560.903226 39451274.577648 12951928.387097 9089414.839691 4218703.096774 2843228.444245 8733225.290323 6247648.148795 320380.000000 495156.745935 5.838710 3.101475 8.935484 3.843180 0 0 0.935484 0.877514 993.427244 15.303146 20.607806 0.416112 
TinySTM-igpu-cpu-persistent-dynamic-split-multithreaded-wbetl-lsa 0.002191 0.000240 0.002152 0.000229 0.000219 0.000099 144.806452 25.894849 66731636.000000 21449368.523817 472530.870968 71842.924829 429176.032258 55762.343809 43354.838710 17483.561051 9590607.774194 5209087.393331 8.451613 3.119540 6.548387 2.698132 9.967742 2.978242 9.129032 3.055845 972.326211 17.273486 20.743323 0.427238 
TinySTM-igpu-cpu-persistent-dynamic-split-multithreaded-amd-wbetl 0.145367 0.027973 0.145309 0.027937 0.034320 0.024588 76.300000 33.977345 32813638.950000 19741169.705878 10966858.050000 7887433.737004 1789514.050000 1091251.735796 9177344.000000 6807217.746788 237180.550000 393304.167200 4.625000 3.610315 6.950000 4.443816 0 0 0.825000 1.115516 1080.971565 63.295209 22.832725 1.362956 
TinySTM-igpu-cpu-persistent-dynamic-split-multithreaded-wbetl 0.031552 0.020498 0.031527 0.020487 0.029827 0.019897 180.483871 71.242825 112017560.903226 39451274.577648 12951928.387097 9089414.839691 4218703.096774 2843228.444245 8733225.290323 6247648.148795 320380.000000 495156.745935 5.838710 3.101475 8.935484 3.843180 0 0 0.935484 0.877514 993.427244 15.303146 20.607806 0.416112 
TinySTM-igpu-cpu-persistent-dynamic-split-multithreaded-wbetl-lsa 0.002191 0.000240 0.002152 0.000229 0.000219 0.000099 144.806452 25.894849 66731636.000000 21449368.523817 472530.870968 71842.924829 429176.032258 55762.343809 43354.838710 17483.561051 9590607.774194 5209087.393331 8.451613 3.119540 6.548387 2.698132 9.967742 2.978242 9.129032 3.055845 972.326211 17.273486 20.743323 0.427238 
