TinySTM-igpu-cpu-persistent-dynamic-split-multithreaded-amd-wbetl 0 0 0 0 0 0 0 0 0 0 0 0 0 0 0 0
TinySTM-igpu-cpu-persistent-dynamic-split-multithreaded-wbetl 0.029150 0.001364 0.028527 0.001371 0 0 52856.500000 1604.500000 147603490.000000 6179763.000000 5462601.500000 210076.500000 5462601.500000 210076.500000 0 0 0 0 0 0 2653.000000 141.000000 900.500000 51.500000 22.000000 0 3556.310333 10.518524 80.214500 0.012500 
TinySTM-igpu-cpu-persistent-dynamic-split-multithreaded-wbetl-lsa 0 0 0 0 0 0 0 0 0 0 0 0 0 0 0 0
TinySTM-igpu-cpu-persistent-dynamic-split-multithreaded-amd-wbetl 0 0 0 0 0 0 0 0 0 0 0 0 0 0 0 0
TinySTM-igpu-cpu-persistent-dynamic-split-multithreaded-wbetl 0.029150 0.001364 0.028527 0.001371 0 0 52856.500000 1604.500000 147603490.000000 6179763.000000 5462601.500000 210076.500000 5462601.500000 210076.500000 0 0 0 0 0 0 2653.000000 141.000000 900.500000 51.500000 22.000000 0 3556.310333 10.518524 80.214500 0.012500 
TinySTM-igpu-cpu-persistent-dynamic-split-multithreaded-wbetl-lsa 0 0 0 0 0 0 0 0 0 0 0 0 0 0 0 0
TinySTM-igpu-cpu-persistent-dynamic-split-multithreaded-amd-wbetl 0 0 0 0 0 0 0 0 0 0 0 0 0 0 0 0
TinySTM-igpu-cpu-persistent-dynamic-split-multithreaded-wbetl 0.029150 0.001364 0.028527 0.001371 0 0 52856.500000 1604.500000 147603490.000000 6179763.000000 5462601.500000 210076.500000 5462601.500000 210076.500000 0 0 0 0 0 0 2653.000000 141.000000 900.500000 51.500000 22.000000 0 3556.310333 10.518524 80.214500 0.012500 
TinySTM-igpu-cpu-persistent-dynamic-split-multithreaded-wbetl-lsa 0 0 0 0 0 0 0 0 0 0 0 0 0 0 0 0
TinySTM-igpu-cpu-persistent-dynamic-split-multithreaded-amd-wbetl 0 0 0 0 0 0 0 0 0 0 0 0 0 0 0 0
TinySTM-igpu-cpu-persistent-dynamic-split-multithreaded-wbetl 0.029150 0.001364 0.028527 0.001371 0 0 52856.500000 1604.500000 147603490.000000 6179763.000000 5462601.500000 210076.500000 5462601.500000 210076.500000 0 0 0 0 0 0 2653.000000 141.000000 900.500000 51.500000 22.000000 0 3556.310333 10.518524 80.214500 0.012500 
TinySTM-igpu-cpu-persistent-dynamic-split-multithreaded-wbetl-lsa 0 0 0 0 0 0 0 0 0 0 0 0 0 0 0 0
TinySTM-igpu-cpu-persistent-dynamic-split-multithreaded-amd-wbetl 0 0 0 0 0 0 0 0 0 0 0 0 0 0 0 0
TinySTM-igpu-cpu-persistent-dynamic-split-multithreaded-wbetl 0.029150 0.001364 0.028527 0.001371 0 0 52856.500000 1604.500000 147603490.000000 6179763.000000 5462601.500000 210076.500000 5462601.500000 210076.500000 0 0 0 0 0 0 2653.000000 141.000000 900.500000 51.500000 22.000000 0 3556.310333 10.518524 80.214500 0.012500 
TinySTM-igpu-cpu-persistent-dynamic-split-multithreaded-wbetl-lsa 0 0 0 0 0 0 0 0 0 0 0 0 0 0 0 0
TinySTM-igpu-cpu-persistent-dynamic-split-multithreaded-amd-wbetl 0 0 0 0 0 0 0 0 0 0 0 0 0 0 0 0
TinySTM-igpu-cpu-persistent-dynamic-split-multithreaded-wbetl 0.029150 0.001364 0.028527 0.001371 0 0 52856.500000 1604.500000 147603490.000000 6179763.000000 5462601.500000 210076.500000 5462601.500000 210076.500000 0 0 0 0 0 0 2653.000000 141.000000 900.500000 51.500000 22.000000 0 3556.310333 10.518524 80.214500 0.012500 
TinySTM-igpu-cpu-persistent-dynamic-split-multithreaded-wbetl-lsa 0 0 0 0 0 0 0 0 0 0 0 0 0 0 0 0
TinySTM-igpu-cpu-persistent-dynamic-split-multithreaded-amd-wbetl 0 0 0 0 0 0 0 0 0 0 0 0 0 0 0 0
TinySTM-igpu-cpu-persistent-dynamic-split-multithreaded-wbetl 0.029150 0.001364 0.028527 0.001371 0 0 52856.500000 1604.500000 147603490.000000 6179763.000000 5462601.500000 210076.500000 5462601.500000 210076.500000 0 0 0 0 0 0 2653.000000 141.000000 900.500000 51.500000 22.000000 0 3556.310333 10.518524 80.214500 0.012500 
TinySTM-igpu-cpu-persistent-dynamic-split-multithreaded-wbetl-lsa 0 0 0 0 0 0 0 0 0 0 0 0 0 0 0 0
