TinySTM-igpu-cpu-persistent-dynamic-split-multithreaded-amd-wbetl 0 0 0 0 0 0 0 0 0 0 0 0 0 0 0 0
TinySTM-igpu-cpu-persistent-dynamic-split-multithreaded-wbetl 0.004660 0.000779 0.004458 0.000738 0.001275 0.000379 555.500000 12.500000 285140252.000000 21524923.000000 1218911.500000 214902.500000 976991.500000 166518.500000 241920.000000 48384.000000 52969243.500000 9049580.500000 46.000000 9.000000 23.500000 4.500000 50.000000 11.000000 47.000000 9.000000 3817.939423 40.074371 81.019500 0.685500 
TinySTM-igpu-cpu-persistent-dynamic-split-multithreaded-wbetl-lsa 0 0 0 0 0 0 0 0 0 0 0 0 0 0 0 0
TinySTM-igpu-cpu-persistent-dynamic-split-multithreaded-amd-wbetl 0 0 0 0 0 0 0 0 0 0 0 0 0 0 0 0
TinySTM-igpu-cpu-persistent-dynamic-split-multithreaded-wbetl 0.004660 0.000779 0.004458 0.000738 0.001275 0.000379 555.500000 12.500000 285140252.000000 21524923.000000 1218911.500000 214902.500000 976991.500000 166518.500000 241920.000000 48384.000000 52969243.500000 9049580.500000 46.000000 9.000000 23.500000 4.500000 50.000000 11.000000 47.000000 9.000000 3817.939423 40.074371 81.019500 0.685500 
TinySTM-igpu-cpu-persistent-dynamic-split-multithreaded-wbetl-lsa 0 0 0 0 0 0 0 0 0 0 0 0 0 0 0 0
TinySTM-igpu-cpu-persistent-dynamic-split-multithreaded-amd-wbetl 0 0 0 0 0 0 0 0 0 0 0 0 0 0 0 0
TinySTM-igpu-cpu-persistent-dynamic-split-multithreaded-wbetl 0.004660 0.000779 0.004458 0.000738 0.001275 0.000379 555.500000 12.500000 285140252.000000 21524923.000000 1218911.500000 214902.500000 976991.500000 166518.500000 241920.000000 48384.000000 52969243.500000 9049580.500000 46.000000 9.000000 23.500000 4.500000 50.000000 11.000000 47.000000 9.000000 3817.939423 40.074371 81.019500 0.685500 
TinySTM-igpu-cpu-persistent-dynamic-split-multithreaded-wbetl-lsa 0 0 0 0 0 0 0 0 0 0 0 0 0 0 0 0
TinySTM-igpu-cpu-persistent-dynamic-split-multithreaded-amd-wbetl 0 0 0 0 0 0 0 0 0 0 0 0 0 0 0 0
TinySTM-igpu-cpu-persistent-dynamic-split-multithreaded-wbetl 0.004660 0.000779 0.004458 0.000738 0.001275 0.000379 555.500000 12.500000 285140252.000000 21524923.000000 1218911.500000 214902.500000 976991.500000 166518.500000 241920.000000 48384.000000 52969243.500000 9049580.500000 46.000000 9.000000 23.500000 4.500000 50.000000 11.000000 47.000000 9.000000 3817.939423 40.074371 81.019500 0.685500 
TinySTM-igpu-cpu-persistent-dynamic-split-multithreaded-wbetl-lsa 0 0 0 0 0 0 0 0 0 0 0 0 0 0 0 0
TinySTM-igpu-cpu-persistent-dynamic-split-multithreaded-amd-wbetl 0 0 0 0 0 0 0 0 0 0 0 0 0 0 0 0
TinySTM-igpu-cpu-persistent-dynamic-split-multithreaded-wbetl 0.004660 0.000779 0.004458 0.000738 0.001275 0.000379 555.500000 12.500000 285140252.000000 21524923.000000 1218911.500000 214902.500000 976991.500000 166518.500000 241920.000000 48384.000000 52969243.500000 9049580.500000 46.000000 9.000000 23.500000 4.500000 50.000000 11.000000 47.000000 9.000000 3817.939423 40.074371 81.019500 0.685500 
TinySTM-igpu-cpu-persistent-dynamic-split-multithreaded-wbetl-lsa 0 0 0 0 0 0 0 0 0 0 0 0 0 0 0 0
TinySTM-igpu-cpu-persistent-dynamic-split-multithreaded-amd-wbetl 0 0 0 0 0 0 0 0 0 0 0 0 0 0 0 0
TinySTM-igpu-cpu-persistent-dynamic-split-multithreaded-wbetl 0.004660 0.000779 0.004458 0.000738 0.001275 0.000379 555.500000 12.500000 285140252.000000 21524923.000000 1218911.500000 214902.500000 976991.500000 166518.500000 241920.000000 48384.000000 52969243.500000 9049580.500000 46.000000 9.000000 23.500000 4.500000 50.000000 11.000000 47.000000 9.000000 3817.939423 40.074371 81.019500 0.685500 
TinySTM-igpu-cpu-persistent-dynamic-split-multithreaded-wbetl-lsa 0 0 0 0 0 0 0 0 0 0 0 0 0 0 0 0
TinySTM-igpu-cpu-persistent-dynamic-split-multithreaded-amd-wbetl 0 0 0 0 0 0 0 0 0 0 0 0 0 0 0 0
TinySTM-igpu-cpu-persistent-dynamic-split-multithreaded-wbetl 0.004660 0.000779 0.004458 0.000738 0.001275 0.000379 555.500000 12.500000 285140252.000000 21524923.000000 1218911.500000 214902.500000 976991.500000 166518.500000 241920.000000 48384.000000 52969243.500000 9049580.500000 46.000000 9.000000 23.500000 4.500000 50.000000 11.000000 47.000000 9.000000 3817.939423 40.074371 81.019500 0.685500 
TinySTM-igpu-cpu-persistent-dynamic-split-multithreaded-wbetl-lsa 0 0 0 0 0 0 0 0 0 0 0 0 0 0 0 0
