TinySTM-igpu-cpu-persistent-dynamic-split-multithreaded-wbetl 0.006567 0.000248 0.006421 0.000244 0 0 15244.666667 561.295554 61188410.476190 3235766.950337 1546549.904762 65617.230006 1546549.904762 65617.230006 0 0 0 0 0 0 673.000000 30.361316 0 0 4.142857 1.833179 900.594834 5.388016 20.132095 0.007037 
TinySTM-igpu-cpu-persistent-dynamic-split-multithreaded-wbetl-lsa 0.007424 0.000348 0.007263 0.000336 0 0 14636.454545 513.348254 37213879.545455 1927746.551811 1733987.272727 104245.655249 1733987.272727 104245.655249 0 0 0 0 0 0 739.909091 37.252101 229.181818 20.184684 7.272727 3.017853 893.478027 3.178401 20.191727 0.007676 
TinySTM-igpu-cpu-persistent-dynamic-split-multithreaded-wbetl 0.006567 0.000248 0.006421 0.000244 0 0 15244.666667 561.295554 61188410.476190 3235766.950337 1546549.904762 65617.230006 1546549.904762 65617.230006 0 0 0 0 0 0 673.000000 30.361316 0 0 4.142857 1.833179 900.594834 5.388016 20.132095 0.007037 
TinySTM-igpu-cpu-persistent-dynamic-split-multithreaded-wbetl-lsa 0.007424 0.000348 0.007263 0.000336 0 0 14636.454545 513.348254 37213879.545455 1927746.551811 1733987.272727 104245.655249 1733987.272727 104245.655249 0 0 0 0 0 0 739.909091 37.252101 229.181818 20.184684 7.272727 3.017853 893.478027 3.178401 20.191727 0.007676 
TinySTM-igpu-cpu-persistent-dynamic-split-multithreaded-wbetl 0.006567 0.000248 0.006421 0.000244 0 0 15244.666667 561.295554 61188410.476190 3235766.950337 1546549.904762 65617.230006 1546549.904762 65617.230006 0 0 0 0 0 0 673.000000 30.361316 0 0 4.142857 1.833179 900.594834 5.388016 20.132095 0.007037 
TinySTM-igpu-cpu-persistent-dynamic-split-multithreaded-wbetl-lsa 0.007424 0.000348 0.007263 0.000336 0 0 14636.454545 513.348254 37213879.545455 1927746.551811 1733987.272727 104245.655249 1733987.272727 104245.655249 0 0 0 0 0 0 739.909091 37.252101 229.181818 20.184684 7.272727 3.017853 893.478027 3.178401 20.191727 0.007676 
TinySTM-igpu-cpu-persistent-dynamic-split-multithreaded-wbetl 0.006567 0.000248 0.006421 0.000244 0 0 15244.666667 561.295554 61188410.476190 3235766.950337 1546549.904762 65617.230006 1546549.904762 65617.230006 0 0 0 0 0 0 673.000000 30.361316 0 0 4.142857 1.833179 900.594834 5.388016 20.132095 0.007037 
TinySTM-igpu-cpu-persistent-dynamic-split-multithreaded-wbetl-lsa 0.007424 0.000348 0.007263 0.000336 0 0 14636.454545 513.348254 37213879.545455 1927746.551811 1733987.272727 104245.655249 1733987.272727 104245.655249 0 0 0 0 0 0 739.909091 37.252101 229.181818 20.184684 7.272727 3.017853 893.478027 3.178401 20.191727 0.007676 
TinySTM-igpu-cpu-persistent-dynamic-split-multithreaded-wbetl 0.006567 0.000248 0.006421 0.000244 0 0 15244.666667 561.295554 61188410.476190 3235766.950337 1546549.904762 65617.230006 1546549.904762 65617.230006 0 0 0 0 0 0 673.000000 30.361316 0 0 4.142857 1.833179 900.594834 5.388016 20.132095 0.007037 
TinySTM-igpu-cpu-persistent-dynamic-split-multithreaded-wbetl-lsa 0.007424 0.000348 0.007263 0.000336 0 0 14636.454545 513.348254 37213879.545455 1927746.551811 1733987.272727 104245.655249 1733987.272727 104245.655249 0 0 0 0 0 0 739.909091 37.252101 229.181818 20.184684 7.272727 3.017853 893.478027 3.178401 20.191727 0.007676 
TinySTM-igpu-cpu-persistent-dynamic-split-multithreaded-wbetl 0.006567 0.000248 0.006421 0.000244 0 0 15244.666667 561.295554 61188410.476190 3235766.950337 1546549.904762 65617.230006 1546549.904762 65617.230006 0 0 0 0 0 0 673.000000 30.361316 0 0 4.142857 1.833179 900.594834 5.388016 20.132095 0.007037 
TinySTM-igpu-cpu-persistent-dynamic-split-multithreaded-wbetl-lsa 0.007424 0.000348 0.007263 0.000336 0 0 14636.454545 513.348254 37213879.545455 1927746.551811 1733987.272727 104245.655249 1733987.272727 104245.655249 0 0 0 0 0 0 739.909091 37.252101 229.181818 20.184684 7.272727 3.017853 893.478027 3.178401 20.191727 0.007676 
TinySTM-igpu-cpu-persistent-dynamic-split-multithreaded-wbetl 0.006567 0.000248 0.006421 0.000244 0 0 15244.666667 561.295554 61188410.476190 3235766.950337 1546549.904762 65617.230006 1546549.904762 65617.230006 0 0 0 0 0 0 673.000000 30.361316 0 0 4.142857 1.833179 900.594834 5.388016 20.132095 0.007037 
TinySTM-igpu-cpu-persistent-dynamic-split-multithreaded-wbetl-lsa 0.007424 0.000348 0.007263 0.000336 0 0 14636.454545 513.348254 37213879.545455 1927746.551811 1733987.272727 104245.655249 1733987.272727 104245.655249 0 0 0 0 0 0 739.909091 37.252101 229.181818 20.184684 7.272727 3.017853 893.478027 3.178401 20.191727 0.007676 
TinySTM-igpu-cpu-persistent-dynamic-split-multithreaded-wbetl 0.006567 0.000248 0.006421 0.000244 0 0 15244.666667 561.295554 61188410.476190 3235766.950337 1546549.904762 65617.230006 1546549.904762 65617.230006 0 0 0 0 0 0 673.000000 30.361316 0 0 4.142857 1.833179 900.594834 5.388016 20.132095 0.007037 
TinySTM-igpu-cpu-persistent-dynamic-split-multithreaded-wbetl-lsa 0.007424 0.000348 0.007263 0.000336 0 0 14636.454545 513.348254 37213879.545455 1927746.551811 1733987.272727 104245.655249 1733987.272727 104245.655249 0 0 0 0 0 0 739.909091 37.252101 229.181818 20.184684 7.272727 3.017853 893.478027 3.178401 20.191727 0.007676 
TinySTM-igpu-cpu-persistent-dynamic-split-multithreaded-wbetl 0.006567 0.000248 0.006421 0.000244 0 0 15244.666667 561.295554 61188410.476190 3235766.950337 1546549.904762 65617.230006 1546549.904762 65617.230006 0 0 0 0 0 0 673.000000 30.361316 0 0 4.142857 1.833179 900.594834 5.388016 20.132095 0.007037 
TinySTM-igpu-cpu-persistent-dynamic-split-multithreaded-wbetl-lsa 0.007424 0.000348 0.007263 0.000336 0 0 14636.454545 513.348254 37213879.545455 1927746.551811 1733987.272727 104245.655249 1733987.272727 104245.655249 0 0 0 0 0 0 739.909091 37.252101 229.181818 20.184684 7.272727 3.017853 893.478027 3.178401 20.191727 0.007676 
