TinySTM-igpu-cpu-persistent-dynamic-split-multithreaded-wbetl 0.016945 0.000307 0.016455 0.000304 0 0 40644.052632 789.624259 476560599.789474 14355857.702251 3845529.105263 79089.246721 3845529.105263 79089.246721 0 0 0 0 0 0 2188.526316 49.168206 0 0 21.473684 4.082935 1312.882189 4.700162 20.143053 0.008617 
TinySTM-igpu-cpu-persistent-dynamic-split-multithreaded-wbetl-lsa 0.018646 0.000418 0.018125 0.000405 0 0 40675.545455 518.030775 283292657.000000 8554394.862342 4142650.727273 109720.590864 4142650.727273 109720.590864 0 0 0 0 0 0 2321.181818 52.651199 864.090909 17.495218 29.272727 6.634495 1288.707642 2.736338 20.210000 0.014334 
TinySTM-igpu-cpu-persistent-dynamic-split-multithreaded-wbetl 0.016945 0.000307 0.016455 0.000304 0 0 40644.052632 789.624259 476560599.789474 14355857.702251 3845529.105263 79089.246721 3845529.105263 79089.246721 0 0 0 0 0 0 2188.526316 49.168206 0 0 21.473684 4.082935 1312.882189 4.700162 20.143053 0.008617 
TinySTM-igpu-cpu-persistent-dynamic-split-multithreaded-wbetl-lsa 0.018646 0.000418 0.018125 0.000405 0 0 40675.545455 518.030775 283292657.000000 8554394.862342 4142650.727273 109720.590864 4142650.727273 109720.590864 0 0 0 0 0 0 2321.181818 52.651199 864.090909 17.495218 29.272727 6.634495 1288.707642 2.736338 20.210000 0.014334 
TinySTM-igpu-cpu-persistent-dynamic-split-multithreaded-wbetl 0.016945 0.000307 0.016455 0.000304 0 0 40644.052632 789.624259 476560599.789474 14355857.702251 3845529.105263 79089.246721 3845529.105263 79089.246721 0 0 0 0 0 0 2188.526316 49.168206 0 0 21.473684 4.082935 1312.882189 4.700162 20.143053 0.008617 
TinySTM-igpu-cpu-persistent-dynamic-split-multithreaded-wbetl-lsa 0.018646 0.000418 0.018125 0.000405 0 0 40675.545455 518.030775 283292657.000000 8554394.862342 4142650.727273 109720.590864 4142650.727273 109720.590864 0 0 0 0 0 0 2321.181818 52.651199 864.090909 17.495218 29.272727 6.634495 1288.707642 2.736338 20.210000 0.014334 
TinySTM-igpu-cpu-persistent-dynamic-split-multithreaded-wbetl 0.016945 0.000307 0.016455 0.000304 0 0 40644.052632 789.624259 476560599.789474 14355857.702251 3845529.105263 79089.246721 3845529.105263 79089.246721 0 0 0 0 0 0 2188.526316 49.168206 0 0 21.473684 4.082935 1312.882189 4.700162 20.143053 0.008617 
TinySTM-igpu-cpu-persistent-dynamic-split-multithreaded-wbetl-lsa 0.018646 0.000418 0.018125 0.000405 0 0 40675.545455 518.030775 283292657.000000 8554394.862342 4142650.727273 109720.590864 4142650.727273 109720.590864 0 0 0 0 0 0 2321.181818 52.651199 864.090909 17.495218 29.272727 6.634495 1288.707642 2.736338 20.210000 0.014334 
TinySTM-igpu-cpu-persistent-dynamic-split-multithreaded-wbetl 0.016945 0.000307 0.016455 0.000304 0 0 40644.052632 789.624259 476560599.789474 14355857.702251 3845529.105263 79089.246721 3845529.105263 79089.246721 0 0 0 0 0 0 2188.526316 49.168206 0 0 21.473684 4.082935 1312.882189 4.700162 20.143053 0.008617 
TinySTM-igpu-cpu-persistent-dynamic-split-multithreaded-wbetl-lsa 0.018646 0.000418 0.018125 0.000405 0 0 40675.545455 518.030775 283292657.000000 8554394.862342 4142650.727273 109720.590864 4142650.727273 109720.590864 0 0 0 0 0 0 2321.181818 52.651199 864.090909 17.495218 29.272727 6.634495 1288.707642 2.736338 20.210000 0.014334 
TinySTM-igpu-cpu-persistent-dynamic-split-multithreaded-wbetl 0.016945 0.000307 0.016455 0.000304 0 0 40644.052632 789.624259 476560599.789474 14355857.702251 3845529.105263 79089.246721 3845529.105263 79089.246721 0 0 0 0 0 0 2188.526316 49.168206 0 0 21.473684 4.082935 1312.882189 4.700162 20.143053 0.008617 
TinySTM-igpu-cpu-persistent-dynamic-split-multithreaded-wbetl-lsa 0.018646 0.000418 0.018125 0.000405 0 0 40675.545455 518.030775 283292657.000000 8554394.862342 4142650.727273 109720.590864 4142650.727273 109720.590864 0 0 0 0 0 0 2321.181818 52.651199 864.090909 17.495218 29.272727 6.634495 1288.707642 2.736338 20.210000 0.014334 
TinySTM-igpu-cpu-persistent-dynamic-split-multithreaded-wbetl 0.016945 0.000307 0.016455 0.000304 0 0 40644.052632 789.624259 476560599.789474 14355857.702251 3845529.105263 79089.246721 3845529.105263 79089.246721 0 0 0 0 0 0 2188.526316 49.168206 0 0 21.473684 4.082935 1312.882189 4.700162 20.143053 0.008617 
TinySTM-igpu-cpu-persistent-dynamic-split-multithreaded-wbetl-lsa 0.018646 0.000418 0.018125 0.000405 0 0 40675.545455 518.030775 283292657.000000 8554394.862342 4142650.727273 109720.590864 4142650.727273 109720.590864 0 0 0 0 0 0 2321.181818 52.651199 864.090909 17.495218 29.272727 6.634495 1288.707642 2.736338 20.210000 0.014334 
TinySTM-igpu-cpu-persistent-dynamic-split-multithreaded-wbetl 0.016945 0.000307 0.016455 0.000304 0 0 40644.052632 789.624259 476560599.789474 14355857.702251 3845529.105263 79089.246721 3845529.105263 79089.246721 0 0 0 0 0 0 2188.526316 49.168206 0 0 21.473684 4.082935 1312.882189 4.700162 20.143053 0.008617 
TinySTM-igpu-cpu-persistent-dynamic-split-multithreaded-wbetl-lsa 0.018646 0.000418 0.018125 0.000405 0 0 40675.545455 518.030775 283292657.000000 8554394.862342 4142650.727273 109720.590864 4142650.727273 109720.590864 0 0 0 0 0 0 2321.181818 52.651199 864.090909 17.495218 29.272727 6.634495 1288.707642 2.736338 20.210000 0.014334 
TinySTM-igpu-cpu-persistent-dynamic-split-multithreaded-wbetl 0.016945 0.000307 0.016455 0.000304 0 0 40644.052632 789.624259 476560599.789474 14355857.702251 3845529.105263 79089.246721 3845529.105263 79089.246721 0 0 0 0 0 0 2188.526316 49.168206 0 0 21.473684 4.082935 1312.882189 4.700162 20.143053 0.008617 
TinySTM-igpu-cpu-persistent-dynamic-split-multithreaded-wbetl-lsa 0.018646 0.000418 0.018125 0.000405 0 0 40675.545455 518.030775 283292657.000000 8554394.862342 4142650.727273 109720.590864 4142650.727273 109720.590864 0 0 0 0 0 0 2321.181818 52.651199 864.090909 17.495218 29.272727 6.634495 1288.707642 2.736338 20.210000 0.014334 
