TinySTM-igpu-cpu-persistent-dynamic-split-multithreaded-amd-wbetl 0.345487 0.311044 0.345301 0.311010 0.117037 0.049940 130.125000 45.541842 247467705.900000 45312707.908325 36891451.025000 15230894.326189 6034567.825000 2614864.007520 30856883.200000 12926280.941289 1371766.650000 1398868.107189 17.325000 7.646527 24.025000 8.332129 0 0 3.675000 2.553307 2838.915401 231.187715 25.139975 2.537448 
TinySTM-igpu-cpu-persistent-dynamic-split-multithreaded-wbetl 0.107931 0.030736 0.107827 0.030714 0.113152 0.054786 288.241379 66.167319 514689609.448276 78414895.461033 41976741.517241 12802113.062128 11784013.241379 3427412.172518 30192728.275862 9456283.972559 1539895.172414 995674.966836 23.586207 5.629462 28.241379 5.840732 0 0 5.724138 2.211203 1459.319290 33.583321 20.803310 0.474218 
TinySTM-igpu-cpu-persistent-dynamic-split-multithreaded-wbetl-lsa 0.006548 0.008851 0.006414 0.008845 0.030368 0.120913 248.258065 44.140514 308158126.258065 29800860.832756 1324550.225806 1648080.337295 1183560.290323 1647584.176722 140989.935484 22467.011191 20610084.225806 7158294.604892 27.161290 4.266121 17.645161 4.762409 36.580645 4.695737 31.387097 4.742923 1411.185882 46.563373 21.300871 0.843752 
TinySTM-igpu-cpu-persistent-dynamic-split-multithreaded-amd-wbetl 0.345487 0.311044 0.345301 0.311010 0.117037 0.049940 130.125000 45.541842 247467705.900000 45312707.908325 36891451.025000 15230894.326189 6034567.825000 2614864.007520 30856883.200000 12926280.941289 1371766.650000 1398868.107189 17.325000 7.646527 24.025000 8.332129 0 0 3.675000 2.553307 2838.915401 231.187715 25.139975 2.537448 
TinySTM-igpu-cpu-persistent-dynamic-split-multithreaded-wbetl 0.107931 0.030736 0.107827 0.030714 0.113152 0.054786 288.241379 66.167319 514689609.448276 78414895.461033 41976741.517241 12802113.062128 11784013.241379 3427412.172518 30192728.275862 9456283.972559 1539895.172414 995674.966836 23.586207 5.629462 28.241379 5.840732 0 0 5.724138 2.211203 1459.319290 33.583321 20.803310 0.474218 
TinySTM-igpu-cpu-persistent-dynamic-split-multithreaded-wbetl-lsa 0.006548 0.008851 0.006414 0.008845 0.030368 0.120913 248.258065 44.140514 308158126.258065 29800860.832756 1324550.225806 1648080.337295 1183560.290323 1647584.176722 140989.935484 22467.011191 20610084.225806 7158294.604892 27.161290 4.266121 17.645161 4.762409 36.580645 4.695737 31.387097 4.742923 1411.185882 46.563373 21.300871 0.843752 
TinySTM-igpu-cpu-persistent-dynamic-split-multithreaded-amd-wbetl 0.345487 0.311044 0.345301 0.311010 0.117037 0.049940 130.125000 45.541842 247467705.900000 45312707.908325 36891451.025000 15230894.326189 6034567.825000 2614864.007520 30856883.200000 12926280.941289 1371766.650000 1398868.107189 17.325000 7.646527 24.025000 8.332129 0 0 3.675000 2.553307 2838.915401 231.187715 25.139975 2.537448 
TinySTM-igpu-cpu-persistent-dynamic-split-multithreaded-wbetl 0.107931 0.030736 0.107827 0.030714 0.113152 0.054786 288.241379 66.167319 514689609.448276 78414895.461033 41976741.517241 12802113.062128 11784013.241379 3427412.172518 30192728.275862 9456283.972559 1539895.172414 995674.966836 23.586207 5.629462 28.241379 5.840732 0 0 5.724138 2.211203 1459.319290 33.583321 20.803310 0.474218 
TinySTM-igpu-cpu-persistent-dynamic-split-multithreaded-wbetl-lsa 0.006548 0.008851 0.006414 0.008845 0.030368 0.120913 248.258065 44.140514 308158126.258065 29800860.832756 1324550.225806 1648080.337295 1183560.290323 1647584.176722 140989.935484 22467.011191 20610084.225806 7158294.604892 27.161290 4.266121 17.645161 4.762409 36.580645 4.695737 31.387097 4.742923 1411.185882 46.563373 21.300871 0.843752 
TinySTM-igpu-cpu-persistent-dynamic-split-multithreaded-amd-wbetl 0.345487 0.311044 0.345301 0.311010 0.117037 0.049940 130.125000 45.541842 247467705.900000 45312707.908325 36891451.025000 15230894.326189 6034567.825000 2614864.007520 30856883.200000 12926280.941289 1371766.650000 1398868.107189 17.325000 7.646527 24.025000 8.332129 0 0 3.675000 2.553307 2838.915401 231.187715 25.139975 2.537448 
TinySTM-igpu-cpu-persistent-dynamic-split-multithreaded-wbetl 0.107931 0.030736 0.107827 0.030714 0.113152 0.054786 288.241379 66.167319 514689609.448276 78414895.461033 41976741.517241 12802113.062128 11784013.241379 3427412.172518 30192728.275862 9456283.972559 1539895.172414 995674.966836 23.586207 5.629462 28.241379 5.840732 0 0 5.724138 2.211203 1459.319290 33.583321 20.803310 0.474218 
TinySTM-igpu-cpu-persistent-dynamic-split-multithreaded-wbetl-lsa 0.006548 0.008851 0.006414 0.008845 0.030368 0.120913 248.258065 44.140514 308158126.258065 29800860.832756 1324550.225806 1648080.337295 1183560.290323 1647584.176722 140989.935484 22467.011191 20610084.225806 7158294.604892 27.161290 4.266121 17.645161 4.762409 36.580645 4.695737 31.387097 4.742923 1411.185882 46.563373 21.300871 0.843752 
TinySTM-igpu-cpu-persistent-dynamic-split-multithreaded-amd-wbetl 0.345487 0.311044 0.345301 0.311010 0.117037 0.049940 130.125000 45.541842 247467705.900000 45312707.908325 36891451.025000 15230894.326189 6034567.825000 2614864.007520 30856883.200000 12926280.941289 1371766.650000 1398868.107189 17.325000 7.646527 24.025000 8.332129 0 0 3.675000 2.553307 2838.915401 231.187715 25.139975 2.537448 
TinySTM-igpu-cpu-persistent-dynamic-split-multithreaded-wbetl 0.107931 0.030736 0.107827 0.030714 0.113152 0.054786 288.241379 66.167319 514689609.448276 78414895.461033 41976741.517241 12802113.062128 11784013.241379 3427412.172518 30192728.275862 9456283.972559 1539895.172414 995674.966836 23.586207 5.629462 28.241379 5.840732 0 0 5.724138 2.211203 1459.319290 33.583321 20.803310 0.474218 
TinySTM-igpu-cpu-persistent-dynamic-split-multithreaded-wbetl-lsa 0.006548 0.008851 0.006414 0.008845 0.030368 0.120913 248.258065 44.140514 308158126.258065 29800860.832756 1324550.225806 1648080.337295 1183560.290323 1647584.176722 140989.935484 22467.011191 20610084.225806 7158294.604892 27.161290 4.266121 17.645161 4.762409 36.580645 4.695737 31.387097 4.742923 1411.185882 46.563373 21.300871 0.843752 
TinySTM-igpu-cpu-persistent-dynamic-split-multithreaded-amd-wbetl 0.345487 0.311044 0.345301 0.311010 0.117037 0.049940 130.125000 45.541842 247467705.900000 45312707.908325 36891451.025000 15230894.326189 6034567.825000 2614864.007520 30856883.200000 12926280.941289 1371766.650000 1398868.107189 17.325000 7.646527 24.025000 8.332129 0 0 3.675000 2.553307 2838.915401 231.187715 25.139975 2.537448 
TinySTM-igpu-cpu-persistent-dynamic-split-multithreaded-wbetl 0.107931 0.030736 0.107827 0.030714 0.113152 0.054786 288.241379 66.167319 514689609.448276 78414895.461033 41976741.517241 12802113.062128 11784013.241379 3427412.172518 30192728.275862 9456283.972559 1539895.172414 995674.966836 23.586207 5.629462 28.241379 5.840732 0 0 5.724138 2.211203 1459.319290 33.583321 20.803310 0.474218 
TinySTM-igpu-cpu-persistent-dynamic-split-multithreaded-wbetl-lsa 0.006548 0.008851 0.006414 0.008845 0.030368 0.120913 248.258065 44.140514 308158126.258065 29800860.832756 1324550.225806 1648080.337295 1183560.290323 1647584.176722 140989.935484 22467.011191 20610084.225806 7158294.604892 27.161290 4.266121 17.645161 4.762409 36.580645 4.695737 31.387097 4.742923 1411.185882 46.563373 21.300871 0.843752 
TinySTM-igpu-cpu-persistent-dynamic-split-multithreaded-amd-wbetl 0.345487 0.311044 0.345301 0.311010 0.117037 0.049940 130.125000 45.541842 247467705.900000 45312707.908325 36891451.025000 15230894.326189 6034567.825000 2614864.007520 30856883.200000 12926280.941289 1371766.650000 1398868.107189 17.325000 7.646527 24.025000 8.332129 0 0 3.675000 2.553307 2838.915401 231.187715 25.139975 2.537448 
TinySTM-igpu-cpu-persistent-dynamic-split-multithreaded-wbetl 0.107931 0.030736 0.107827 0.030714 0.113152 0.054786 288.241379 66.167319 514689609.448276 78414895.461033 41976741.517241 12802113.062128 11784013.241379 3427412.172518 30192728.275862 9456283.972559 1539895.172414 995674.966836 23.586207 5.629462 28.241379 5.840732 0 0 5.724138 2.211203 1459.319290 33.583321 20.803310 0.474218 
TinySTM-igpu-cpu-persistent-dynamic-split-multithreaded-wbetl-lsa 0.006548 0.008851 0.006414 0.008845 0.030368 0.120913 248.258065 44.140514 308158126.258065 29800860.832756 1324550.225806 1648080.337295 1183560.290323 1647584.176722 140989.935484 22467.011191 20610084.225806 7158294.604892 27.161290 4.266121 17.645161 4.762409 36.580645 4.695737 31.387097 4.742923 1411.185882 46.563373 21.300871 0.843752 
