TinySTM-igpu-cpu-persistent-dynamic-split-multithreaded-wbetl 0.017091 0.000624 0.016603 0.000625 0 0 40548.421053 757.020219 476358414.210526 19341643.897363 3883396.315789 136470.835687 3883396.315789 136470.835687 0 0 0 0 0 0 2197.684211 70.051900 0 0 19.421053 5.594318 1311.951297 5.565914 20.143579 0.005834 
TinySTM-igpu-cpu-persistent-dynamic-split-multithreaded-wbetl-lsa 0.019092 0.000533 0.018572 0.000528 0 0 40436.909091 897.265488 279407711.272727 6544259.008789 4225022.000000 85040.805395 4225022.000000 85040.805395 0 0 0 0 0 0 2367.000000 57.206166 884.909091 22.701440 28.272727 5.445447 1288.976701 4.210646 20.211909 0.008229 
TinySTM-igpu-cpu-persistent-dynamic-split-multithreaded-wbetl 0.017091 0.000624 0.016603 0.000625 0 0 40548.421053 757.020219 476358414.210526 19341643.897363 3883396.315789 136470.835687 3883396.315789 136470.835687 0 0 0 0 0 0 2197.684211 70.051900 0 0 19.421053 5.594318 1311.951297 5.565914 20.143579 0.005834 
TinySTM-igpu-cpu-persistent-dynamic-split-multithreaded-wbetl-lsa 0.019092 0.000533 0.018572 0.000528 0 0 40436.909091 897.265488 279407711.272727 6544259.008789 4225022.000000 85040.805395 4225022.000000 85040.805395 0 0 0 0 0 0 2367.000000 57.206166 884.909091 22.701440 28.272727 5.445447 1288.976701 4.210646 20.211909 0.008229 
TinySTM-igpu-cpu-persistent-dynamic-split-multithreaded-wbetl 0.017091 0.000624 0.016603 0.000625 0 0 40548.421053 757.020219 476358414.210526 19341643.897363 3883396.315789 136470.835687 3883396.315789 136470.835687 0 0 0 0 0 0 2197.684211 70.051900 0 0 19.421053 5.594318 1311.951297 5.565914 20.143579 0.005834 
TinySTM-igpu-cpu-persistent-dynamic-split-multithreaded-wbetl-lsa 0.019092 0.000533 0.018572 0.000528 0 0 40436.909091 897.265488 279407711.272727 6544259.008789 4225022.000000 85040.805395 4225022.000000 85040.805395 0 0 0 0 0 0 2367.000000 57.206166 884.909091 22.701440 28.272727 5.445447 1288.976701 4.210646 20.211909 0.008229 
TinySTM-igpu-cpu-persistent-dynamic-split-multithreaded-wbetl 0.017091 0.000624 0.016603 0.000625 0 0 40548.421053 757.020219 476358414.210526 19341643.897363 3883396.315789 136470.835687 3883396.315789 136470.835687 0 0 0 0 0 0 2197.684211 70.051900 0 0 19.421053 5.594318 1311.951297 5.565914 20.143579 0.005834 
TinySTM-igpu-cpu-persistent-dynamic-split-multithreaded-wbetl-lsa 0.019092 0.000533 0.018572 0.000528 0 0 40436.909091 897.265488 279407711.272727 6544259.008789 4225022.000000 85040.805395 4225022.000000 85040.805395 0 0 0 0 0 0 2367.000000 57.206166 884.909091 22.701440 28.272727 5.445447 1288.976701 4.210646 20.211909 0.008229 
TinySTM-igpu-cpu-persistent-dynamic-split-multithreaded-wbetl 0.017091 0.000624 0.016603 0.000625 0 0 40548.421053 757.020219 476358414.210526 19341643.897363 3883396.315789 136470.835687 3883396.315789 136470.835687 0 0 0 0 0 0 2197.684211 70.051900 0 0 19.421053 5.594318 1311.951297 5.565914 20.143579 0.005834 
TinySTM-igpu-cpu-persistent-dynamic-split-multithreaded-wbetl-lsa 0.019092 0.000533 0.018572 0.000528 0 0 40436.909091 897.265488 279407711.272727 6544259.008789 4225022.000000 85040.805395 4225022.000000 85040.805395 0 0 0 0 0 0 2367.000000 57.206166 884.909091 22.701440 28.272727 5.445447 1288.976701 4.210646 20.211909 0.008229 
TinySTM-igpu-cpu-persistent-dynamic-split-multithreaded-wbetl 0.017091 0.000624 0.016603 0.000625 0 0 40548.421053 757.020219 476358414.210526 19341643.897363 3883396.315789 136470.835687 3883396.315789 136470.835687 0 0 0 0 0 0 2197.684211 70.051900 0 0 19.421053 5.594318 1311.951297 5.565914 20.143579 0.005834 
TinySTM-igpu-cpu-persistent-dynamic-split-multithreaded-wbetl-lsa 0.019092 0.000533 0.018572 0.000528 0 0 40436.909091 897.265488 279407711.272727 6544259.008789 4225022.000000 85040.805395 4225022.000000 85040.805395 0 0 0 0 0 0 2367.000000 57.206166 884.909091 22.701440 28.272727 5.445447 1288.976701 4.210646 20.211909 0.008229 
TinySTM-igpu-cpu-persistent-dynamic-split-multithreaded-wbetl 0.017091 0.000624 0.016603 0.000625 0 0 40548.421053 757.020219 476358414.210526 19341643.897363 3883396.315789 136470.835687 3883396.315789 136470.835687 0 0 0 0 0 0 2197.684211 70.051900 0 0 19.421053 5.594318 1311.951297 5.565914 20.143579 0.005834 
TinySTM-igpu-cpu-persistent-dynamic-split-multithreaded-wbetl-lsa 0.019092 0.000533 0.018572 0.000528 0 0 40436.909091 897.265488 279407711.272727 6544259.008789 4225022.000000 85040.805395 4225022.000000 85040.805395 0 0 0 0 0 0 2367.000000 57.206166 884.909091 22.701440 28.272727 5.445447 1288.976701 4.210646 20.211909 0.008229 
TinySTM-igpu-cpu-persistent-dynamic-split-multithreaded-wbetl 0.017091 0.000624 0.016603 0.000625 0 0 40548.421053 757.020219 476358414.210526 19341643.897363 3883396.315789 136470.835687 3883396.315789 136470.835687 0 0 0 0 0 0 2197.684211 70.051900 0 0 19.421053 5.594318 1311.951297 5.565914 20.143579 0.005834 
TinySTM-igpu-cpu-persistent-dynamic-split-multithreaded-wbetl-lsa 0.019092 0.000533 0.018572 0.000528 0 0 40436.909091 897.265488 279407711.272727 6544259.008789 4225022.000000 85040.805395 4225022.000000 85040.805395 0 0 0 0 0 0 2367.000000 57.206166 884.909091 22.701440 28.272727 5.445447 1288.976701 4.210646 20.211909 0.008229 
TinySTM-igpu-cpu-persistent-dynamic-split-multithreaded-wbetl 0.017091 0.000624 0.016603 0.000625 0 0 40548.421053 757.020219 476358414.210526 19341643.897363 3883396.315789 136470.835687 3883396.315789 136470.835687 0 0 0 0 0 0 2197.684211 70.051900 0 0 19.421053 5.594318 1311.951297 5.565914 20.143579 0.005834 
TinySTM-igpu-cpu-persistent-dynamic-split-multithreaded-wbetl-lsa 0.019092 0.000533 0.018572 0.000528 0 0 40436.909091 897.265488 279407711.272727 6544259.008789 4225022.000000 85040.805395 4225022.000000 85040.805395 0 0 0 0 0 0 2367.000000 57.206166 884.909091 22.701440 28.272727 5.445447 1288.976701 4.210646 20.211909 0.008229 
