TinySTM-igpu-cpu-persistent-dynamic-split-multithreaded-wbetl 0.017161 0.000461 0.016667 0.000444 0 0 40470.400000 687.970377 479048567.700000 14827207.763461 3896312.350000 119284.350612 3896312.350000 119284.350612 0 0 0 0 0 0 2195.200000 63.810344 0 0 18.300000 5.950630 1314.948242 6.173989 20.146100 0.007293 
TinySTM-igpu-cpu-persistent-dynamic-split-multithreaded-wbetl-lsa 0.018988 0.000640 0.018464 0.000630 0 0 40255.454545 564.296725 284140862.181818 4793202.619863 4181867.090909 122743.911930 4181867.090909 122743.911930 0 0 0 0 0 0 2340.272727 56.092603 873.181818 20.652177 30.181818 4.386305 1291.506409 4.126060 20.205545 0.006344 
TinySTM-igpu-cpu-persistent-dynamic-split-multithreaded-wbetl 0.017161 0.000461 0.016667 0.000444 0 0 40470.400000 687.970377 479048567.700000 14827207.763461 3896312.350000 119284.350612 3896312.350000 119284.350612 0 0 0 0 0 0 2195.200000 63.810344 0 0 18.300000 5.950630 1314.948242 6.173989 20.146100 0.007293 
TinySTM-igpu-cpu-persistent-dynamic-split-multithreaded-wbetl-lsa 0.018988 0.000640 0.018464 0.000630 0 0 40255.454545 564.296725 284140862.181818 4793202.619863 4181867.090909 122743.911930 4181867.090909 122743.911930 0 0 0 0 0 0 2340.272727 56.092603 873.181818 20.652177 30.181818 4.386305 1291.506409 4.126060 20.205545 0.006344 
TinySTM-igpu-cpu-persistent-dynamic-split-multithreaded-wbetl 0.017161 0.000461 0.016667 0.000444 0 0 40470.400000 687.970377 479048567.700000 14827207.763461 3896312.350000 119284.350612 3896312.350000 119284.350612 0 0 0 0 0 0 2195.200000 63.810344 0 0 18.300000 5.950630 1314.948242 6.173989 20.146100 0.007293 
TinySTM-igpu-cpu-persistent-dynamic-split-multithreaded-wbetl-lsa 0.018988 0.000640 0.018464 0.000630 0 0 40255.454545 564.296725 284140862.181818 4793202.619863 4181867.090909 122743.911930 4181867.090909 122743.911930 0 0 0 0 0 0 2340.272727 56.092603 873.181818 20.652177 30.181818 4.386305 1291.506409 4.126060 20.205545 0.006344 
TinySTM-igpu-cpu-persistent-dynamic-split-multithreaded-wbetl 0.017161 0.000461 0.016667 0.000444 0 0 40470.400000 687.970377 479048567.700000 14827207.763461 3896312.350000 119284.350612 3896312.350000 119284.350612 0 0 0 0 0 0 2195.200000 63.810344 0 0 18.300000 5.950630 1314.948242 6.173989 20.146100 0.007293 
TinySTM-igpu-cpu-persistent-dynamic-split-multithreaded-wbetl-lsa 0.018988 0.000640 0.018464 0.000630 0 0 40255.454545 564.296725 284140862.181818 4793202.619863 4181867.090909 122743.911930 4181867.090909 122743.911930 0 0 0 0 0 0 2340.272727 56.092603 873.181818 20.652177 30.181818 4.386305 1291.506409 4.126060 20.205545 0.006344 
TinySTM-igpu-cpu-persistent-dynamic-split-multithreaded-wbetl 0.017161 0.000461 0.016667 0.000444 0 0 40470.400000 687.970377 479048567.700000 14827207.763461 3896312.350000 119284.350612 3896312.350000 119284.350612 0 0 0 0 0 0 2195.200000 63.810344 0 0 18.300000 5.950630 1314.948242 6.173989 20.146100 0.007293 
TinySTM-igpu-cpu-persistent-dynamic-split-multithreaded-wbetl-lsa 0.018988 0.000640 0.018464 0.000630 0 0 40255.454545 564.296725 284140862.181818 4793202.619863 4181867.090909 122743.911930 4181867.090909 122743.911930 0 0 0 0 0 0 2340.272727 56.092603 873.181818 20.652177 30.181818 4.386305 1291.506409 4.126060 20.205545 0.006344 
TinySTM-igpu-cpu-persistent-dynamic-split-multithreaded-wbetl 0.017161 0.000461 0.016667 0.000444 0 0 40470.400000 687.970377 479048567.700000 14827207.763461 3896312.350000 119284.350612 3896312.350000 119284.350612 0 0 0 0 0 0 2195.200000 63.810344 0 0 18.300000 5.950630 1314.948242 6.173989 20.146100 0.007293 
TinySTM-igpu-cpu-persistent-dynamic-split-multithreaded-wbetl-lsa 0.018988 0.000640 0.018464 0.000630 0 0 40255.454545 564.296725 284140862.181818 4793202.619863 4181867.090909 122743.911930 4181867.090909 122743.911930 0 0 0 0 0 0 2340.272727 56.092603 873.181818 20.652177 30.181818 4.386305 1291.506409 4.126060 20.205545 0.006344 
TinySTM-igpu-cpu-persistent-dynamic-split-multithreaded-wbetl 0.017161 0.000461 0.016667 0.000444 0 0 40470.400000 687.970377 479048567.700000 14827207.763461 3896312.350000 119284.350612 3896312.350000 119284.350612 0 0 0 0 0 0 2195.200000 63.810344 0 0 18.300000 5.950630 1314.948242 6.173989 20.146100 0.007293 
TinySTM-igpu-cpu-persistent-dynamic-split-multithreaded-wbetl-lsa 0.018988 0.000640 0.018464 0.000630 0 0 40255.454545 564.296725 284140862.181818 4793202.619863 4181867.090909 122743.911930 4181867.090909 122743.911930 0 0 0 0 0 0 2340.272727 56.092603 873.181818 20.652177 30.181818 4.386305 1291.506409 4.126060 20.205545 0.006344 
