TinySTM-igpu-cpu-persistent-dynamic-split-multithreaded-amd-wbetl 0.256049 0.231319 0.255907 0.231284 0.092777 0.039893 118.325000 33.011655 245965708.250000 53710667.686609 29325135.775000 13287226.921397 4716956.575000 2303725.335490 24608179.200000 11319274.357598 1091853.550000 1079472.028433 13.500000 5.687706 19.150000 6.926579 0 0 3.050000 2.355313 2909.287766 259.239636 25.636800 2.940707 
TinySTM-igpu-cpu-persistent-dynamic-split-multithreaded-wbetl 0.095616 0.028537 0.095525 0.028512 0.093489 0.028434 273.344828 82.199621 506806239.068965 54004102.965935 37586567.379310 11769068.057686 10715280.206897 3432919.825287 26871287.172414 8402446.032489 1181199.206897 640460.195063 20.758621 6.714139 27.344828 6.660620 0 0 4.965517 2.189044 1452.031385 28.648016 20.735552 0.468497 
TinySTM-igpu-cpu-persistent-dynamic-split-multithreaded-wbetl-lsa 0.005149 0.007981 0.005030 0.007974 0.012148 0.062902 234.161290 40.161044 325204227.612903 44376228.999518 1010650.419355 1211847.970730 883707.451613 1205290.153105 126942.967742 23360.816578 20198067.483871 7611399.680349 24.548387 4.514055 17.258065 5.423769 34.032258 7.651624 29.032258 5.397035 1405.552811 29.129328 21.155871 0.503526 
TinySTM-igpu-cpu-persistent-dynamic-split-multithreaded-amd-wbetl 0.256049 0.231319 0.255907 0.231284 0.092777 0.039893 118.325000 33.011655 245965708.250000 53710667.686609 29325135.775000 13287226.921397 4716956.575000 2303725.335490 24608179.200000 11319274.357598 1091853.550000 1079472.028433 13.500000 5.687706 19.150000 6.926579 0 0 3.050000 2.355313 2909.287766 259.239636 25.636800 2.940707 
TinySTM-igpu-cpu-persistent-dynamic-split-multithreaded-wbetl 0.095616 0.028537 0.095525 0.028512 0.093489 0.028434 273.344828 82.199621 506806239.068965 54004102.965935 37586567.379310 11769068.057686 10715280.206897 3432919.825287 26871287.172414 8402446.032489 1181199.206897 640460.195063 20.758621 6.714139 27.344828 6.660620 0 0 4.965517 2.189044 1452.031385 28.648016 20.735552 0.468497 
TinySTM-igpu-cpu-persistent-dynamic-split-multithreaded-wbetl-lsa 0.005149 0.007981 0.005030 0.007974 0.012148 0.062902 234.161290 40.161044 325204227.612903 44376228.999518 1010650.419355 1211847.970730 883707.451613 1205290.153105 126942.967742 23360.816578 20198067.483871 7611399.680349 24.548387 4.514055 17.258065 5.423769 34.032258 7.651624 29.032258 5.397035 1405.552811 29.129328 21.155871 0.503526 
TinySTM-igpu-cpu-persistent-dynamic-split-multithreaded-amd-wbetl 0.256049 0.231319 0.255907 0.231284 0.092777 0.039893 118.325000 33.011655 245965708.250000 53710667.686609 29325135.775000 13287226.921397 4716956.575000 2303725.335490 24608179.200000 11319274.357598 1091853.550000 1079472.028433 13.500000 5.687706 19.150000 6.926579 0 0 3.050000 2.355313 2909.287766 259.239636 25.636800 2.940707 
TinySTM-igpu-cpu-persistent-dynamic-split-multithreaded-wbetl 0.095616 0.028537 0.095525 0.028512 0.093489 0.028434 273.344828 82.199621 506806239.068965 54004102.965935 37586567.379310 11769068.057686 10715280.206897 3432919.825287 26871287.172414 8402446.032489 1181199.206897 640460.195063 20.758621 6.714139 27.344828 6.660620 0 0 4.965517 2.189044 1452.031385 28.648016 20.735552 0.468497 
TinySTM-igpu-cpu-persistent-dynamic-split-multithreaded-wbetl-lsa 0.005149 0.007981 0.005030 0.007974 0.012148 0.062902 234.161290 40.161044 325204227.612903 44376228.999518 1010650.419355 1211847.970730 883707.451613 1205290.153105 126942.967742 23360.816578 20198067.483871 7611399.680349 24.548387 4.514055 17.258065 5.423769 34.032258 7.651624 29.032258 5.397035 1405.552811 29.129328 21.155871 0.503526 
TinySTM-igpu-cpu-persistent-dynamic-split-multithreaded-amd-wbetl 0.256049 0.231319 0.255907 0.231284 0.092777 0.039893 118.325000 33.011655 245965708.250000 53710667.686609 29325135.775000 13287226.921397 4716956.575000 2303725.335490 24608179.200000 11319274.357598 1091853.550000 1079472.028433 13.500000 5.687706 19.150000 6.926579 0 0 3.050000 2.355313 2909.287766 259.239636 25.636800 2.940707 
TinySTM-igpu-cpu-persistent-dynamic-split-multithreaded-wbetl 0.095616 0.028537 0.095525 0.028512 0.093489 0.028434 273.344828 82.199621 506806239.068965 54004102.965935 37586567.379310 11769068.057686 10715280.206897 3432919.825287 26871287.172414 8402446.032489 1181199.206897 640460.195063 20.758621 6.714139 27.344828 6.660620 0 0 4.965517 2.189044 1452.031385 28.648016 20.735552 0.468497 
TinySTM-igpu-cpu-persistent-dynamic-split-multithreaded-wbetl-lsa 0.005149 0.007981 0.005030 0.007974 0.012148 0.062902 234.161290 40.161044 325204227.612903 44376228.999518 1010650.419355 1211847.970730 883707.451613 1205290.153105 126942.967742 23360.816578 20198067.483871 7611399.680349 24.548387 4.514055 17.258065 5.423769 34.032258 7.651624 29.032258 5.397035 1405.552811 29.129328 21.155871 0.503526 
TinySTM-igpu-cpu-persistent-dynamic-split-multithreaded-amd-wbetl 0.256049 0.231319 0.255907 0.231284 0.092777 0.039893 118.325000 33.011655 245965708.250000 53710667.686609 29325135.775000 13287226.921397 4716956.575000 2303725.335490 24608179.200000 11319274.357598 1091853.550000 1079472.028433 13.500000 5.687706 19.150000 6.926579 0 0 3.050000 2.355313 2909.287766 259.239636 25.636800 2.940707 
TinySTM-igpu-cpu-persistent-dynamic-split-multithreaded-wbetl 0.095616 0.028537 0.095525 0.028512 0.093489 0.028434 273.344828 82.199621 506806239.068965 54004102.965935 37586567.379310 11769068.057686 10715280.206897 3432919.825287 26871287.172414 8402446.032489 1181199.206897 640460.195063 20.758621 6.714139 27.344828 6.660620 0 0 4.965517 2.189044 1452.031385 28.648016 20.735552 0.468497 
TinySTM-igpu-cpu-persistent-dynamic-split-multithreaded-wbetl-lsa 0.005149 0.007981 0.005030 0.007974 0.012148 0.062902 234.161290 40.161044 325204227.612903 44376228.999518 1010650.419355 1211847.970730 883707.451613 1205290.153105 126942.967742 23360.816578 20198067.483871 7611399.680349 24.548387 4.514055 17.258065 5.423769 34.032258 7.651624 29.032258 5.397035 1405.552811 29.129328 21.155871 0.503526 
TinySTM-igpu-cpu-persistent-dynamic-split-multithreaded-amd-wbetl 0.256049 0.231319 0.255907 0.231284 0.092777 0.039893 118.325000 33.011655 245965708.250000 53710667.686609 29325135.775000 13287226.921397 4716956.575000 2303725.335490 24608179.200000 11319274.357598 1091853.550000 1079472.028433 13.500000 5.687706 19.150000 6.926579 0 0 3.050000 2.355313 2909.287766 259.239636 25.636800 2.940707 
TinySTM-igpu-cpu-persistent-dynamic-split-multithreaded-wbetl 0.095616 0.028537 0.095525 0.028512 0.093489 0.028434 273.344828 82.199621 506806239.068965 54004102.965935 37586567.379310 11769068.057686 10715280.206897 3432919.825287 26871287.172414 8402446.032489 1181199.206897 640460.195063 20.758621 6.714139 27.344828 6.660620 0 0 4.965517 2.189044 1452.031385 28.648016 20.735552 0.468497 
TinySTM-igpu-cpu-persistent-dynamic-split-multithreaded-wbetl-lsa 0.005149 0.007981 0.005030 0.007974 0.012148 0.062902 234.161290 40.161044 325204227.612903 44376228.999518 1010650.419355 1211847.970730 883707.451613 1205290.153105 126942.967742 23360.816578 20198067.483871 7611399.680349 24.548387 4.514055 17.258065 5.423769 34.032258 7.651624 29.032258 5.397035 1405.552811 29.129328 21.155871 0.503526 
TinySTM-igpu-cpu-persistent-dynamic-split-multithreaded-amd-wbetl 0.256049 0.231319 0.255907 0.231284 0.092777 0.039893 118.325000 33.011655 245965708.250000 53710667.686609 29325135.775000 13287226.921397 4716956.575000 2303725.335490 24608179.200000 11319274.357598 1091853.550000 1079472.028433 13.500000 5.687706 19.150000 6.926579 0 0 3.050000 2.355313 2909.287766 259.239636 25.636800 2.940707 
TinySTM-igpu-cpu-persistent-dynamic-split-multithreaded-wbetl 0.095616 0.028537 0.095525 0.028512 0.093489 0.028434 273.344828 82.199621 506806239.068965 54004102.965935 37586567.379310 11769068.057686 10715280.206897 3432919.825287 26871287.172414 8402446.032489 1181199.206897 640460.195063 20.758621 6.714139 27.344828 6.660620 0 0 4.965517 2.189044 1452.031385 28.648016 20.735552 0.468497 
TinySTM-igpu-cpu-persistent-dynamic-split-multithreaded-wbetl-lsa 0.005149 0.007981 0.005030 0.007974 0.012148 0.062902 234.161290 40.161044 325204227.612903 44376228.999518 1010650.419355 1211847.970730 883707.451613 1205290.153105 126942.967742 23360.816578 20198067.483871 7611399.680349 24.548387 4.514055 17.258065 5.423769 34.032258 7.651624 29.032258 5.397035 1405.552811 29.129328 21.155871 0.503526 
