TinySTM-igpu-cpu-persistent-dynamic-split-multithreaded-amd-wbetl 0.514266 0.441145 0.441247 0.439323 0.163983 0.050546 138.700000 33.062214 924099516.600000 214265375.375029 48685048.375000 14405953.188621 5737669.175000 2921565.578464 42947379.200000 12786404.951934 2098990.700000 2206337.050073 23.300000 6.337192 36.825000 8.728939 0 0 5.550000 2.578275 -28747.483932 204567.774274 31.080600 6.537339 
TinySTM-igpu-cpu-persistent-dynamic-split-multithreaded-wbetl 0.226420 0.041890 0.086712 0.031397 0.232582 0.094096 274.451613 53.727412 838596319.258065 97200499.956984 69998275.225806 12788626.342226 8168552.387097 3247733.287843 61829722.838710 10783500.997293 2970153.258065 1311262.594888 42.516129 7.290608 54.451613 10.606872 0 0 11.258065 3.416919 1643.701562 53.777594 21.784613 0.825811 
TinySTM-igpu-cpu-persistent-dynamic-split-multithreaded-wbetl-lsa 0.031590 0.024583 0.027048 0.021550 0.000600 0.000114 212.935484 38.294222 569491311.903226 87438932.762920 3983544.645161 3044645.462698 3861630.838710 3044926.202793 121913.806452 22203.096113 21523687.451613 5592144.793518 23.903226 3.937863 31.290323 6.191532 55.677419 9.569397 37.193548 8.314074 1731.935021 288.706991 23.731323 3.917734 
TinySTM-igpu-cpu-persistent-dynamic-split-multithreaded-amd-wbetl 0.514266 0.441145 0.441247 0.439323 0.163983 0.050546 138.700000 33.062214 924099516.600000 214265375.375029 48685048.375000 14405953.188621 5737669.175000 2921565.578464 42947379.200000 12786404.951934 2098990.700000 2206337.050073 23.300000 6.337192 36.825000 8.728939 0 0 5.550000 2.578275 -28747.483932 204567.774274 31.080600 6.537339 
TinySTM-igpu-cpu-persistent-dynamic-split-multithreaded-wbetl 0.226420 0.041890 0.086712 0.031397 0.232582 0.094096 274.451613 53.727412 838596319.258065 97200499.956984 69998275.225806 12788626.342226 8168552.387097 3247733.287843 61829722.838710 10783500.997293 2970153.258065 1311262.594888 42.516129 7.290608 54.451613 10.606872 0 0 11.258065 3.416919 1643.701562 53.777594 21.784613 0.825811 
TinySTM-igpu-cpu-persistent-dynamic-split-multithreaded-wbetl-lsa 0.031590 0.024583 0.027048 0.021550 0.000600 0.000114 212.935484 38.294222 569491311.903226 87438932.762920 3983544.645161 3044645.462698 3861630.838710 3044926.202793 121913.806452 22203.096113 21523687.451613 5592144.793518 23.903226 3.937863 31.290323 6.191532 55.677419 9.569397 37.193548 8.314074 1731.935021 288.706991 23.731323 3.917734 
TinySTM-igpu-cpu-persistent-dynamic-split-multithreaded-amd-wbetl 0.514266 0.441145 0.441247 0.439323 0.163983 0.050546 138.700000 33.062214 924099516.600000 214265375.375029 48685048.375000 14405953.188621 5737669.175000 2921565.578464 42947379.200000 12786404.951934 2098990.700000 2206337.050073 23.300000 6.337192 36.825000 8.728939 0 0 5.550000 2.578275 -28747.483932 204567.774274 31.080600 6.537339 
TinySTM-igpu-cpu-persistent-dynamic-split-multithreaded-wbetl 0.226420 0.041890 0.086712 0.031397 0.232582 0.094096 274.451613 53.727412 838596319.258065 97200499.956984 69998275.225806 12788626.342226 8168552.387097 3247733.287843 61829722.838710 10783500.997293 2970153.258065 1311262.594888 42.516129 7.290608 54.451613 10.606872 0 0 11.258065 3.416919 1643.701562 53.777594 21.784613 0.825811 
TinySTM-igpu-cpu-persistent-dynamic-split-multithreaded-wbetl-lsa 0.031590 0.024583 0.027048 0.021550 0.000600 0.000114 212.935484 38.294222 569491311.903226 87438932.762920 3983544.645161 3044645.462698 3861630.838710 3044926.202793 121913.806452 22203.096113 21523687.451613 5592144.793518 23.903226 3.937863 31.290323 6.191532 55.677419 9.569397 37.193548 8.314074 1731.935021 288.706991 23.731323 3.917734 
TinySTM-igpu-cpu-persistent-dynamic-split-multithreaded-amd-wbetl 0.514266 0.441145 0.441247 0.439323 0.163983 0.050546 138.700000 33.062214 924099516.600000 214265375.375029 48685048.375000 14405953.188621 5737669.175000 2921565.578464 42947379.200000 12786404.951934 2098990.700000 2206337.050073 23.300000 6.337192 36.825000 8.728939 0 0 5.550000 2.578275 -28747.483932 204567.774274 31.080600 6.537339 
TinySTM-igpu-cpu-persistent-dynamic-split-multithreaded-wbetl 0.226420 0.041890 0.086712 0.031397 0.232582 0.094096 274.451613 53.727412 838596319.258065 97200499.956984 69998275.225806 12788626.342226 8168552.387097 3247733.287843 61829722.838710 10783500.997293 2970153.258065 1311262.594888 42.516129 7.290608 54.451613 10.606872 0 0 11.258065 3.416919 1643.701562 53.777594 21.784613 0.825811 
TinySTM-igpu-cpu-persistent-dynamic-split-multithreaded-wbetl-lsa 0.031590 0.024583 0.027048 0.021550 0.000600 0.000114 212.935484 38.294222 569491311.903226 87438932.762920 3983544.645161 3044645.462698 3861630.838710 3044926.202793 121913.806452 22203.096113 21523687.451613 5592144.793518 23.903226 3.937863 31.290323 6.191532 55.677419 9.569397 37.193548 8.314074 1731.935021 288.706991 23.731323 3.917734 
TinySTM-igpu-cpu-persistent-dynamic-split-multithreaded-amd-wbetl 0.514266 0.441145 0.441247 0.439323 0.163983 0.050546 138.700000 33.062214 924099516.600000 214265375.375029 48685048.375000 14405953.188621 5737669.175000 2921565.578464 42947379.200000 12786404.951934 2098990.700000 2206337.050073 23.300000 6.337192 36.825000 8.728939 0 0 5.550000 2.578275 -28747.483932 204567.774274 31.080600 6.537339 
TinySTM-igpu-cpu-persistent-dynamic-split-multithreaded-wbetl 0.226420 0.041890 0.086712 0.031397 0.232582 0.094096 274.451613 53.727412 838596319.258065 97200499.956984 69998275.225806 12788626.342226 8168552.387097 3247733.287843 61829722.838710 10783500.997293 2970153.258065 1311262.594888 42.516129 7.290608 54.451613 10.606872 0 0 11.258065 3.416919 1643.701562 53.777594 21.784613 0.825811 
TinySTM-igpu-cpu-persistent-dynamic-split-multithreaded-wbetl-lsa 0.031590 0.024583 0.027048 0.021550 0.000600 0.000114 212.935484 38.294222 569491311.903226 87438932.762920 3983544.645161 3044645.462698 3861630.838710 3044926.202793 121913.806452 22203.096113 21523687.451613 5592144.793518 23.903226 3.937863 31.290323 6.191532 55.677419 9.569397 37.193548 8.314074 1731.935021 288.706991 23.731323 3.917734 
TinySTM-igpu-cpu-persistent-dynamic-split-multithreaded-amd-wbetl 0.514266 0.441145 0.441247 0.439323 0.163983 0.050546 138.700000 33.062214 924099516.600000 214265375.375029 48685048.375000 14405953.188621 5737669.175000 2921565.578464 42947379.200000 12786404.951934 2098990.700000 2206337.050073 23.300000 6.337192 36.825000 8.728939 0 0 5.550000 2.578275 -28747.483932 204567.774274 31.080600 6.537339 
TinySTM-igpu-cpu-persistent-dynamic-split-multithreaded-wbetl 0.226420 0.041890 0.086712 0.031397 0.232582 0.094096 274.451613 53.727412 838596319.258065 97200499.956984 69998275.225806 12788626.342226 8168552.387097 3247733.287843 61829722.838710 10783500.997293 2970153.258065 1311262.594888 42.516129 7.290608 54.451613 10.606872 0 0 11.258065 3.416919 1643.701562 53.777594 21.784613 0.825811 
TinySTM-igpu-cpu-persistent-dynamic-split-multithreaded-wbetl-lsa 0.031590 0.024583 0.027048 0.021550 0.000600 0.000114 212.935484 38.294222 569491311.903226 87438932.762920 3983544.645161 3044645.462698 3861630.838710 3044926.202793 121913.806452 22203.096113 21523687.451613 5592144.793518 23.903226 3.937863 31.290323 6.191532 55.677419 9.569397 37.193548 8.314074 1731.935021 288.706991 23.731323 3.917734 
TinySTM-igpu-cpu-persistent-dynamic-split-multithreaded-amd-wbetl 0.514266 0.441145 0.441247 0.439323 0.163983 0.050546 138.700000 33.062214 924099516.600000 214265375.375029 48685048.375000 14405953.188621 5737669.175000 2921565.578464 42947379.200000 12786404.951934 2098990.700000 2206337.050073 23.300000 6.337192 36.825000 8.728939 0 0 5.550000 2.578275 -28747.483932 204567.774274 31.080600 6.537339 
TinySTM-igpu-cpu-persistent-dynamic-split-multithreaded-wbetl 0.226420 0.041890 0.086712 0.031397 0.232582 0.094096 274.451613 53.727412 838596319.258065 97200499.956984 69998275.225806 12788626.342226 8168552.387097 3247733.287843 61829722.838710 10783500.997293 2970153.258065 1311262.594888 42.516129 7.290608 54.451613 10.606872 0 0 11.258065 3.416919 1643.701562 53.777594 21.784613 0.825811 
TinySTM-igpu-cpu-persistent-dynamic-split-multithreaded-wbetl-lsa 0.031590 0.024583 0.027048 0.021550 0.000600 0.000114 212.935484 38.294222 569491311.903226 87438932.762920 3983544.645161 3044645.462698 3861630.838710 3044926.202793 121913.806452 22203.096113 21523687.451613 5592144.793518 23.903226 3.937863 31.290323 6.191532 55.677419 9.569397 37.193548 8.314074 1731.935021 288.706991 23.731323 3.917734 
TinySTM-igpu-cpu-persistent-dynamic-split-multithreaded-amd-wbetl 0.514266 0.441145 0.441247 0.439323 0.163983 0.050546 138.700000 33.062214 924099516.600000 214265375.375029 48685048.375000 14405953.188621 5737669.175000 2921565.578464 42947379.200000 12786404.951934 2098990.700000 2206337.050073 23.300000 6.337192 36.825000 8.728939 0 0 5.550000 2.578275 -28747.483932 204567.774274 31.080600 6.537339 
TinySTM-igpu-cpu-persistent-dynamic-split-multithreaded-wbetl 0.226420 0.041890 0.086712 0.031397 0.232582 0.094096 274.451613 53.727412 838596319.258065 97200499.956984 69998275.225806 12788626.342226 8168552.387097 3247733.287843 61829722.838710 10783500.997293 2970153.258065 1311262.594888 42.516129 7.290608 54.451613 10.606872 0 0 11.258065 3.416919 1643.701562 53.777594 21.784613 0.825811 
TinySTM-igpu-cpu-persistent-dynamic-split-multithreaded-wbetl-lsa 0.031590 0.024583 0.027048 0.021550 0.000600 0.000114 212.935484 38.294222 569491311.903226 87438932.762920 3983544.645161 3044645.462698 3861630.838710 3044926.202793 121913.806452 22203.096113 21523687.451613 5592144.793518 23.903226 3.937863 31.290323 6.191532 55.677419 9.569397 37.193548 8.314074 1731.935021 288.706991 23.731323 3.917734 
TinySTM-igpu-cpu-persistent-dynamic-split-multithreaded-amd-wbetl 0.514266 0.441145 0.441247 0.439323 0.163983 0.050546 138.700000 33.062214 924099516.600000 214265375.375029 48685048.375000 14405953.188621 5737669.175000 2921565.578464 42947379.200000 12786404.951934 2098990.700000 2206337.050073 23.300000 6.337192 36.825000 8.728939 0 0 5.550000 2.578275 -28747.483932 204567.774274 31.080600 6.537339 
TinySTM-igpu-cpu-persistent-dynamic-split-multithreaded-wbetl 0.226420 0.041890 0.086712 0.031397 0.232582 0.094096 274.451613 53.727412 838596319.258065 97200499.956984 69998275.225806 12788626.342226 8168552.387097 3247733.287843 61829722.838710 10783500.997293 2970153.258065 1311262.594888 42.516129 7.290608 54.451613 10.606872 0 0 11.258065 3.416919 1643.701562 53.777594 21.784613 0.825811 
TinySTM-igpu-cpu-persistent-dynamic-split-multithreaded-wbetl-lsa 0.031590 0.024583 0.027048 0.021550 0.000600 0.000114 212.935484 38.294222 569491311.903226 87438932.762920 3983544.645161 3044645.462698 3861630.838710 3044926.202793 121913.806452 22203.096113 21523687.451613 5592144.793518 23.903226 3.937863 31.290323 6.191532 55.677419 9.569397 37.193548 8.314074 1731.935021 288.706991 23.731323 3.917734 
