TinySTM-igpu-cpu-persistent-dynamic-split-multithreaded-amd-wbetl 0.719685 0.595825 0.643608 0.597619 0.173484 0.041540 137.075000 30.464231 1011330335.025000 333490178.924918 52562321.775000 12050426.882702 6979729.775000 3334624.123068 45582592.000000 10717897.764575 2579492.525000 1721383.225874 24.700000 5.741080 38.000000 6.895651 0 0 5.925000 2.443230 4137.024731 977.228018 31.447550 6.254988 
TinySTM-igpu-cpu-persistent-dynamic-split-multithreaded-wbetl 0.212150 0.047377 0.080189 0.026324 0.203187 0.043298 265.580645 38.240980 860980613.451613 76277359.750747 65856256.935484 14124721.051481 7444282.741935 2535900.880982 58411974.193548 12531140.321248 2722152.903226 1214997.527187 40.677419 5.920915 52.064516 10.797059 0 0 10.709677 2.143159 1632.024928 57.449126 21.541774 0.872564 
TinySTM-igpu-cpu-persistent-dynamic-split-multithreaded-wbetl-lsa 0.023474 0.022223 0.020585 0.020753 0.000619 0.000112 229.709677 41.614354 544040506.870968 60156356.436242 3045914.387097 2797614.254200 2921919.548387 2802390.541203 123994.838710 22142.059354 22290153.612903 7921555.211180 23.903226 4.026964 35.322581 8.321705 60.032258 13.162713 39.064516 8.802256 1680.706431 49.125530 23.111613 0.769203 
TinySTM-igpu-cpu-persistent-dynamic-split-multithreaded-amd-wbetl 0.719685 0.595825 0.643608 0.597619 0.173484 0.041540 137.075000 30.464231 1011330335.025000 333490178.924918 52562321.775000 12050426.882702 6979729.775000 3334624.123068 45582592.000000 10717897.764575 2579492.525000 1721383.225874 24.700000 5.741080 38.000000 6.895651 0 0 5.925000 2.443230 4137.024731 977.228018 31.447550 6.254988 
TinySTM-igpu-cpu-persistent-dynamic-split-multithreaded-wbetl 0.212150 0.047377 0.080189 0.026324 0.203187 0.043298 265.580645 38.240980 860980613.451613 76277359.750747 65856256.935484 14124721.051481 7444282.741935 2535900.880982 58411974.193548 12531140.321248 2722152.903226 1214997.527187 40.677419 5.920915 52.064516 10.797059 0 0 10.709677 2.143159 1632.024928 57.449126 21.541774 0.872564 
TinySTM-igpu-cpu-persistent-dynamic-split-multithreaded-wbetl-lsa 0.023474 0.022223 0.020585 0.020753 0.000619 0.000112 229.709677 41.614354 544040506.870968 60156356.436242 3045914.387097 2797614.254200 2921919.548387 2802390.541203 123994.838710 22142.059354 22290153.612903 7921555.211180 23.903226 4.026964 35.322581 8.321705 60.032258 13.162713 39.064516 8.802256 1680.706431 49.125530 23.111613 0.769203 
TinySTM-igpu-cpu-persistent-dynamic-split-multithreaded-amd-wbetl 0.719685 0.595825 0.643608 0.597619 0.173484 0.041540 137.075000 30.464231 1011330335.025000 333490178.924918 52562321.775000 12050426.882702 6979729.775000 3334624.123068 45582592.000000 10717897.764575 2579492.525000 1721383.225874 24.700000 5.741080 38.000000 6.895651 0 0 5.925000 2.443230 4137.024731 977.228018 31.447550 6.254988 
TinySTM-igpu-cpu-persistent-dynamic-split-multithreaded-wbetl 0.212150 0.047377 0.080189 0.026324 0.203187 0.043298 265.580645 38.240980 860980613.451613 76277359.750747 65856256.935484 14124721.051481 7444282.741935 2535900.880982 58411974.193548 12531140.321248 2722152.903226 1214997.527187 40.677419 5.920915 52.064516 10.797059 0 0 10.709677 2.143159 1632.024928 57.449126 21.541774 0.872564 
TinySTM-igpu-cpu-persistent-dynamic-split-multithreaded-wbetl-lsa 0.023474 0.022223 0.020585 0.020753 0.000619 0.000112 229.709677 41.614354 544040506.870968 60156356.436242 3045914.387097 2797614.254200 2921919.548387 2802390.541203 123994.838710 22142.059354 22290153.612903 7921555.211180 23.903226 4.026964 35.322581 8.321705 60.032258 13.162713 39.064516 8.802256 1680.706431 49.125530 23.111613 0.769203 
TinySTM-igpu-cpu-persistent-dynamic-split-multithreaded-amd-wbetl 0.719685 0.595825 0.643608 0.597619 0.173484 0.041540 137.075000 30.464231 1011330335.025000 333490178.924918 52562321.775000 12050426.882702 6979729.775000 3334624.123068 45582592.000000 10717897.764575 2579492.525000 1721383.225874 24.700000 5.741080 38.000000 6.895651 0 0 5.925000 2.443230 4137.024731 977.228018 31.447550 6.254988 
TinySTM-igpu-cpu-persistent-dynamic-split-multithreaded-wbetl 0.212150 0.047377 0.080189 0.026324 0.203187 0.043298 265.580645 38.240980 860980613.451613 76277359.750747 65856256.935484 14124721.051481 7444282.741935 2535900.880982 58411974.193548 12531140.321248 2722152.903226 1214997.527187 40.677419 5.920915 52.064516 10.797059 0 0 10.709677 2.143159 1632.024928 57.449126 21.541774 0.872564 
TinySTM-igpu-cpu-persistent-dynamic-split-multithreaded-wbetl-lsa 0.023474 0.022223 0.020585 0.020753 0.000619 0.000112 229.709677 41.614354 544040506.870968 60156356.436242 3045914.387097 2797614.254200 2921919.548387 2802390.541203 123994.838710 22142.059354 22290153.612903 7921555.211180 23.903226 4.026964 35.322581 8.321705 60.032258 13.162713 39.064516 8.802256 1680.706431 49.125530 23.111613 0.769203 
TinySTM-igpu-cpu-persistent-dynamic-split-multithreaded-amd-wbetl 0.719685 0.595825 0.643608 0.597619 0.173484 0.041540 137.075000 30.464231 1011330335.025000 333490178.924918 52562321.775000 12050426.882702 6979729.775000 3334624.123068 45582592.000000 10717897.764575 2579492.525000 1721383.225874 24.700000 5.741080 38.000000 6.895651 0 0 5.925000 2.443230 4137.024731 977.228018 31.447550 6.254988 
TinySTM-igpu-cpu-persistent-dynamic-split-multithreaded-wbetl 0.212150 0.047377 0.080189 0.026324 0.203187 0.043298 265.580645 38.240980 860980613.451613 76277359.750747 65856256.935484 14124721.051481 7444282.741935 2535900.880982 58411974.193548 12531140.321248 2722152.903226 1214997.527187 40.677419 5.920915 52.064516 10.797059 0 0 10.709677 2.143159 1632.024928 57.449126 21.541774 0.872564 
TinySTM-igpu-cpu-persistent-dynamic-split-multithreaded-wbetl-lsa 0.023474 0.022223 0.020585 0.020753 0.000619 0.000112 229.709677 41.614354 544040506.870968 60156356.436242 3045914.387097 2797614.254200 2921919.548387 2802390.541203 123994.838710 22142.059354 22290153.612903 7921555.211180 23.903226 4.026964 35.322581 8.321705 60.032258 13.162713 39.064516 8.802256 1680.706431 49.125530 23.111613 0.769203 
TinySTM-igpu-cpu-persistent-dynamic-split-multithreaded-amd-wbetl 0.719685 0.595825 0.643608 0.597619 0.173484 0.041540 137.075000 30.464231 1011330335.025000 333490178.924918 52562321.775000 12050426.882702 6979729.775000 3334624.123068 45582592.000000 10717897.764575 2579492.525000 1721383.225874 24.700000 5.741080 38.000000 6.895651 0 0 5.925000 2.443230 4137.024731 977.228018 31.447550 6.254988 
TinySTM-igpu-cpu-persistent-dynamic-split-multithreaded-wbetl 0.212150 0.047377 0.080189 0.026324 0.203187 0.043298 265.580645 38.240980 860980613.451613 76277359.750747 65856256.935484 14124721.051481 7444282.741935 2535900.880982 58411974.193548 12531140.321248 2722152.903226 1214997.527187 40.677419 5.920915 52.064516 10.797059 0 0 10.709677 2.143159 1632.024928 57.449126 21.541774 0.872564 
TinySTM-igpu-cpu-persistent-dynamic-split-multithreaded-wbetl-lsa 0.023474 0.022223 0.020585 0.020753 0.000619 0.000112 229.709677 41.614354 544040506.870968 60156356.436242 3045914.387097 2797614.254200 2921919.548387 2802390.541203 123994.838710 22142.059354 22290153.612903 7921555.211180 23.903226 4.026964 35.322581 8.321705 60.032258 13.162713 39.064516 8.802256 1680.706431 49.125530 23.111613 0.769203 
TinySTM-igpu-cpu-persistent-dynamic-split-multithreaded-amd-wbetl 0.719685 0.595825 0.643608 0.597619 0.173484 0.041540 137.075000 30.464231 1011330335.025000 333490178.924918 52562321.775000 12050426.882702 6979729.775000 3334624.123068 45582592.000000 10717897.764575 2579492.525000 1721383.225874 24.700000 5.741080 38.000000 6.895651 0 0 5.925000 2.443230 4137.024731 977.228018 31.447550 6.254988 
TinySTM-igpu-cpu-persistent-dynamic-split-multithreaded-wbetl 0.212150 0.047377 0.080189 0.026324 0.203187 0.043298 265.580645 38.240980 860980613.451613 76277359.750747 65856256.935484 14124721.051481 7444282.741935 2535900.880982 58411974.193548 12531140.321248 2722152.903226 1214997.527187 40.677419 5.920915 52.064516 10.797059 0 0 10.709677 2.143159 1632.024928 57.449126 21.541774 0.872564 
TinySTM-igpu-cpu-persistent-dynamic-split-multithreaded-wbetl-lsa 0.023474 0.022223 0.020585 0.020753 0.000619 0.000112 229.709677 41.614354 544040506.870968 60156356.436242 3045914.387097 2797614.254200 2921919.548387 2802390.541203 123994.838710 22142.059354 22290153.612903 7921555.211180 23.903226 4.026964 35.322581 8.321705 60.032258 13.162713 39.064516 8.802256 1680.706431 49.125530 23.111613 0.769203 
