TinySTM-igpu-cpu-persistent-dynamic-split-multithreaded-wbetl 0.017764 0.000556 0.017175 0.000539 0 0 81576.636364 1330.260280 940385274.727273 10871962.366567 3085995.181818 82163.311447 3085995.181818 82163.311447 0 0 0 0 0 0 2414.000000 79.554441 0 0 22.000000 4.472136 1527.948969 8.607480 20.119364 0.006719 
TinySTM-igpu-cpu-persistent-dynamic-split-multithreaded-wbetl-lsa 0.020137 0.000789 0.019526 0.000775 0 0 82416.363636 1523.327057 682416499.818182 9055054.154695 3257188.545455 117617.882713 3257188.545455 117617.882713 0 0 0 0 0 0 2517.727273 99.847239 858.363636 30.236260 39.090909 5.791130 1521.271978 5.448213 20.177091 0.007391 
TinySTM-igpu-cpu-persistent-dynamic-split-multithreaded-wbetl 0.017764 0.000556 0.017175 0.000539 0 0 81576.636364 1330.260280 940385274.727273 10871962.366567 3085995.181818 82163.311447 3085995.181818 82163.311447 0 0 0 0 0 0 2414.000000 79.554441 0 0 22.000000 4.472136 1527.948969 8.607480 20.119364 0.006719 
TinySTM-igpu-cpu-persistent-dynamic-split-multithreaded-wbetl-lsa 0.020137 0.000789 0.019526 0.000775 0 0 82416.363636 1523.327057 682416499.818182 9055054.154695 3257188.545455 117617.882713 3257188.545455 117617.882713 0 0 0 0 0 0 2517.727273 99.847239 858.363636 30.236260 39.090909 5.791130 1521.271978 5.448213 20.177091 0.007391 
TinySTM-igpu-cpu-persistent-dynamic-split-multithreaded-wbetl 0.017764 0.000556 0.017175 0.000539 0 0 81576.636364 1330.260280 940385274.727273 10871962.366567 3085995.181818 82163.311447 3085995.181818 82163.311447 0 0 0 0 0 0 2414.000000 79.554441 0 0 22.000000 4.472136 1527.948969 8.607480 20.119364 0.006719 
TinySTM-igpu-cpu-persistent-dynamic-split-multithreaded-wbetl-lsa 0.020137 0.000789 0.019526 0.000775 0 0 82416.363636 1523.327057 682416499.818182 9055054.154695 3257188.545455 117617.882713 3257188.545455 117617.882713 0 0 0 0 0 0 2517.727273 99.847239 858.363636 30.236260 39.090909 5.791130 1521.271978 5.448213 20.177091 0.007391 
TinySTM-igpu-cpu-persistent-dynamic-split-multithreaded-wbetl 0.017764 0.000556 0.017175 0.000539 0 0 81576.636364 1330.260280 940385274.727273 10871962.366567 3085995.181818 82163.311447 3085995.181818 82163.311447 0 0 0 0 0 0 2414.000000 79.554441 0 0 22.000000 4.472136 1527.948969 8.607480 20.119364 0.006719 
TinySTM-igpu-cpu-persistent-dynamic-split-multithreaded-wbetl-lsa 0.020137 0.000789 0.019526 0.000775 0 0 82416.363636 1523.327057 682416499.818182 9055054.154695 3257188.545455 117617.882713 3257188.545455 117617.882713 0 0 0 0 0 0 2517.727273 99.847239 858.363636 30.236260 39.090909 5.791130 1521.271978 5.448213 20.177091 0.007391 
TinySTM-igpu-cpu-persistent-dynamic-split-multithreaded-wbetl 0.017764 0.000556 0.017175 0.000539 0 0 81576.636364 1330.260280 940385274.727273 10871962.366567 3085995.181818 82163.311447 3085995.181818 82163.311447 0 0 0 0 0 0 2414.000000 79.554441 0 0 22.000000 4.472136 1527.948969 8.607480 20.119364 0.006719 
TinySTM-igpu-cpu-persistent-dynamic-split-multithreaded-wbetl-lsa 0.020137 0.000789 0.019526 0.000775 0 0 82416.363636 1523.327057 682416499.818182 9055054.154695 3257188.545455 117617.882713 3257188.545455 117617.882713 0 0 0 0 0 0 2517.727273 99.847239 858.363636 30.236260 39.090909 5.791130 1521.271978 5.448213 20.177091 0.007391 
TinySTM-igpu-cpu-persistent-dynamic-split-multithreaded-wbetl 0.017764 0.000556 0.017175 0.000539 0 0 81576.636364 1330.260280 940385274.727273 10871962.366567 3085995.181818 82163.311447 3085995.181818 82163.311447 0 0 0 0 0 0 2414.000000 79.554441 0 0 22.000000 4.472136 1527.948969 8.607480 20.119364 0.006719 
TinySTM-igpu-cpu-persistent-dynamic-split-multithreaded-wbetl-lsa 0.020137 0.000789 0.019526 0.000775 0 0 82416.363636 1523.327057 682416499.818182 9055054.154695 3257188.545455 117617.882713 3257188.545455 117617.882713 0 0 0 0 0 0 2517.727273 99.847239 858.363636 30.236260 39.090909 5.791130 1521.271978 5.448213 20.177091 0.007391 
TinySTM-igpu-cpu-persistent-dynamic-split-multithreaded-wbetl 0.017764 0.000556 0.017175 0.000539 0 0 81576.636364 1330.260280 940385274.727273 10871962.366567 3085995.181818 82163.311447 3085995.181818 82163.311447 0 0 0 0 0 0 2414.000000 79.554441 0 0 22.000000 4.472136 1527.948969 8.607480 20.119364 0.006719 
TinySTM-igpu-cpu-persistent-dynamic-split-multithreaded-wbetl-lsa 0.020137 0.000789 0.019526 0.000775 0 0 82416.363636 1523.327057 682416499.818182 9055054.154695 3257188.545455 117617.882713 3257188.545455 117617.882713 0 0 0 0 0 0 2517.727273 99.847239 858.363636 30.236260 39.090909 5.791130 1521.271978 5.448213 20.177091 0.007391 
TinySTM-igpu-cpu-persistent-dynamic-split-multithreaded-wbetl 0.017764 0.000556 0.017175 0.000539 0 0 81576.636364 1330.260280 940385274.727273 10871962.366567 3085995.181818 82163.311447 3085995.181818 82163.311447 0 0 0 0 0 0 2414.000000 79.554441 0 0 22.000000 4.472136 1527.948969 8.607480 20.119364 0.006719 
TinySTM-igpu-cpu-persistent-dynamic-split-multithreaded-wbetl-lsa 0.020137 0.000789 0.019526 0.000775 0 0 82416.363636 1523.327057 682416499.818182 9055054.154695 3257188.545455 117617.882713 3257188.545455 117617.882713 0 0 0 0 0 0 2517.727273 99.847239 858.363636 30.236260 39.090909 5.791130 1521.271978 5.448213 20.177091 0.007391 
TinySTM-igpu-cpu-persistent-dynamic-split-multithreaded-wbetl 0.017764 0.000556 0.017175 0.000539 0 0 81576.636364 1330.260280 940385274.727273 10871962.366567 3085995.181818 82163.311447 3085995.181818 82163.311447 0 0 0 0 0 0 2414.000000 79.554441 0 0 22.000000 4.472136 1527.948969 8.607480 20.119364 0.006719 
TinySTM-igpu-cpu-persistent-dynamic-split-multithreaded-wbetl-lsa 0.020137 0.000789 0.019526 0.000775 0 0 82416.363636 1523.327057 682416499.818182 9055054.154695 3257188.545455 117617.882713 3257188.545455 117617.882713 0 0 0 0 0 0 2517.727273 99.847239 858.363636 30.236260 39.090909 5.791130 1521.271978 5.448213 20.177091 0.007391 
