"Validation time(S)" "Commits" "Aborts" "Val Reads" "Val success" "Val fail" "Energy (J)" "Time(S)"
0.099612 50000000 0 1505790 5485421 0 151.556519 3.326210022
0.100957 50000000 1 1504133 5528924 1 150.636536 3.284478188
0.099896 50000000 2 1517027 5493885 2 150.636047 3.296882153
0.100979 50000000 3 1504039 5490062 3 151.319580 3.308966160
0.100038 50000000 0 1508182 5526719 0 150.403381 3.275768042
0.099991 50000000 2 1518223 5498203 2 150.413086 3.280715942
0.101061 50000000 2 1510795 5521780 2 151.869080 3.282206059
0.099402 50000000 133114 1453722 5017463 133114 150.582947 3.287030935
0.099731 50000000 2 1512915 5508311 2 150.970581 3.301835060
0.098831 50000000 2 1513875 5493486 2 150.348999 3.291610003
0.101454 50000000 2 1508674 5491885 2 150.469055 3.289883852
0.099762 50000000 1 1508734 5490754 1 152.219788 3.333009005
0.100326 50000000 0 1508733 5481289 0 152.023010 3.330862045
0.100746 50000000 1 1496535 5475661 1 151.665894 3.326225042
0.099076 50000000 1 1504256 5495360 1 151.898926 3.283334017
0.099854 50000000 0 1507980 5486678 0 151.484863 3.317327023
0.101077 50000000 3 1500669 5471972 3 152.166809 3.324012995
0.100747 50000000 0 1511737 5523755 0 150.306458 3.275211096
0.10043 50000000 2 1518769 5512620 2 150.227234 3.273774862
0.101605 50000000 1 1511673 5523160 1 150.466125 3.274838924
