"Validation time(S)" "Commits" "Aborts" "Val Reads" "Val success" "Val fail" "Energy (J)" "Time(S)"
0.628429 150000000 150894 18133312 18521039 150894 288.137573 5.543195009
0.646336 150000000 149297 18490829 18674506 149297 287.021912 5.499081850
0.622982 150000000 153719 17376189 18787866 153719 284.859619 5.460199118
0.630861 150000000 147251 19454822 18885083 147251 288.038269 5.535538912
0.626373 150000000 152094 17233062 18562303 152094 286.300354 5.490475893
0.634983 150000000 150777 18634859 18595083 150777 288.173889 5.539094925
0.621767 150000000 152073 16751095 18849016 152073 286.217529 5.497495174
0.629881 150000000 147322 18034793 18287717 147322 290.439514 5.617471933
0.61429 150000000 152822 16984956 18781651 152822 284.561584 5.421764851
0.621151 150000000 149441 18917489 18489527 149441 285.590027 5.475263834
0.623444 150000000 147027 19355548 18894074 147027 288.124268 5.482871056
0.622588 150000000 150261 18544396 18941846 150261 288.163330 5.490134954
0.652739 150000000 150848 18739629 18797582 150848 288.979980 5.538602829
0.615461 150000000 153741 17174556 18951390 153741 284.495422 5.448580027
0.632231 150000000 148623 18886880 18518661 148623 287.077332 5.501102209
0.638609 150000000 149865 18842061 18684048 149865 286.496643 5.492106915
0.645558 150000000 146294 19342239 18641267 146294 288.041077 5.518001080
0.634617 150000000 148584 19420927 18641012 148584 287.396301 5.510764837
0.64978 150000000 145304 19256307 18632796 145304 289.944214 5.536856890
0.620173 150000000 150971 18555726 18549029 150971 283.831299 5.447058916
