"Validation time(S)" "Commits" "Aborts" "Val Reads" "Val success" "Val fail" "Energy (J)" "Time(S)"
0.909174 35000000 17 15104656 31593272 17 137.851746 2.764625072
0.891719 35000000 14 14915396 31575052 14 136.303833 2.741184950
0.975786 35000000 919401 15731048 30586503 919401 138.195312 2.756475925
0.925241 35000000 8 14742804 31813021 8 136.756104 2.730690002
0.914754 35000000 22 14671892 31832552 22 136.628723 2.723839998
0.900892 35000000 16 14965987 31748725 16 137.032898 2.734709024
0.923547 35000000 26 14753894 31902133 26 136.865173 2.732050896
0.915052 35000000 22 14685787 31622300 22 138.107056 2.778203011
0.896506 35000000 13 14937008 31714243 13 136.875977 2.726413965
0.8928 35000000 11 14899033 31685771 11 136.592896 2.721671104
0.888308 35000000 24 14936541 31525358 24 137.612976 2.757137060
0.936583 35000000 22 14851376 31927797 22 137.721130 2.740752220
0.913733 35000000 16 14618366 31802287 16 138.187622 2.723648787
0.917404 35000000 16 15153069 31842072 16 136.924866 2.722227097
0.931695 35000000 16 14863916 31800090 16 137.883057 2.757101059
0.904976 35000000 18 14964587 31768527 18 136.877014 2.726795197
0.910907 35000000 22 14999860 31708017 22 137.220398 2.729046822
0.930311 35000000 17 14846852 31905360 17 136.323853 2.717772007
0.898683 35000000 17 14918012 31715013 17 137.330444 2.737050056
0.918697 35000000 11 14600659 31699595 11 137.653015 2.752476931
