"Validation time(S)" "Commits" "Aborts" "Val Reads" "Val success" "Val fail" "Energy (J)" "Time(S)"
0.001719 11263 3317 688523 15090 3317 0.179932 0.003254890
0.001871 11263 3357 748147 16155 3357 0.195007 0.003216982
0.001758 11263 3314 713229 15907 3314 0.186523 0.003031969
0.001203 11263 2396 481070 11578 2396 0.324097 0.006369114
0.001707 11263 3390 750181 16339 3390 0.155823 0.002681971
0.001836 11263 3326 722120 15830 3326 0.173767 0.002847910
0.00178 11263 3330 723532 15717 3330 0.195740 0.003128767
0.001692 11263 3347 720280 15769 3347 0.148743 0.002811193
0.001597 11263 3305 701630 15354 3305 0.186279 0.003200054
0.001862 11263 3363 734568 16258 3363 0.150879 0.002742052
0.001761 11263 3307 718429 15797 3307 0.182678 0.003067017
0.00171 11263 3364 730505 15900 3364 0.154236 0.002748966
0.001629 11263 3184 695569 15428 3184 0.177124 0.003114939
0.001733 11263 3354 722928 15829 3354 0.194519 0.003456831
0.001785 11263 3379 726653 15844 3379 0.189331 0.003200054
0.001782 11263 3332 745462 16180 3332 0.189941 0.002740860
0.001857 11263 3398 734582 15894 3398 0.142395 0.002944231
0.001762 11263 3328 734955 15983 3328 0.182678 0.003001928
0.001784 11263 3426 736014 16172 3426 0.196533 0.002707005
0.001813 11263 3325 737880 16298 3325 0.154175 0.002737999
0.001765 11263 3377 718889 15964 3377 0.185669 0.003264904
0.001742 11263 3285 727180 15729 3285 0.191040 0.003026009
0.001697 11263 3295 729548 15851 3295 0.141602 0.002748966
0.00183 11263 3377 724922 16076 3377 0.158264 0.002753973
0.001791 11263 3327 712562 15681 3327 0.180969 0.003512859
0.001835 11263 3367 722638 15973 3367 0.155701 0.002743006
0.001801 11263 3338 741992 16175 3338 0.153625 0.002686024
0.001788 11263 3331 716893 15681 3331 0.179382 0.003025770
0.001691 11263 3259 711988 15551 3259 0.213257 0.003509998
0.001755 11263 3336 733920 16269 3336 0.172729 0.003020048
0.001772 11263 3298 738686 16091 3298 0.181213 0.002722979
