"Validation time(S)" "Commits" "Aborts" "Val Reads" "Val success" "Val fail" "Energy (J)" "Time(S)"
0.000116 2734 214 18394 2153 214 0.094727 0.002731800
8.6e-05 2734 164 13264 1581 164 0.133179 0.002818108
0.000161 2734 311 28672 3235 311 0.108398 0.002439022
0.000162 2734 280 27589 3069 280 0.132690 0.003118992
0.000145 2734 244 22844 2636 244 0.100464 0.002773046
0.000131 2734 325 27909 3210 325 0.126343 0.002768993
0.000101 2734 200 17826 1990 200 0.130920 0.002829790
9.3e-05 2734 182 15716 1804 182 0.129639 0.002929926
9.3e-05 2734 231 18900 2269 231 0.103760 0.002601862
0.000147 2734 327 28438 3150 327 0.088745 0.002738953
9.6e-05 2734 172 15746 1932 172 0.101807 0.002391100
9.8e-05 2734 160 15828 1802 160 0.138489 0.002928019
9.7e-05 2734 167 16818 1977 167 0.128479 0.002747059
9.8e-05 2734 195 16320 1883 195 0.121704 0.002717972
7.8e-05 2734 120 11375 1355 120 0.129456 0.002934217
0.000151 2734 292 26448 3001 292 0.097107 0.002587795
0.000134 2734 331 26446 2925 331 0.096619 0.002493858
0.000159 2734 298 29084 3260 298 0.108032 0.002346992
0.00016 2734 279 25876 2923 279 0.133179 0.002490044
7e-05 2734 189 15575 1806 189 0.126953 0.002622128
0.000158 2734 296 28733 3216 296 0.126160 0.003074884
0.000122 2734 248 21707 2450 248 0.089966 0.002490997
0.000167 2734 302 29557 3329 302 0.094299 0.002243042
0.000145 2734 317 27098 3066 317 0.124634 0.003055096
0.000137 2734 306 27063 3045 306 0.127563 0.002865076
0.000103 2734 188 16793 1910 188 0.092957 0.002312899
0.00011 2734 267 23937 2749 267 0.130005 0.002671957
0.000105 2734 208 18452 2056 208 0.101379 0.002591133
0.000152 2734 317 28742 3229 317 0.104431 0.002256155
0.000138 2734 240 23142 2637 240 0.095581 0.002862215
0.000119 2734 182 17094 2004 182 0.128174 0.002476931
