"Validation time(S)" "Commits" "Aborts" "Val Reads" "Val success" "Val fail" "Energy (J)" "Time(S)"
7.2e-05 2734 65 15403 1812 65 0.181946 0.003598928
4.9e-05 2734 55 10635 1295 55 0.177124 0.004247904
6e-05 2734 46 11284 1396 46 0.195007 0.003540993
6.5e-05 2734 43 11724 1466 43 0.178345 0.004338026
4.5e-05 2734 36 10248 1258 36 0.178467 0.003943920
5e-05 2734 42 11390 1385 42 0.179382 0.003979921
5.7e-05 2734 41 8662 1058 41 0.173401 0.003943920
7.2e-05 2734 50 11023 1344 50 0.150635 0.003828049
5.6e-05 2734 50 10279 1232 50 0.187683 0.003530979
6.3e-05 2734 52 13110 1581 52 0.153992 0.003656149
6.1e-05 2734 59 11751 1456 59 0.184143 0.003495932
6e-05 2734 56 11251 1337 56 0.174805 0.004239082
5.4e-05 2734 59 11402 1427 59 0.189270 0.003797054
4.6e-05 2734 45 10659 1308 45 0.184753 0.003965855
5.4e-05 2734 60 10825 1355 60 0.142212 0.003723145
6e-05 2734 68 12053 1558 68 0.190979 0.004242897
4.2e-05 2734 62 10080 1208 62 0.179321 0.004251003
4.9e-05 2734 32 10877 1315 32 0.146362 0.003479004
6.5e-05 2734 51 8560 1101 51 0.181519 0.003765106
4.8e-05 2734 41 9054 1149 41 0.180908 0.003855944
5.5e-05 2734 51 12629 1519 51 0.156555 0.003535032
6e-05 2734 33 10150 1230 33 0.211182 0.004420042
5.5e-05 2734 62 11146 1412 62 0.175232 0.003991842
5.3e-05 2734 48 9740 1235 48 0.176514 0.003878117
5.4e-05 2734 36 10201 1232 36 0.180908 0.004349232
9.1e-05 2734 44 14056 1766 44 0.154175 0.003588915
7e-05 2734 42 10746 1363 42 0.175903 0.003949165
5.9e-05 2734 46 11568 1393 46 0.180542 0.003699064
5.6e-05 2734 67 12901 1662 67 0.180725 0.004126072
5.7e-05 2734 31 8226 1025 31 0.177307 0.004132986
5.7e-05 2734 44 10512 1291 44 0.155518 0.003481865
