"Validation time(S)" "Commits" "Aborts" "Val Reads" "Val success" "Val fail" "Energy (J)" "Time(S)"
3.44612 100000000 9186948 864994487 16407601 9186948 1178.511658 20.785315037
3.31199 100000000 8188793 893633935 17565428 8188793 1195.865479 20.960037947
3.07662 100000000 9942659 737895869 14704739 9942659 1064.299011 19.131000996
2.71085 100000000 10417516 712199641 14499425 10417516 1024.316345 18.199708939
3.32645 100000000 8407038 894364033 17479663 8407038 1164.472717 20.493635893
3.84093 100000000 7530577 1015255147 18461914 7530577 1306.270996 22.816636086
2.90058 100000000 9932627 699801961 14737054 9932627 1053.518005 18.864073992
3.23612 100000000 8600810 865450659 16766362 8600810 1166.565186 20.917026043
3.13633 100000000 8908867 876639461 16727938 8908867 1151.876892 20.219294071
3.46078 100000000 8164479 943197731 17860865 8164479 1290.860046 22.528055191
3.51227 100000000 9190092 928604718 16522664 9190092 1244.111938 21.929835796
2.95009 100000000 9133489 807906307 16268888 9133489 1086.278992 18.974738836
3.2775 100000000 8831098 867777131 16835619 8831098 1179.672913 21.017216921
