"Validation time(S)" "Commits" "Aborts" "Val Reads" "Val success" "Val fail" "Energy (J)" "Time(S)"
17.6663 50000000 43330088 4973935485 64256023 43330088 1413.477356 25.740423918
22.0881 50000000 38565177 5498543716 68694129 38565177 1510.330444 27.576772928
21.4829 50000000 37110626 5966135397 75685271 37110626 1496.630005 27.240740061
20.6289 50000000 43019654 4888823766 60884444 43019654 1515.779846 27.732439041
19.5854 50000000 42156953 5231397165 65290387 42156953 1414.240479 25.676882982
18.0223 50000000 40586802 4858057868 64570312 40586802 1341.894226 24.519534111
19.1041 50000000 42886599 5176195068 68505945 42886599 1429.011536 25.503061771
19.6502 50000000 45281110 4859026827 62020953 45281110 1471.861511 26.401571989
18.0719 50000000 43177859 4985350031 62759181 43177859 1404.812439 25.562739134
19.4181 50000000 40195413 5248735750 66491202 40195413 1448.055237 26.448197126
20.4811 50000000 43981034 4840733900 64173154 43981034 1510.514587 27.298894882
23.0468 50000000 40189139 5995400939 74548755 40189139 1611.622925 28.817719936
22.2838 50000000 39574133 5669102529 71237540 39574133 1583.876892 28.773272991
