"Validation time(S)" "Commits" "Aborts" "Val Reads" "Val success" "Val fail" "Energy (J)" "Time(S)"
1.26289 400000 39211 663245501 76444 39211 369.311340 5.831102848
1.24628 400000 39810 668953661 77458 39810 363.220337 5.649715900
1.2325 400000 39125 651549162 76034 39125 367.157410 5.819571018
1.24973 400000 40044 661237610 76794 40044 364.320251 5.629258871
1.29229 400000 39476 670113353 78211 39476 364.842529 5.736891985
1.3075 400000 40096 656252291 76437 40096 367.550598 5.756536007
1.32764 400000 39728 658747421 76318 39728 369.372498 5.716954947
1.23863 400000 39862 655516401 76546 39862 367.790222 5.650372982
1.22447 400000 38775 651276071 76298 38775 369.457275 5.788918018
1.26571 400000 39906 666520300 77315 39906 366.788208 5.649966955
1.25751 400000 40157 667785280 77335 40157 366.648621 5.614238977
1.31665 400000 39332 665671940 77143 39332 370.861450 5.697539806
1.25966 400000 39801 653568945 75593 39801 369.940063 5.732563019
