"Validation time(S)" "Commits" "Aborts" "Val Reads" "Val success" "Val fail" "Energy (J)" "Time(S)"
7.632 200000 167610 4032791059 276236 167610 426.998840 6.906552076
7.67676 200000 171581 4054861497 280597 171581 428.911926 6.843076944
7.72669 200000 170159 4035007981 277540 170159 425.040161 6.849703074
7.65957 200000 169694 3998467774 274004 169694 425.008972 6.823732138
7.51239 200000 166806 3902938664 268681 166806 424.356995 6.876905918
7.54819 200000 158446 3805206155 258938 158446 421.875610 7.082998991
7.45105 200000 152810 3686595079 250493 152810 414.454956 7.026303053
7.48793 200000 165911 3939366868 271152 165911 428.299805 6.921689987
7.60893 200000 168800 4030412373 277821 168800 427.707153 6.851238012
7.56675 200000 166338 3958483754 273247 166338 425.810120 6.906955957
7.52089 200000 166878 3974658142 272674 166878 424.429016 6.851599932
7.47741 200000 165677 3896730505 267988 165677 421.669739 6.812029839
7.56657 200000 163256 3903074306 270556 163256 424.883728 6.955575943
