"Validation time(S)" "Commits" "Aborts" "Val Reads" "Val success" "Val fail" "Energy (J)" "Time(S)"
0.110496 25000000 863958 33564332 69372 863958 207.293640 3.835515022
0.112258 25000000 866768 33571880 66057 866768 209.087830 3.831091881
0.111889 25000000 870284 33701486 64208 870284 209.653015 3.823092937
0.11162 25000000 869376 33718934 65205 869376 210.563232 3.821785927
0.11269 25000000 868026 33685192 64950 868026 208.043213 3.823163986
0.110847 25000000 868600 33688406 65346 868600 211.730896 3.831959009
0.112853 25000000 867067 33639824 64132 867067 207.808838 3.822860003
0.111478 25000000 871015 33673547 64044 871015 210.444702 3.836920977
0.112629 25000000 867383 33590087 63802 867383 210.293579 3.855465889
0.10987 25000000 867855 33790254 64315 867855 207.447327 3.831375122
0.112548 25000000 870643 33666349 62584 870643 208.580994 3.833336830
0.112429 25000000 865006 33543920 66055 865006 208.930847 3.818425894
0.112622 25000000 869289 33602900 64073 869289 210.572876 3.839461088
0.112894 25000000 870777 33692715 63061 870777 209.982361 3.842257977
0.110835 25000000 867009 33623811 63681 867009 209.950012 3.827466011
0.110202 25000000 868815 33628832 64701 868815 209.451172 3.830513954
0.114119 25000000 869861 33666820 63311 869861 209.594971 3.836228848
0.112315 25000000 867838 33559261 63521 867838 208.026672 3.828172922
0.111699 25000000 867318 33664551 64402 867318 209.869934 3.829551935
0.11083 25000000 870601 33743274 64892 870601 206.744080 3.825145006
0.112295 25000000 868557 33651616 63849 868557 211.958496 3.827903986
0.110393 25000000 868031 33707248 63291 868031 209.844299 3.824528217
0.111988 25000000 867900 33708110 65312 867900 210.417114 3.833369017
0.111511 25000000 866363 33570504 64289 866363 210.506287 3.833420992
0.113023 25000000 868800 33700064 64437 868800 210.343445 3.834375143
0.11173 25000000 872257 33738796 63999 872257 210.383972 3.837207079
0.112576 25000000 866519 33577060 63379 866519 211.981079 3.825134039
0.113461 25000000 869839 33756132 63665 869839 209.939392 3.822923899
0.110885 25000000 868637 33659870 64057 868637 209.301147 3.818922043
0.111181 25000000 871302 33774897 63735 871302 210.223755 3.829557896
