"Validation time(S)" "Commits" "Aborts" "Val Reads" "Val success" "Val fail" "Energy (J)" "Time(S)"
0.532566 15000000 3276884 157274946 1594713 3276884 167.087708 2.924828053
0.514058 15000000 3281533 157658629 1589439 3281533 165.770691 2.910649061
0.524311 15000000 3315991 157542667 1559397 3315991 166.113770 2.918709040
0.532729 15000000 3332601 158206879 1546544 3332601 166.869812 2.929206848
0.523737 15000000 3293178 156893929 1575643 3293178 166.769836 2.925401926
0.524593 15000000 3348522 158668587 1532234 3348522 167.340393 2.932085991
0.527629 15000000 3306007 157789821 1566668 3306007 166.643250 2.921813011
0.525368 15000000 3351541 158504338 1528641 3351541 167.135986 2.931529045
0.521288 15000000 3352381 158500262 1531555 3352381 166.868958 2.925144196
0.531439 15000000 3343247 158495220 1538886 3343247 167.598022 2.936897993
0.526808 15000000 3321581 157458671 1550782 3321581 168.717712 2.923487186
0.529782 15000000 3340747 158532162 1530943 3340747 167.518677 2.928873062
0.52848 15000000 3350328 158461202 1531321 3350328 167.172974 2.929518938
0.528516 15000000 3274313 156662875 1590795 3274313 166.225098 2.913224936
0.527952 15000000 3300258 157485940 1570446 3300258 166.510864 2.917194843
0.52877 15000000 3352244 158922857 1532575 3352244 167.200073 2.927196980
0.533574 15000000 3336617 158500058 1539427 3336617 166.929443 2.924679995
0.522351 15000000 3350133 158322318 1529289 3350133 166.437378 2.918777943
0.520346 15000000 3326110 157698344 1556034 3326110 166.790649 2.924746037
0.532256 15000000 3298974 157974758 1571241 3298974 166.094177 2.917495012
0.521594 15000000 3339667 158458136 1535412 3339667 166.984558 2.923052073
0.530369 15000000 3340084 158442257 1536071 3340084 167.319275 2.929746151
0.524766 15000000 3348484 158601597 1533604 3348484 167.530396 2.923933983
0.532692 15000000 3343680 158654602 1533589 3343680 167.232239 2.932294130
0.532387 15000000 3339599 157840857 1538014 3339599 166.669800 2.921188116
0.528475 15000000 3344673 158292272 1532706 3344673 168.523865 2.925906181
0.524142 15000000 3326334 158145264 1546968 3326334 167.615540 2.914569139
0.525825 15000000 3352044 158529072 1530758 3352044 168.017883 2.919242859
0.531734 15000000 3308843 158169812 1564808 3308843 167.501465 2.921060801
0.52363 15000000 3323343 157959954 1548469 3323343 167.511169 2.926582098
