"Validation time(S)" "Commits" "Aborts" "Val Reads" "Val success" "Val fail" "Energy (J)" "Time(S)"
1.14433 80000000 453990 458342211 18189638 453990 411.857117 7.152580023
1.04027 80000000 435758 388732466 17904537 435758 402.443298 6.928584814
0.937152 80000000 416877 323438977 17657800 416877 367.705200 6.400474072
0.935223 80000000 442284 330317078 17741593 442284 379.294189 6.460960865
1.03319 80000000 419170 391958292 18054448 419170 396.359009 6.742491007
0.985715 80000000 403548 358973632 17711838 403548 381.223267 6.499001980
0.977184 80000000 446262 340575349 17754530 446262 386.272156 6.607356071
0.95583 80000000 458078 335499400 17653584 458078 378.107361 6.450663090
1.01797 80000000 415107 395108615 18007153 415107 396.453186 6.763998985
0.984475 80000000 417536 354493348 17863632 417536 387.245667 6.593919039
0.956032 80000000 426712 346650359 17759143 426712 379.512207 6.463279963
0.985156 80000000 428028 360414495 17806091 428028 384.907532 6.561218023
1.03851 80000000 437776 378397093 17793100 437776 394.990540 6.767194986
1.00349 80000000 410770 378574405 17971123 410770 396.244690 6.756005049
0.95977 80000000 442223 344040645 17763711 442223 382.782532 6.538898230
1.02996 80000000 425196 375014406 17842748 425196 392.641785 6.742658854
0.984371 80000000 393566 364735955 17765023 393566 388.355225 6.657949924
0.994661 80000000 423193 367517258 17903165 423193 392.922791 6.713289976
0.983671 80000000 434703 352505807 17794160 434703 381.801086 6.497992992
1.12909 80000000 423267 451161152 18255298 423267 416.115112 7.092565060
