"Validation time(S)" "Commits" "Aborts" "Val Reads" "Val success" "Val fail" "Energy (J)" "Time(S)"
7.29249 50000000 3650383 2888720890 120859524 3650383 468.176392 8.403884888
7.56122 50000000 3651090 3023762030 121253388 3651090 473.694275 8.482818842
8.29129 50000000 3777850 3605701456 121272169 3777850 495.363525 8.824584961
8.57522 50000000 3850171 3865065221 121595447 3850171 514.088623 9.047339916
7.76419 50000000 3402119 3194985083 119639237 3402119 473.750732 8.557375908
7.45957 50000000 3691218 3019844736 120123306 3691218 479.722534 8.426425219
7.84695 50000000 3732348 3283414260 120982556 3732348 480.261658 8.574322939
7.62755 50000000 3792060 3049291786 121111366 3792060 475.498535 8.507339001
7.85056 50000000 3581149 3325414326 122058368 3581149 484.144897 8.624183893
7.99438 50000000 3671307 3315418759 121309681 3671307 485.516907 8.661656857
7.90865 50000000 3522232 3373561175 122114333 3522232 483.257568 8.607028961
8.4952 50000000 3556124 3757332912 120578702 3556124 517.980957 9.150433064
7.8302 50000000 3600173 3189228135 121125018 3600173 476.398682 8.514075041
7.96633 50000000 3704372 3345424386 121536135 3704372 489.150330 8.627759933
8.35878 50000000 3584438 3608805220 121596097 3584438 493.653687 8.816586018
7.79975 50000000 3572584 3306599463 121701411 3572584 481.970825 8.620980024
8.16793 50000000 3335886 3482824947 121602358 3335886 494.073608 8.817569971
7.84 50000000 3702249 3349150343 119266584 3702249 481.567200 8.655047178
8.00951 50000000 3647374 3452942078 121801160 3647374 493.475281 8.717432022
7.68361 50000000 3572715 3104139466 121783909 3572715 477.285522 8.521527052
