"Validation time(S)" "Commits" "Aborts" "Val Reads" "Val success" "Val fail" "Energy (J)" "Time(S)"
0.005338 47265 6 72487 93223 6 0.625549 0.020076036
0.005233 47263 5 72266 94766 5 0.626770 0.019670010
0.00578 47265 18 76506 98174 18 0.595520 0.018189907
0.005422 47265 8 73408 95097 8 0.592468 0.017719030
0.005079 47265 11 72650 95026 11 0.574585 0.019468069
0.005613 47267 7 75779 97087 7 0.532898 0.015935898
0.005488 47265 7 73009 93721 7 0.576599 0.019424915
0.005784 47265 11 75546 97223 11 0.588013 0.019637108
0.005682 47265 6 75558 96571 6 0.581726 0.019627810
0.004949 47267 9 70933 90868 9 0.573059 0.019546032
0.005398 47265 11 73619 95052 11 0.582947 0.019119978
0.004739 47265 6 68115 90381 6 0.577332 0.018936157
0.005568 47267 15 75151 96463 15 0.500977 0.016161919
0.006236 47267 13 79475 103117 13 0.593445 0.019649982
0.005891 47265 8 76042 100869 8 0.585938 0.019624949
0.005303 47265 11 73785 94865 11 0.576355 0.019566059
0.00485 47269 12 68389 88271 12 0.549316 0.018913984
0.005848 47265 10 76921 98696 10 0.603333 0.019676208
0.005429 47265 13 73080 92594 13 0.584045 0.019440889
0.005933 47265 17 75803 102163 17 0.607544 0.019629002
0.005372 47265 15 70860 95591 15 0.591675 0.019070148
0.006299 47265 14 79253 104557 14 0.637329 0.019361973
0.004901 47267 5 70989 92815 5 0.550049 0.016782999
0.005642 47265 9 74583 95935 9 0.586731 0.019258976
0.005592 47263 9 75121 96382 9 0.615051 0.019472122
0.005421 47265 8 74773 96802 8 0.590027 0.018148899
0.005469 47267 14 73586 94634 14 0.579651 0.019742966
0.005259 47267 2 73105 92318 2 0.605408 0.019901991
0.005419 47267 4 73045 97540 4 0.612915 0.019593954
0.005301 47265 7 70473 95059 7 0.591797 0.019319057
0.005681 47265 3 73850 97915 3 0.585327 0.019306183
