"Validation time(S)" "Commits" "Aborts" "Val Reads" "Val success" "Val fail" "Energy (J)" "Time(S)"
0.010709 93695 10 145094 187530 10 1.465088 0.049297094
0.011085 93695 11 145998 189362 11 1.352478 0.042981863
0.009738 93699 9 139915 182267 9 1.370728 0.045392036
0.010897 93699 7 145572 187652 7 1.396790 0.046087027
0.010481 93699 12 143082 185066 12 1.248474 0.041924000
0.010498 93699 8 143846 186611 8 1.263123 0.042443752
0.010256 93695 13 142205 184517 13 1.354431 0.041874886
0.010812 93697 14 145012 188113 14 1.261841 0.042344093
0.010517 93699 7 144113 187151 7 1.266418 0.042104006
0.009882 93697 10 140071 183081 10 1.230347 0.041649103
0.010933 93697 3 150716 190487 3 1.261597 0.042506933
0.010467 93699 4 144988 185486 4 1.256897 0.041749001
0.011841 93699 10 154266 202855 10 1.283936 0.042135954
0.0106 93699 6 144960 186740 6 1.208008 0.039197922
0.00972 93699 10 141430 177487 10 1.229919 0.041885138
0.010838 93695 12 145832 186758 12 1.253662 0.042334080
0.009794 93699 5 141289 179389 5 1.240723 0.041757822
0.009812 93695 12 143223 183918 12 1.241760 0.042026997
0.010491 93699 9 143238 183832 9 1.240784 0.041710138
0.010371 93697 13 144811 182093 13 1.250488 0.042377949
0.011153 93695 10 147798 192421 10 1.259033 0.042177916
0.009594 93699 9 137738 181652 9 1.260620 0.041944027
0.009796 93699 11 140588 179948 11 1.235779 0.042201996
0.010541 93699 5 143678 185736 5 1.261780 0.041805983
0.009625 93699 10 139087 183326 10 1.247559 0.041795015
0.009754 93695 8 140554 179049 8 1.258789 0.041993141
0.010806 93697 3 148806 191481 3 1.261963 0.042440176
0.010585 93699 8 144187 187151 8 1.238464 0.041893005
0.011086 93695 14 151999 190190 14 1.271484 0.042526007
0.010765 93695 14 143991 187017 14 1.267395 0.042573929
0.012162 93699 6 155733 204995 6 1.328613 0.042094946
