"Validation time(S)" "Commits" "Aborts" "Val Reads" "Val success" "Val fail" "Energy (J)" "Time(S)"
0.002599 1000000 91 421239 58782 91 53.879333 0.921027184
0.001847 1000000 48 250799 46228 48 52.315735 0.853358984
0.001565 1000000 48 184948 37872 48 52.322937 0.852736950
0.001817 1000000 31 246857 45517 31 52.360229 0.853554010
0.001879 1000000 54 250392 46667 54 52.382507 0.853772163
0.00196 1000000 63 245238 46043 63 52.391846 0.853286982
0.001704 1000000 46 230813 41853 46 52.372314 0.852721930
0.002551 1000000 91 421707 58806 91 54.115356 0.918585062
0.001757 1000000 44 234200 43919 44 52.349243 0.853757143
0.002178 1000000 64 339251 52572 64 53.482605 0.892585993
0.001849 1000000 56 247729 45407 56 52.382446 0.853641033
0.001728 1000000 51 236587 42590 51 52.436035 0.855494976
0.001669 1000000 48 223885 43216 48 52.354370 0.853384972
0.001557 1000000 51 198266 39164 51 52.361694 0.853034019
0.001819 1000000 62 237404 44797 62 52.388794 0.853207827
0.001547 1000000 48 200372 39325 48 52.306274 0.852604151
0.001659 1000000 45 204052 40160 45 52.330383 0.852813959
0.001574 1000000 30 197802 38845 30 52.345459 0.852147102
0.0016 1000000 40 202430 39436 40 52.358887 0.852899075
0.002479 1000000 90 421746 58898 90 54.264221 0.920070887
0.001539 1000000 48 199678 38364 48 52.814880 0.853029013
0.002018 1000000 56 283167 50140 56 53.357544 0.854381084
0.001789 1000000 46 240350 43432 46 53.415161 0.853316069
0.001542 1000000 39 214464 39151 39 53.180054 0.852905035
0.001624 1000000 45 219314 40850 45 53.330322 0.852770090
0.001842 1000000 44 226659 44192 44 53.416260 0.854183912
0.001921 1000000 66 239444 44572 66 52.470215 0.856091976
0.00159 1000000 43 211655 40558 43 52.374390 0.853070021
0.003986 1000000 153 777546 90316 153 60.808350 1.109894991
0.001652 1000000 36 214317 39392 36 53.577148 0.860020876
