"Validation time(S)" "Commits" "Aborts" "Val Reads" "Val success" "Val fail" "Energy (J)" "Time(S)"
0.015506 10000 18736 1934383 8599 18736 6.208618 0.126122952
0.015986 10000 18712 1941753 8639 18712 6.208496 0.126272917
0.015785 10000 18675 1930788 8610 18675 6.200867 0.125781059
0.015804 10000 19111 1923654 8338 19111 6.279968 0.127267122
0.015755 10000 18891 1924800 8500 18891 6.221619 0.126668930
0.016075 10000 18915 1925370 8484 18915 6.265137 0.127202034
0.015902 10000 18722 1921430 8642 18722 6.185425 0.125868082
0.015494 10000 18692 1919608 8495 18692 6.248718 0.126990080
0.015764 10000 18779 1930812 8522 18779 6.221191 0.126530886
0.015909 10000 18734 1916687 8624 18734 6.218445 0.126269102
0.015897 10000 18766 1919943 8508 18766 6.223572 0.126965046
0.015671 10000 18814 1929887 8569 18814 6.190613 0.126229048
0.015522 10000 18927 1939660 8438 18927 6.233521 0.127057791
0.01601 10000 18795 1942224 8610 18795 6.208923 0.125377893
0.014809 10000 18047 1843330 8165 18047 6.222107 0.130352020
0.015985 10000 18900 1942531 8497 18900 6.297058 0.126964092
0.015885 10000 18828 1945796 8588 18828 6.297119 0.126416922
0.015943 10000 18902 1929339 8462 18902 6.297852 0.127264977
0.015979 10000 18690 1944121 8745 18690 6.156921 0.125057936
0.016071 10000 18697 1959284 8754 18697 6.219849 0.125604153
0.015684 10000 18846 1939326 8515 18846 6.235168 0.126611948
0.015807 10000 18663 1926914 8559 18663 6.292358 0.126611948
0.01559 10000 18720 1921322 8616 18720 6.292725 0.126286030
0.015724 10000 18872 1936141 8524 18872 6.230713 0.126263857
0.015605 10000 19015 1925602 8329 19015 6.355896 0.127574921
0.015739 10000 18990 1941656 8473 18990 6.324524 0.126359940
0.015716 10000 18778 1934277 8603 18778 6.361755 0.126473904
0.015732 10000 18795 1938164 8617 18795 6.323608 0.125689030
0.016097 10000 18764 1932639 8639 18764 6.322693 0.126067877
0.015825 10000 18867 1911042 8379 18867 6.418884 0.126981020
