"Validation time(S)" "Commits" "Aborts" "Val Reads" "Val success" "Val fail" "Energy (J)" "Time(S)"
1.54177 1000000 1874829 192956673 858770 1874829 625.910889 12.546932936
1.54528 1000000 1881024 193336281 858655 1881024 619.878662 12.539998055
1.50077 1000000 1825045 187664170 833548 1825045 620.403015 12.890473843
1.5112 1000000 1835548 188611710 836376 1835548 618.470032 12.762581110
1.53285 1000000 1860226 191618159 853023 1860226 618.946228 12.616703033
1.5299 1000000 1855404 190719009 846467 1855404 621.233826 12.643964052
1.53388 1000000 1866342 191898903 850862 1866342 624.615967 12.613675833
1.51391 1000000 1836565 188969382 840293 1836565 622.359314 12.740688086
1.53359 1000000 1862497 191661130 851424 1862497 619.929810 12.597111940
1.54294 1000000 1873123 192612947 856243 1873123 619.885559 12.589785099
1.51216 1000000 1836038 188760933 839292 1836038 626.144226 12.759941101
1.49983 1000000 1832948 188555521 837117 1832948 627.734863 12.754653931
1.55088 1000000 1887146 194131877 862321 1887146 622.800537 12.498247147
1.5554 1000000 1890449 194436574 864411 1890449 619.510132 12.478352070
1.55147 1000000 1890650 194386166 863225 1890650 619.890564 12.491085052
1.54393 1000000 1878342 193207940 857080 1878342 621.368713 12.538783073
1.54435 1000000 1874312 192678101 855250 1874312 626.434021 12.559020042
1.54178 1000000 1874077 192755674 857684 1874077 620.282837 12.546134949
1.52331 1000000 1853791 190589172 845896 1853791 623.526367 12.654200077
1.55514 1000000 1888758 194648302 867474 1888758 628.776917 12.463127136
1.53436 1000000 1853168 190646663 844957 1853168 633.169006 12.641814947
1.55304 1000000 1889905 194376501 862695 1889905 624.450745 12.485897064
1.54418 1000000 1878339 193201437 859541 1878339 634.320007 12.540508986
1.54915 1000000 1881750 193965260 861745 1881750 629.894592 12.521040916
1.54581 1000000 1879929 193403632 859583 1879929 635.359436 12.523919106
1.53965 1000000 1874125 192901158 856288 1874125 635.041687 12.552724838
1.55607 1000000 1883847 193976371 862023 1883847 628.859863 12.501042128
1.54862 1000000 1883438 194106187 861999 1883438 635.017273 12.486937046
1.53372 1000000 1877443 193200217 858388 1877443 635.025513 12.538471937
1.5218 1000000 1848460 190416064 846934 1848460 632.990845 12.663635015
