"Validation time(S)" "Commits" "Aborts" "Val Reads" "Val success" "Val fail" "Energy (J)" "Time(S)"
0.005492 4096 0 1487983 11761 0 0.206055 0.004882812
0.005566 4096 1 1468156 11752 1 0.207092 0.004752874
0.005073 4096 1 1481573 11692 1 0.253113 0.004509926
0.00535 4096 2 1487004 11779 2 0.201843 0.004379034
0.005321 4096 0 1503071 11712 0 0.202454 0.004657030
0.005472 4096 0 1494906 11694 0 0.214233 0.004600048
0.005216 4096 1 1495089 11647 1 0.204834 0.004190922
0.005459 4096 3 1487510 11593 3 0.193909 0.004408836
0.005468 4096 2 1524181 11802 2 0.173218 0.004171133
0.005304 4096 0 1509508 11707 0 0.190857 0.004521132
0.005204 4096 0 1485626 11515 0 0.246399 0.004570961
0.00543 4096 0 1510732 11739 0 0.215759 0.004554033
0.005188 4096 0 1513004 11761 0 0.210938 0.004266977
0.005294 4096 0 1490205 11640 0 0.208618 0.004592180
0.00562 4096 0 1502609 11727 0 0.218933 0.004503012
0.005164 4096 0 1495158 11660 0 0.218018 0.004276991
0.005374 4096 2 1498287 11742 2 0.169128 0.004391909
0.005314 4096 2 1509854 11773 2 0.206787 0.004143000
0.005421 4096 1 1518033 11730 1 0.210449 0.004469156
0.005511 4096 0 1510973 11759 0 0.198608 0.004472971
0.005453 4096 0 1501771 11721 0 0.219666 0.004404068
0.005342 4096 0 1501946 11699 0 0.207825 0.004466057
0.005406 4096 1 1495344 11627 1 0.167725 0.004570961
0.005332 4096 0 1521491 11804 0 0.208069 0.004633904
0.005322 4096 0 1492205 11673 0 0.218628 0.004466057
0.00516 4096 0 1475725 11542 0 0.200989 0.004812956
0.005413 4096 1 1494831 11654 1 0.196228 0.004503012
0.005171 4096 2 1488238 11575 2 0.241516 0.004647970
0.005389 4096 0 1493461 11666 0 0.205139 0.004583120
0.005292 4096 0 1517404 11807 0 0.205078 0.004390955
0.005309 4096 0 1489363 11585 0 0.243958 0.004554033
