"Validation time(S)" "Validation time(S) CPU" "Validation time(S) GPU" "Commits" "Aborts" "Val Reads" "CPU Val Reads" "GPU Val Reads" "Wasted Val Reads" "GPU employment times" "Val success" "Val fail" "Snapshot ext. calls" "Energy (J)" "Time(S)"
0.031970 0.011754 0.031590 42 225346502 9559077 514085 9044992 228834 7 10 0 2 949.116210938 6.802000000
2.179734 2.161829 0.092791 70 561573371 33708600 12002872 21705728 261242 14 29 0 2 2363.817138672 18.669000000
0.030670 0.010170 0.020369 53 331246345 7092923 920251 6172672 1193926 6 7 0 4 879.703369141 8.123000000
0.072634 0.020011 0.071847 73 526890193 18702751 680351 18022400 357051 12 19 0 4 2243.268737793 22.332000000
1.478249 1.447056 0.058555 61 253838375 21454431 5504607 15949824 351610 10 26 0 3 1216.331481934 16.427000000
1.132110 1.115475 0.042385 69 492435338 15611360 5507552 10103808 383369 7 9 0 2 2154.350585938 17.764000000
1.136338 1.108120 0.041330 36 377345914 16031639 4677527 11354112 311774 6 10 0 1 1761.883850098 12.315000000
0.045373 0.016692 0.044567 62 338921811 12538045 530621 12007424 158359 7 15 0 1 1441.149749756 13.588000000
0.034751 0.002418 0.033801 45 401694929 8522834 131154 8391680 210691 6 20 0 3 846.342468262 10.791000000
0.085875 0.050188 0.074638 37 261108484 21425073 2231217 19193856 17451 9 14 0 0 899.598846436 7.172000000
0.033408 0.000650 0.033075 37 525889244 11027758 34094 10993664 6018 3 13 0 0 1202.733154297 12.542000000
1.037131 1.016566 0.021686 102 399868325 11437708 3800716 7636992 394272 6 16 0 1 1868.688354492 13.219000000
0.058150 0.044300 0.057687 82 378340927 17231659 1574699 15656960 1113351 12 17 0 3 1188.186645508 11.039000000
1.125861 1.125739 0.047967 67 613338316 18649343 5943551 12705792 33853 7 18 0 1 1563.965454102 12.341000000
0.038841 0.025206 0.037643 59 692655695 12032880 1140592 10892288 436255 8 13 0 2 2093.034973145 14.726000000
0.045834 0.009001 0.037512 80 324548889 11536784 554384 10982400 10529 4 14 0 3 882.166442871 9.141000000
0.063095 0.063031 0.062040 71 646585750 20646128 2894064 17752064 113758 6 17 0 1 1853.606872559 15.870000000
0.136010 0.108320 0.074544 57 318815203 24532273 5439793 19092480 905404 10 14 0 3 1343.753356934 12.945000000
0.016156 0.015932 0.015701 71 556161932 4824724 657044 4167680 1181990 6 15 0 4 1085.653686523 11.977000000
1.121339 1.093581 0.040199 88 631167140 15113759 4626975 10486784 689944 11 14 0 3 2504.713134766 19.488000000
0.071704 0.071633 0.068461 45 486514534 21501973 2927637 18574336 46267 8 11 0 1 1776.073913574 12.535000000
0.065085 0.047609 0.064920 58 437498814 18217399 1659319 16558080 436434 7 16 0 1 1569.142150879 12.320000000
0.102313 0.088613 0.095693 59 397204325 28648152 3506904 25141248 136880 12 21 0 1 1560.790405273 14.022000000
0.028776 0.013743 0.028573 61 287538568 7173016 538520 6634496 167758 5 9 0 2 1232.944641113 9.490000000
0.046984 0.032534 0.046540 64 457520160 13127863 1142967 11984896 1324915 8 18 0 1 1818.355712891 15.046000000
0.030754 0.001088 0.030292 73 674384635 8041049 66137 7974912 125545 6 18 0 2 1750.938720703 16.427000000
1.048370 1.016417 0.068605 79 601102794 23741723 6474011 17267712 1204198 12 15 0 4 1509.745178223 12.313000000
0.088267 0.051858 0.087870 98 517895137 27581575 2451591 25129984 344843 10 24 0 4 1955.346069336 15.264000000
1.211844 1.211721 0.041253 52 539346108 19779894 8617270 11162624 290085 6 14 0 2 1655.594482422 14.045000000
0.031097 0.013248 0.030646 74 272345709 9091347 485651 8605696 688956 7 15 0 3 755.343322754 6.714000000
