"Validation time(S)" "Validation time(S) CPU" "Validation time(S) GPU" "Commits" "Aborts" "Val Reads" "CPU Val Reads" "GPU Val Reads" "Wasted Val Reads" "GPU employment times" "Val success" "Val fail" "Snapshot ext. calls" "Energy (J)" "Time(S)"
1.255558 1.226747 0.072990 58 513531190 29343074 8887650 20455424 734222 11 17 0 4 1747.684020996 17.002000000
0.036470 0.002222 0.035837 74 592282124 9613887 140863 9473024 3824857 9 15 0 8 1820.473632812 15.786000000
0.025681 0.025633 0.025573 31 500663745 7715310 956910 6758400 507658 5 6 0 2 1344.737854004 16.714000000
0.016228 0.016194 0.015925 47 456988546 4585979 564731 4021248 11175 2 16 0 0 1979.720153809 18.625000000
0.079012 0.058340 0.075206 42 372215757 23971318 2164214 21807104 24342 7 17 0 0 1356.277770996 12.955000000
0.088187 0.038450 0.087666 63 597346711 22894798 1380558 21514240 165959 11 21 0 3 1917.137756348 17.070000000
1.193560 1.143094 0.069885 87 684158205 25734156 8241164 17492992 275420 10 33 0 3 2737.486572266 27.482000000
0.078426 0.060835 0.070925 60 649150387 20166055 2560423 17605632 1310742 11 20 0 4 3331.517944336 29.496000000
0.048204 0.016520 0.047592 87 250591815 14719285 796981 13922304 685181 10 22 0 5 818.973693848 6.330000000
0.059563 0.030061 0.058797 80 412621123 17201367 1229015 15972352 563936 10 24 0 3 1270.042724609 11.287000000
0.030264 0.016966 0.030036 38 607733334 9079239 676295 8402944 12473 4 10 0 0 1698.383483887 15.687000000
0.187825 0.152657 0.051986 84 261296838 20256602 4385626 15870976 833427 12 23 0 5 1399.482116699 10.554000000
1.084934 1.071545 0.049004 51 640347245 19083332 6152260 12931072 860244 8 22 0 2 2505.173950195 18.986000000
0.056153 0.034318 0.055720 50 376174049 16806866 1397714 15409152 422741 7 16 0 3 1584.193725586 12.718000000
0.150853 0.097176 0.072429 58 544853304 21707344 5791312 15916032 1145627 10 18 0 2 2242.603149414 18.262000000
1.089324 1.070860 0.047127 42 422520744 18041846 5324790 12717056 163050 7 14 0 2 1774.092712402 12.999000000
0.038643 0.013502 0.038369 38 708968869 10269618 514994 9754624 2398047 4 13 0 1 2525.050964355 18.859000000
0.067691 0.036075 0.066824 51 553745824 16112000 1457536 14654464 219709 8 9 0 1 2327.926025391 22.111000000
1.197781 1.184112 0.070179 66 712311925 26775393 8752993 18022400 631599 12 22 0 5 2866.492462158 24.643000000
1.219733 1.205864 0.034228 31 890377534 16691438 7882990 8808448 14286 5 13 0 0 2368.728637695 16.331000000
1.236564 1.205455 0.071474 46 563533826 26171254 8689526 17481728 17290 8 20 0 2 2617.821960449 22.579000000
1.088260 1.059585 0.052168 56 363042664 19079158 5123062 13956096 156051 12 15 0 2 1592.989196777 14.125000000
1.206499 1.158577 0.049326 71 640518948 21044645 8631717 12412928 820951 12 23 0 3 2920.721282959 24.184000000
0.046822 0.031430 0.046647 35 459329957 12258918 1231462 11027456 15705 6 12 0 0 1431.671752930 12.955000000
0.044896 0.031998 0.044460 55 411710131 13428991 1252607 12176384 166603 7 18 0 2 1256.291656494 11.427000000
0.979701 0.921298 0.059210 64 543143791 20129605 4292421 15837184 1281490 11 18 0 4 1716.868896484 13.573000000
1.146912 1.146760 0.077602 63 732682419 27367338 7779242 19588096 152108 13 19 0 2 2378.202514648 21.824000000
0.064211 0.064100 0.053337 33 266525698 16475572 2801076 13674496 67635 6 14 0 1 926.550598145 7.597000000
0.072629 0.072537 0.063474 50 456977962 21649648 3480816 18168832 27448 8 10 0 0 1477.444152832 14.593000000
1.070916 1.056292 0.057648 69 203763559 20366579 6489331 13877248 708975 12 17 0 4 970.800476074 14.704000000
0.111153 0.097577 0.039526 56 320514651 15259576 4615096 10644480 471914 7 12 0 2 1325.922851562 11.309000000
1.040468 1.015118 0.083994 95 431010332 25342977 5721089 19621888 1653525 17 21 0 8 1613.289794922 13.002000000
0.157397 0.126626 0.060414 86 390129019 22144820 5541684 16603136 338165 11 24 0 2 1259.045104980 11.412000000
0.066032 0.037793 0.078196 82 244895113 20326852 1651140 18675712 964651 8 23 0 2 998.166503906 7.526000000
0.147553 0.117934 0.070228 78 460887521 24145099 5401803 18743296 1115210 11 22 0 2 1885.910339355 16.468000000
0.029061 0.013731 0.028501 60 758375872 7394617 534841 6859776 109015 6 11 0 1 1881.713562012 13.683000000
0.016272 0.001024 0.015898 94 188362715 4287140 74404 4212736 2731983 11 11 0 11 742.203369141 6.252000000
1.021969 0.969170 0.053700 38 420361841 22202491 4529275 17673216 13461 8 14 0 0 1882.333068848 16.502000000
0.066059 0.030743 0.060078 42 294443882 14891386 2208122 12683264 290332 8 9 0 2 1564.141540527 12.722000000
0.048422 0.033618 0.048143 33 347232545 14502084 1649860 12852224 118594 4 9 0 1 1157.384643555 10.396000000
0.049036 0.001767 0.048556 89 428185949 12062012 110908 11951104 511806 9 21 0 5 1476.327514648 14.353000000
0.029327 0.015732 0.028807 54 600514286 8166053 495269 7670784 144679 5 20 0 4 1963.817443848 18.009000000
1.088816 1.068455 0.047675 37 487854169 20353827 5969699 14384128 4241314 6 14 0 1 1590.766296387 15.183000000
0.064754 0.045377 0.063019 73 261728852 20541829 2057605 18484224 608494 11 12 0 5 1086.448364258 9.478000000
0.055517 0.055456 0.055265 23 642934213 16490323 1993555 14496768 26319 7 9 0 0 1745.020141602 13.176000000
1.063090 1.040149 0.085314 62 569014979 32883346 8395410 24487936 23019 11 23 0 3 1326.954040527 10.160000000
0.050030 0.028388 0.049743 60 645385920 13357639 1057351 12300288 1188563 7 12 0 2 1484.353332520 12.783000000
0.112386 0.081129 0.044440 87 315511559 16149037 4355629 11793408 1134133 8 24 0 5 1278.201293945 12.473000000
0.034509 0.014150 0.034305 68 342984679 11020352 409664 10610688 261491 5 11 0 3 1702.459106445 12.698000000
0.016367 0.001255 0.016002 46 266206712 4581388 64524 4516864 1656336 4 11 0 3 892.749328613 8.412000000
