"Validation time(S)" "Validation time(S) CPU" "Validation time(S) GPU" "Commits" "Aborts" "Val Reads" "CPU Val Reads" "GPU Val Reads" "Wasted Val Reads" "GPU employment times" "Val success" "Val fail" "Snapshot ext. calls" "Energy (J)" "Time(S)"
0.260387 0.194375 0.149552 95 1128961831 43877772 3045772 40832000 1684592 23 39 0 3 4555.278930664 30.460000000
0.246933 0.167702 0.129876 99 892234893 37887855 2958191 34929664 96854 14 24 0 2 3390.247497559 26.287000000
0.247855 0.157770 0.136844 95 937502383 42497004 2205676 40291328 5917402 21 32 0 6 3126.896362305 21.599000000
0.357228 0.246192 0.148400 100 924531069 44693487 6598639 38094848 5254031 25 40 0 4 4608.005676270 30.788000000
0.887885 0.776871 0.149534 162 1093629285 49061163 5345579 43715584 1574708 35 42 0 11 3827.169189453 26.462000000
0.241604 0.196229 0.131618 143 815155041 35499073 4117569 31381504 2825739 19 27 0 6 3888.482818604 29.229000000
1.385711 1.286537 0.163050 77 1092767754 51664825 7825337 43839488 586965 21 46 0 5 4668.171081543 35.162000000
0.269482 0.201390 0.158451 154 849819297 45601472 5118656 40482816 1747300 27 43 0 5 3624.324035645 28.337000000
0.299262 0.219554 0.188663 161 948339533 55303138 5122018 50181120 2458951 28 44 0 7 3934.945373535 26.401000000
1.272900 1.176907 0.126361 247 1010015594 40886413 5663885 35222528 2240780 29 53 0 8 3845.846862793 27.514000000
0.392326 0.300599 0.205561 178 1039319197 65518526 11057086 54461440 1739779 25 34 0 9 3998.145446777 27.700000000
0.307932 0.279876 0.197414 117 1273322522 58430297 8699737 49730560 1107168 24 36 0 6 5132.028503418 45.093000000
0.315518 0.235816 0.197110 191 1128905086 59801794 5081282 54720512 947037 32 53 0 10 3773.445129395 28.146000000
0.296760 0.181035 0.186148 142 1036052281 55705180 3620444 52084736 648265 26 35 0 3 3869.522094727 26.043000000
2.606498 2.519042 0.171342 193 1071887973 65095658 17482730 47612928 1441450 31 51 0 7 5411.832275391 42.217000000
0.313841 0.252687 0.125384 126 891482873 42898521 7315545 35582976 2099996 23 40 0 8 4235.222473145 30.706000000
2.380468 2.295398 0.153276 146 1108571979 59632036 14193060 45438976 2269446 32 46 0 9 4132.999877930 30.530000000
0.266261 0.182172 0.148574 106 1004152201 44292905 3843881 40449024 1664564 22 27 0 8 4468.263244629 31.032000000
0.322879 0.211468 0.204086 183 716513717 61854954 5106922 56748032 2533185 33 50 0 8 3146.190185547 20.734000000
0.285282 0.213150 0.170164 92 1287894255 49590577 4928817 44661760 873699 23 31 0 4 4251.342468262 34.556000000
