"Validation time(S)" "Validation time(S) CPU" "Validation time(S) GPU" "Commits" "Aborts" "Val Reads" "CPU Val Reads" "GPU Val Reads" "Wasted Val Reads" "GPU employment times" "Val success" "Val fail" "Snapshot ext. calls" "Energy (J)" "Time(S)"
0.164208 0.068845 0.154083 169 781982675 40799052 3582796 37216256 1690178 21 38 0 5 3493.456726074 26.510000000
1.035800 0.996066 0.099433 108 827275816 34284449 5989281 28295168 747509 17 38 0 3 3456.675415039 26.761000000
1.230018 1.096379 0.204812 125 1218755822 62337519 7053807 55283712 2667950 29 36 0 5 4152.202758789 29.861000000
1.473343 1.425380 0.160849 112 1064639348 57905829 12759717 45146112 5556609 25 36 0 6 3443.163757324 28.272000000
1.152090 1.082518 0.149856 120 1107331817 51614061 9114989 42499072 6309291 20 29 0 4 3971.726074219 29.157000000
0.276638 0.229404 0.158585 131 935608435 51959823 5507087 46452736 62459 20 34 0 1 3394.721069336 24.645000000
2.153611 2.127282 0.128496 136 1361805062 45617255 14213223 31404032 1938734 20 36 0 5 4562.891540527 36.687000000
1.634484 1.556458 0.136542 108 2.71807e+09 42277838 9443278 32834560 2330902 16 28 0 5 9435.811157227 61.710000000
0.241464 0.220167 0.130852 104 890471213 46869794 5598498 41271296 3273331 21 29 0 6 3534.999389648 28.731000000
0.371055 0.225554 0.255764 199 958088390 72622705 5534321 67088384 3289490 34 49 0 9 4520.199432373 34.327000000
0.261000 0.177340 0.150155 147 898796547 45224375 2815415 42408960 1235700 23 49 0 9 3869.676513672 31.714000000
0.327259 0.239079 0.211699 139 743885876 60914039 5697911 55216128 3476145 33 43 0 11 4018.790283203 31.932000000
1.271418 1.198989 0.184257 115 941462522 62083526 10967494 51116032 1380078 26 39 0 6 4213.675842285 30.977000000
1.322053 1.216253 0.188933 227 984977999 61701591 7938519 53763072 2979678 36 45 0 12 4837.978515625 34.867000000
0.273902 0.161985 0.153964 110 1137587092 46579399 3201735 43377664 4840853 19 33 0 6 4675.287475586 31.630000000
0.215413 0.146960 0.101687 172 692316365 30487021 1853933 28633088 1708736 19 36 0 7 3946.099243164 31.554000000
0.220445 0.166553 0.108383 139 794447452 32190807 2825559 29365248 1547994 17 28 0 6 4198.684387207 30.931000000
0.994832 0.915465 0.135681 202 1032620230 44061542 6101862 37959680 2465132 34 47 0 7 3470.446166992 25.259000000
1.429875 1.374997 0.183256 140 1077804833 60686185 13253481 47432704 1342029 22 40 0 2 3894.985961914 30.160000000
0.291560 0.204780 0.186568 143 1013204242 46470064 4522928 41947136 5370364 28 58 0 9 4345.456237793 30.794000000
