"Validation time(S)" "Validation time(S) CPU" "Validation time(S) GPU" "Commits" "Aborts" "Val Reads" "CPU Val Reads" "GPU Val Reads" "Wasted Val Reads" "GPU employment times" "Val success" "Val fail" "Snapshot ext. calls" "Energy (J)" "Time(S)"
0.343122 0.240611 0.232831 173 1082513852 63747658 5478986 58268672 1940707 32 45 0 6 4263.120117188 31.182000000
0.202422 0.127404 0.106294 116 821852410 26042846 935390 25107456 10622357 21 32 0 8 3519.371032715 32.954000000
0.251028 0.178028 0.140235 161 630863902 41215880 2974600 38241280 1048669 22 30 0 6 2855.821838379 21.114000000
1.350782 1.237960 0.228467 155 769802394 72434768 9851984 62582784 6168302 36 68 0 11 4675.746154785 33.244000000
0.347438 0.260969 0.237378 155 897429577 72418356 6377524 66040832 3320771 30 44 0 5 4010.464782715 32.918000000
1.137750 1.075479 0.088251 72 1083315892 28017694 6052894 21964800 236456 13 27 0 3 3539.653930664 27.963000000
0.214481 0.180562 0.095812 110 1733819079 29917973 3988245 25929728 6507294 13 37 0 2 7437.131347656 61.943000000
1.344955 1.289793 0.159083 136 808663747 51990631 8669287 43321344 523401 23 36 0 5 3733.075561523 27.193000000
0.257373 0.172528 0.161392 122 649595537 44909973 3052949 41857024 261670 22 28 0 3 3325.950927734 26.019000000
0.312010 0.208307 0.215789 179 703218487 54182851 4407235 49775616 1126990 28 30 0 8 3493.845520020 28.432000000
0.217336 0.188307 0.096837 102 1131324318 30764454 3888550 26875904 827892 15 29 0 3 3858.435058594 33.176000000
0.331653 0.272065 0.139431 129 1079579377 46667363 8290915 38376448 2518565 18 25 0 4 3397.839355469 24.420000000
1.425696 1.354877 0.191855 119 986718230 58349907 10646867 47703040 2033143 22 53 0 6 4779.437561035 41.178000000
0.357213 0.268337 0.240521 171 1384832566 69570011 7640539 61929472 177476 30 44 0 2 4404.468383789 32.870000000
0.312886 0.216221 0.202131 170 978100959 54455305 5535753 48919552 1421078 28 43 0 5 4124.779663086 33.083000000
0.193605 0.143272 0.097455 194 782726057 26403103 2061599 24341504 1173611 16 49 0 10 3559.989929199 27.110000000
0.327852 0.218108 0.210600 103 887174415 61346650 6626138 54720512 222064 20 31 0 2 3375.459594727 28.688000000
1.295431 1.249774 0.132236 126 881281945 40608360 9440872 31167488 672175 18 33 0 5 3627.542724609 28.111000000
0.263443 0.218752 0.152365 144 806031064 44442507 4207499 40235008 800622 25 33 0 6 4226.428527832 33.940000000
0.233909 0.214260 0.115132 156 953646046 38195726 4910606 33285120 133645 15 41 0 2 3427.337951660 25.927000000
