"Validation time(S)" "Commits" "Aborts" "Val Reads" "Val success" "Val fail" "Energy (J)" "Time(S)"
0.273485 35000000 0 32683980 16341990 0 217.286987 9.293456078
0.273618 35000000 0 32706216 16353108 0 217.309937 9.297219038
0.273325 35000000 0 32694421 16347211 0 217.489990 9.302521944
0.272921 35000000 0 32702760 16351380 0 217.579834 9.300290823
0.272418 35000000 0 32695845 16347923 0 217.271729 9.290084124
0.271763 35000000 0 32663225 16331613 0 217.245056 9.293723822
0.274229 35000000 0 32718536 16359268 0 218.844727 9.357563972
0.272455 35000000 0 32692784 16346392 0 217.449951 9.299676895
0.272981 35000000 0 32721168 16360584 0 218.433594 9.343616009
0.271392 35000000 0 32712520 16356260 0 218.518860 9.302553177
