"Validation time(S)" "Commits" "Aborts" "Val Reads" "Val success" "Val fail" "Energy (J)" "Time(S)"
0.273549 150000000 0 54943983 15002424 0 398.773926 15.697562933
0.279397 150000000 0 55966369 15001767 0 400.598694 15.764709949
0.272157 150000000 0 53130380 15002576 0 397.431885 15.663752079
0.267419 150000000 0 53220273 15003147 0 395.614746 15.569945097
0.268581 150000000 0 53174400 15000583 0 396.939331 15.602630854
0.281084 150000000 0 52900456 15001836 0 396.920471 15.634881973
0.272667 150000000 0 54407798 15003562 0 397.688293 15.653595924
0.273177 150000000 0 56558390 15001319 0 394.707581 15.779496193
0.27121 150000000 0 53501930 15001491 0 407.173157 16.027245998
0.270635 150000000 0 54308274 15001191 0 397.331177 15.638172865
