"Validation time(S)" "Commits" "Aborts" "Val Reads" "Val success" "Val fail" "Energy (J)" "Time(S)"
0.000811 21846 0 415062 21846 0 0.930481 0.032373905
0.000781 21846 0 415062 21846 0 0.931824 0.032427073
0.000805 21846 0 415062 21846 0 0.928772 0.032379866
0.000743 21846 0 415062 21846 0 0.918884 0.032432079
0.00083 21846 0 415062 21846 0 0.928467 0.032381058
0.000797 21846 0 415062 21846 0 0.957092 0.032503843
0.000752 21846 0 415062 21846 0 0.923889 0.032387972
0.000815 21846 0 415062 21846 0 0.941223 0.032895088
0.000793 21846 0 415062 21846 0 0.948242 0.032438040
0.000767 21846 0 415062 21846 0 0.949036 0.032670975
