"Validation time(S)" "Commits" "Aborts" "Val Reads" "Val success" "Val fail" "Energy (J)" "Time(S)"
0.003643 87382 0 2184534 87382 0 293.400208 11.060112000
0.003694 87382 0 2184534 87382 0 293.067444 11.045531988
0.003666 87382 0 2184534 87382 0 293.962891 11.039726973
0.003743 87382 0 2184534 87382 0 291.268494 11.048327923
0.003738 87382 0 2184534 87382 0 292.232300 11.219572067
0.003819 87382 0 2184534 87382 0 293.995789 11.060250998
0.003748 87382 0 2184534 87382 0 292.139893 11.047674894
0.003788 87382 0 2184534 87382 0 296.690979 11.237132072
0.003875 87382 0 2184534 87382 0 294.360779 11.074377060
0.003824 87382 0 2184534 87382 0 294.051086 11.062644005
