"Validation time(S)" "Commits" "Aborts" "Val Reads" "Val success" "Val fail" "Energy (J)" "Time(S)"
6.5e-05 2731 0 35499 2731 0 0.126770 0.004349947
7.7e-05 2731 0 35499 2731 0 0.123352 0.004344940
9.6e-05 2731 0 35499 2731 0 0.124084 0.004348993
8.1e-05 2731 0 35499 2731 0 0.124329 0.004334927
7.8e-05 2731 0 35499 2731 0 0.151489 0.004370928
7.6e-05 2731 0 35499 2731 0 0.124939 0.004436016
8.2e-05 2731 0 35499 2731 0 0.124451 0.004334927
7.9e-05 2731 0 35499 2731 0 0.127625 0.004329920
9.3e-05 2731 0 35499 2731 0 0.150391 0.004339933
8.7e-05 2731 0 35499 2731 0 0.121460 0.004352808
