"Validation time(S)" "Commits" "Aborts" "Val Reads" "Val success" "Val fail" "Energy (J)" "Time(S)"
0.003652 87382 0 2184534 87382 0 82.285034 3.167423010
0.003645 87382 0 2184534 87382 0 82.322083 3.165460825
0.003685 87382 0 2184534 87382 0 81.460022 3.158768177
0.0038 87382 0 2184534 87382 0 81.540283 3.162364006
0.003631 87382 0 2184534 87382 0 83.323486 3.217411041
0.003713 87382 0 2184534 87382 0 81.443909 3.158219099
0.003763 87382 0 2184534 87382 0 82.354858 3.202023029
0.003771 87382 0 2184534 87382 0 81.775879 3.162588835
0.003728 87382 0 2184534 87382 0 83.014343 3.212696075
0.003657 87382 0 2184534 87382 0 82.692078 3.196557045
