"Validation time(S)" "Commits" "Aborts" "Val Reads" "Val success" "Val fail" "Energy (J)" "Time(S)"
5e-06 174 0 2356 144 0 0.174866 0.006866932
6e-06 174 0 2356 144 0 0.178223 0.006864786
7e-06 174 0 2356 144 0 0.201233 0.006874084
1e-06 174 0 2356 144 0 0.176453 0.006860971
4e-06 174 0 2356 144 0 0.176758 0.006855965
7e-06 174 0 2356 144 0 0.180054 0.006875992
7e-06 174 0 2356 144 0 0.201294 0.006866932
5e-06 174 0 2356 144 0 0.206421 0.006856918
5e-06 174 0 2356 144 0 0.180481 0.006859064
3e-06 174 0 2356 144 0 0.203003 0.006858110
