"Validation time(S)" "Commits" "Aborts" "Val Reads" "Val success" "Val fail" "Energy (J)" "Time(S)"
3.55611 200000 0 1859668937 178887 0 369.445129 13.163358212
3.58299 200000 0 1877098444 179112 0 368.211609 13.086379051
3.52499 200000 0 1846352001 179066 0 368.585449 13.137552023
3.51497 200000 0 1847885382 178985 0 363.143127 12.916136980
3.59034 200000 0 1874863768 178896 0 375.408081 13.366348982
3.55704 200000 0 1856726546 178993 0 367.526672 13.014004946
3.54685 200000 0 1870194254 179121 0 365.200317 12.991279840
3.5324 200000 0 1856009554 178889 0 363.350952 12.868507147
3.51594 200000 0 1850454711 179182 0 372.710510 13.199420214
3.53961 200000 0 1858109535 178918 0 365.923645 12.997439861
