"Validation time(S)" "Commits" "Aborts" "Val Reads" "Val success" "Val fail" "Energy (J)" "Time(S)"
4.74727 50000000 0 3298832438 44997596 0 582.120544 21.768550873
4.40347 50000000 0 2881779926 44997269 0 537.784851 20.119105101
4.59778 50000000 0 3180776246 44996941 0 570.231140 21.324645042
4.53179 50000000 0 3118863087 44997390 0 560.062317 20.940990925
4.46093 50000000 0 3079001980 44996080 0 554.287781 20.728279114
4.13301 50000000 0 2794852601 44997355 0 522.559082 19.538706064
4.24526 50000000 0 2902971800 44997720 0 530.683228 19.844801903
4.01372 50000000 0 2698178726 44998209 0 512.262085 19.155138016
4.16369 50000000 0 2818855979 44997839 0 520.635803 19.469902039
4.34722 50000000 0 2984584740 44998301 0 541.389526 20.241135120
