"Validation time(S)" "Commits" "Aborts" "Val Reads" "Val success" "Val fail" "Energy (J)" "Time(S)"
0.560262 15000000 0 358082458 6760838 0 286.323120 11.157524109
0.556995 15000000 0 358720279 6764771 0 284.962158 11.230824947
0.55459 15000000 0 358476125 6760056 0 279.521790 11.162303925
0.555668 15000000 0 358196490 6760432 0 281.921326 11.175686121
0.554208 15000000 0 357956340 6761772 0 284.014343 11.151612043
0.555335 15000000 0 358225476 6762328 0 278.503052 11.153429031
0.554288 15000000 0 358412537 6762816 0 279.823181 11.173735857
0.554691 15000000 0 358229891 6762654 0 278.910156 11.138167858
0.554636 15000000 0 358102803 6763894 0 279.733765 11.185358047
0.554629 15000000 0 358103816 6762070 0 283.624695 11.207803011
