"Validation time(S)" "Commits" "Aborts" "Val Reads" "Val success" "Val fail" "Energy (J)" "Time(S)"
0.548558 15000000 0 355504798 6763846 0 271.166626 11.004199982
0.553524 15000000 0 355974558 6763657 0 268.469055 10.978693008
0.552037 15000000 0 355624138 6764914 0 271.642517 11.074021101
0.551375 15000000 0 355669735 6763067 0 268.849243 10.994991064
0.552897 15000000 0 355553675 6761273 0 272.010864 11.071851969
0.550723 15000000 0 355526258 6763987 0 268.021118 10.987393856
0.551869 15000000 0 356458049 6764496 0 267.523438 11.026496172
0.551081 15000000 0 355550021 6760432 0 267.891541 10.995842934
0.549673 15000000 0 355165226 6760392 0 269.545959 10.996001959
0.551604 15000000 0 356275486 6765625 0 269.004700 11.029222965
