"Validation time(S)" "Commits" "Aborts" "Val Reads" "Val success" "Val fail" "Energy (J)" "Time(S)"
0.591301 1000000 0 297941538 95354 0 548.196228 19.965122938
0.581259 1000000 0 289912222 94967 0 538.605774 19.625854015
0.568267 1000000 0 284874284 94549 0 534.813721 19.504096985
0.570332 1000000 0 287231954 95016 0 529.882385 19.294203997
0.57122 1000000 0 288605682 94574 0 529.841064 19.300572157
0.575119 1000000 0 289742960 94856 0 529.691223 19.274066210
0.582022 1000000 0 291398017 95181 0 538.459534 19.628740072
0.569545 1000000 0 286785734 95160 0 526.046570 19.209427834
0.566261 1000000 0 285867530 94820 0 525.583984 19.154433966
0.569235 1000000 0 287408288 94380 0 531.316162 19.351476908
