"Validation time(S)" "Commits" "Aborts" "Val Reads" "Val success" "Val fail" "Energy (J)" "Time(S)"
2.61599 50000000 0 1496104944 44987084 0 445.198914 16.676906109
2.68829 50000000 0 1561163518 44987446 0 452.050171 16.915180922
2.98002 50000000 0 1799364971 44987911 0 487.118652 18.215492010
2.90587 50000000 0 1745325376 44988271 0 469.537964 17.689906120
2.73884 50000000 0 1610249036 44988272 0 453.316406 16.998991966
2.87227 50000000 0 1718775410 44987206 0 471.790955 17.659230947
2.85611 50000000 0 1706569610 44987568 0 467.813965 17.496268988
2.64839 50000000 0 1529872770 44986424 0 438.127441 16.709256887
2.81538 50000000 0 1645822197 44987295 0 460.931091 17.307684898
2.89568 50000000 0 1734828232 44988836 0 471.004700 17.624757051
