"Validation time(S)" "Commits" "Aborts" "Val Reads" "Val success" "Val fail" "Energy (J)" "Time(S)"
0.00081 47257 0 47257 47257 0 0.434265 0.015714169
0.000795 47257 0 47257 47257 0 0.417969 0.015764952
0.000759 47257 0 47257 47257 0 0.444092 0.015720129
0.000763 47257 0 47257 47257 0 0.443298 0.015724182
0.000809 47257 0 47257 47257 0 0.446289 0.015655041
0.000801 47257 0 47257 47257 0 0.406860 0.015752077
0.000803 47257 0 47257 47257 0 0.416199 0.015781879
0.00077 47257 0 47257 47257 0 0.410583 0.015704870
0.000782 47257 0 47257 47257 0 0.414490 0.015723944
0.000801 47257 0 47257 47257 0 0.411621 0.015729904
