"Validation time(S)" "Commits" "Aborts" "Val Reads" "Val success" "Val fail" "Energy (J)" "Time(S)"
0.023649 1000000 0 13019933 651055 0 91.632019 3.419888020
0.02395 1000000 0 13033464 651729 0 94.547058 3.417711973
0.023785 1000000 0 13041596 652137 0 93.491882 3.423611879
0.023602 1000000 0 13030987 651605 0 95.182068 3.417734861
0.023188 1000000 0 13021392 651125 0 92.294922 3.419505119
0.023496 1000000 0 13029485 651527 0 92.694214 3.428916931
0.023895 1000000 0 13034455 651780 0 94.408264 3.419909000
0.023248 1000000 0 13018668 650987 0 92.627441 3.425000191
0.023599 1000000 0 13019369 651025 0 95.661377 3.417804003
0.024098 1000000 0 13022029 651156 0 95.614868 3.417478800
