"Validation time(S)" "Commits" "Aborts" "Val Reads" "Val success" "Val fail" "Energy (J)" "Time(S)"
0.277585 1000000 0 179122607 1000000 0 511.626709 21.194074154
0.27771 1000000 0 179122384 1000000 0 512.972107 21.227982998
0.278692 1000000 0 179121466 1000000 0 513.196045 21.206130981
0.28021 1000000 0 179123756 1000000 0 512.332092 21.211158991
0.277107 1000000 0 179122657 1000000 0 514.688354 21.266896009
0.27752 1000000 0 179124478 1000000 0 513.072693 21.231528044
0.277186 1000000 0 179123505 1000000 0 511.674438 21.188561916
0.276207 1000000 0 179123229 1000000 0 512.105164 21.204175949
0.277757 1000000 0 179123088 1000000 0 513.419312 21.179107904
0.274897 1000000 0 179124464 1000000 0 512.508301 21.219150066
