"Validation time(S)" "Commits" "Aborts" "Val Reads" "Val success" "Val fail" "Energy (J)" "Time(S)"
0.00149 4096 0 1146657 4096 0 0.487000 0.020372152
0.001501 4096 0 1146657 4096 0 0.514099 0.020344973
0.001499 4096 0 1146657 4096 0 0.513855 0.020344973
0.001501 4096 0 1146657 4096 0 0.484558 0.020245075
0.001503 4096 0 1146657 4096 0 0.511475 0.020352840
0.001488 4096 0 1146657 4096 0 0.486877 0.020260811
0.001462 4096 0 1146657 4096 0 0.486877 0.020329952
0.001486 4096 0 1146657 4096 0 0.514526 0.020404100
0.001509 4096 0 1146657 4096 0 0.507690 0.020446062
0.001503 4096 0 1146657 4096 0 0.486755 0.020220041
