"Validation time(S)" "Commits" "Aborts" "Val Reads" "Val success" "Val fail" "Energy (J)" "Time(S)"
0.000309 4759 0 181915 3170 0 0.441528 0.014480114
0.000314 4759 0 181915 3170 0 0.468323 0.014519930
0.000299 4759 0 181915 3170 0 0.469055 0.014518023
0.000311 4759 0 181915 3170 0 0.467773 0.014971018
0.000303 4759 0 181915 3170 0 0.441528 0.014494896
0.000277 4759 0 181915 3170 0 0.469788 0.014487982
0.000304 4759 0 181915 3170 0 0.465759 0.014486074
0.000301 4759 0 181915 3170 0 0.468506 0.014492035
0.000293 4759 0 181915 3170 0 0.470764 0.014506102
0.000288 4759 0 181915 3170 0 0.441467 0.014503002
