"Validation time(S)" "Validation time(S) CPU" "Validation time(S) GPU" "Commits" "Aborts" "Val Reads" "CPU Val Reads" "GPU Val Reads" "Wasted Val Reads" "GPU employment times" "Val success" "Val fail" "Snapshot ext. calls" "Energy (J)" "Time(S)"
0.003333 0.003233 0.000000 7689 19107564 892246 892246 0 0 0 478 108 9 227.796997 5.136000000
0.002749 0.002656 0.000000 7844 17362043 754137 754137 0 0 0 421 101 11 223.799866 5.137000000
0.002731 0.002632 0.000000 7722 18785146 710863 710863 0 0 0 439 106 5 224.236938 5.143000000
0.002971 0.002874 0.000000 7722 18802089 804991 804991 0 0 0 448 105 10 228.228271 5.144000000
0.003076 0.002966 0.000000 8133 17892420 828044 828044 0 0 0 495 122 8 237.738220 5.148000000
0.002673 0.002589 0.000000 7477 19246816 751344 751344 0 0 0 415 111 9 225.169006 5.144000000
0.003174 0.003057 0.000000 8099 19228497 871348 871348 0 0 0 503 120 9 226.449463 5.137000000
0.002893 0.002797 0.000000 7974 18400138 817767 817767 0 0 0 472 126 3 226.247864 5.148000000
0.002930 0.002839 0.000000 7722 18972632 806176 806176 0 0 0 461 116 12 225.389099 5.137000000
0.002844 0.002761 0.000000 7375 18819142 792348 792348 0 0 0 419 101 11 224.123779 5.140000000
0.002847 0.002750 0.000000 7669 17586555 772264 772264 0 0 0 450 120 5 223.913635 5.141000000
0.002600 0.002500 0.000000 7506 17940406 725286 725286 0 0 0 429 118 9 218.922241 5.132000000
0.002907 0.002796 0.000000 7304 19654858 788263 788263 0 0 0 466 116 4 222.483704 5.137000000
0.002732 0.002642 0.000000 7666 19562948 801729 801729 0 0 0 426 111 5 224.427490 5.142000000
0.002706 0.002611 0.000000 7845 19850864 771131 771131 0 0 0 436 114 5 224.389343 5.134000000
0.002776 0.002686 0.000000 7646 18518634 759986 759986 0 0 0 450 109 5 223.483215 5.132000000
0.002884 0.002782 0.000000 7747 19512955 821851 821851 0 0 0 459 104 8 224.627563 5.150000000
0.002716 0.002635 0.000000 7722 18898577 770355 770355 0 0 0 417 110 5 225.482971 5.143000000
0.002700 0.002599 0.000000 7734 18368968 750579 750579 0 0 0 429 114 10 223.984253 5.136000000
0.002886 0.002779 0.000000 7754 18288586 808985 808985 0 0 0 467 124 9 224.947083 5.143000000
0.002880 0.002790 0.000000 7790 18049592 793210 793210 0 0 0 448 119 8 223.892090 5.145000000
0.002838 0.002749 0.000000 7929 18294572 771367 771367 0 0 0 429 118 5 225.314697 5.158000000
0.002761 0.002672 0.000000 7995 19040735 769176 769176 0 0 0 433 116 5 226.367126 5.146000000
0.003075 0.002970 0.000000 7489 20047958 882065 882065 0 0 0 468 115 18 225.236572 5.138000000
0.002715 0.002621 0.000000 7785 18231359 778670 778670 0 0 0 409 113 6 223.310913 5.145000000
0.002774 0.002684 0.000000 7698 18988311 767939 767939 0 0 0 430 112 8 223.737061 5.133000000
0.002575 0.002475 0.000000 7663 17577537 695586 695586 0 0 0 419 103 9 225.671509 5.145000000
0.002924 0.002824 0.000000 7663 19893031 827183 827183 0 0 0 460 111 10 224.518005 5.133000000
0.003169 0.003065 0.000000 7352 18707175 842938 842938 0 0 0 468 118 5 225.831421 5.150000000
0.002756 0.002659 0.000000 7339 18542879 745712 745712 0 0 0 435 101 8 224.314453 5.150000000
0.003364 0.003254 0.000000 7935 20683872 927399 927399 0 0 0 504 109 17 225.572205 5.142000000
0.002932 0.002822 0.000000 7586 19171678 830497 830497 0 0 0 460 112 10 222.471252 5.137000000
0.002726 0.002634 0.000000 8219 17793726 741310 741310 0 0 0 451 111 2 225.836914 5.145000000
