"Validation time(S)" "Validation time(S) CPU" "Validation time(S) GPU" "Commits" "Aborts" "Val Reads" "CPU Val Reads" "GPU Val Reads" "Wasted Val Reads" "GPU employment times" "Val success" "Val fail" "Snapshot ext. calls" "Energy (J)" "Time(S)"
0.000125 0.000114 0.000049 52 41645726 33079 22327 10752 1171169 2 3 2 2 295.385498 6.192000000
0.000254 0.000240 0.000046 52 40684045 61512 50760 10752 1565073 2 3 2 2 282.521179 6.131000000
0.000160 0.000150 0.000028 52 39897415 39893 34517 5376 1261910 2 3 2 1 271.391479 6.009000000
0.000210 0.000197 0.000050 52 42488266 50330 39578 10752 4666462 2 5 3 2 293.455872 6.304000000
0.000288 0.000276 0.000046 52 36622627 72681 61929 10752 933737 2 3 2 2 283.105713 6.027000000
0.000116 0.000104 0.000049 53 29526099 30903 20151 10752 936017 2 2 2 2 278.432434 6.017000000
0.000157 0.000143 0.000070 53 26691062 52788 36660 16128 1444365 3 0 3 3 255.405090 5.537000000
0.000347 0.000332 0.000083 52 38701177 86834 70706 16128 367392 3 3 3 3 281.682983 5.997000000
0.000119 0.000104 0.000068 53 36337216 42545 26417 16128 5505767 3 1 3 3 292.623169 6.279000000
0.000329 0.000301 0.000070 53 27502735 77413 61285 16128 342623 3 3 3 3 273.894165 5.892000000
0.000238 0.000226 0.000046 52 40176769 57340 46588 10752 684743 2 3 2 2 274.067505 6.076000000
0.000117 0.000102 0.000083 53 30051046 46604 25100 21504 2643740 4 0 4 4 286.940125 6.207000000
0.000069 0.000057 0.000050 63 30965166 20226 9474 10752 2004656 2 0 2 2 263.874878 5.741000000
0.000347 0.000326 0.000117 50 67125549 96390 69510 26880 5814657 5 2 6 5 275.079407 5.919000000
0.000130 0.000117 0.000045 63 32003580 37239 26487 10752 2094937 2 2 3 2 274.621521 5.974000000
0.000236 0.000224 0.000051 52 40857458 56474 45722 10752 684064 2 3 2 2 271.254517 6.081000000
0.000164 0.000148 0.000076 52 42003209 46680 30552 16128 999647 3 3 3 3 293.027161 6.328000000
0.000225 0.000211 0.000077 52 38050495 59330 43202 16128 1725544 3 3 3 3 275.392456 5.982000000
0.000425 0.000402 0.000109 52 40354977 110687 89183 21504 6282376 4 1 5 4 273.553467 5.931000000
0.000271 0.000258 0.000067 53 28180968 76944 60816 16128 2074129 3 0 3 3 283.434265 6.112000000
0.000160 0.000145 0.000065 52 39016481 45911 29783 16128 1154948 3 4 3 3 275.651550 5.938000000
0.000109 0.000096 0.000049 52 39726039 28192 17440 10752 604655 2 2 2 2 273.699951 5.924000000
0.000036 0.000029 0.000026 52 44316768 10619 5243 5376 79955 1 0 1 1 282.914368 6.138000000
0.000355 0.000341 0.000079 52 40210172 89768 73640 16128 806544 3 3 3 3 282.212158 6.072000000
0.000434 0.000411 0.000121 52 73546766 105912 79032 26880 1915981 5 3 7 5 282.538208 6.126000000
0.000403 0.000383 0.000113 50 65527292 108587 81707 26880 4663006 5 2 6 5 268.661926 5.794000000
0.000139 0.000132 0.000024 52 48604140 29060 23684 5376 45170 1 3 1 1 289.271667 6.320000000
0.000102 0.000093 0.000027 52 45158133 22949 17573 5376 141253 1 4 2 1 284.229858 6.128000000
0.000194 0.000184 0.000053 52 39943186 51456 40704 10752 441103 2 0 2 2 279.653381 6.031000000
0.000341 0.000324 0.000124 53 28151242 95408 73904 21504 1306584 4 0 4 4 275.301270 5.916000000
0.000282 0.000267 0.000074 52 39404268 76185 60057 16128 4594289 3 1 4 3 269.290161 5.831000000
0.000219 0.000201 0.000068 53 29397334 59730 43602 16128 3621550 3 3 3 3 285.023010 6.109000000
0.000221 0.000207 0.000067 53 33801140 61297 45169 16128 174047 3 0 3 3 276.103516 5.916000000
