"Validation time(S)" "Validation time(S) CPU" "Validation time(S) GPU" "Commits" "Aborts" "Val Reads" "CPU Val Reads" "GPU Val Reads" "Wasted Val Reads" "GPU employment times" "Val success" "Val fail" "Snapshot ext. calls" "Energy (J)" "Time(S)"
0.000340 0.000319 0.000124 52 42277418 91089 64209 26880 4152017 5 1 6 5 290.897705 6.301000000
0.000162 0.000146 0.000071 53 29525673 45788 29660 16128 2087097 3 3 3 3 276.096497 5.962000000
0.000320 0.000303 0.000103 52 41964112 84609 63105 21504 796520 4 1 5 4 287.802307 6.144000000
0.000170 0.000158 0.000046 52 40981967 40555 29803 10752 2473968 2 2 2 2 296.787476 6.307000000
0.000108 0.000093 0.000067 52 36056311 34349 18221 16128 1642107 3 1 3 3 273.879150 5.927000000
0.000136 0.000121 0.000063 52 39035808 39185 23057 16128 1131112 3 2 3 3 277.547546 5.994000000
0.000242 0.000228 0.000097 53 28502853 71200 55072 16128 1279361 3 0 3 3 284.853027 5.968000000
0.000117 0.000101 0.000070 53 26613552 46589 25085 21504 1101005 4 0 4 4 266.652283 5.729000000
0.000342 0.000318 0.000135 52 43651898 98497 66241 32256 2582066 6 1 7 6 294.692322 6.343000000
0.000218 0.000204 0.000072 52 38405649 57091 40963 16128 850002 3 3 3 3 273.795288 5.916000000
0.000264 0.000250 0.000075 52 40971305 65499 49371 16128 3027564 3 2 3 3 287.940857 6.251000000
0.000125 0.000113 0.000042 52 42548673 32888 22136 10752 3486404 2 3 2 2 293.083008 6.324000000
0.000177 0.000166 0.000050 53 27783043 51824 41072 10752 1263454 2 0 2 2 268.251587 5.954000000
0.000216 0.000198 0.000071 52 42758766 62357 46229 16128 5049651 4 4 3 3 303.182922 6.574000000
0.000304 0.000291 0.000098 53 32850919 88526 72398 16128 170734 3 0 3 3 273.820984 5.923000000
0.000250 0.000232 0.000098 50 78533014 70659 49155 21504 4606088 4 1 5 4 249.890442 5.480000000
0.000306 0.000291 0.000071 53 29443053 73668 57540 16128 1347549 3 2 3 3 273.562988 6.100000000
0.000070 0.000058 0.000039 52 40516597 22823 12071 10752 1017360 2 2 2 2 286.660400 6.186000000
0.000322 0.000300 0.000079 52 40288108 72043 50539 21504 865508 4 2 5 4 268.267944 5.834000000
0.000104 0.000092 0.000041 52 40944005 26327 15575 10752 896303 2 2 2 2 283.173340 6.163000000
0.000321 0.000302 0.000117 63 32874736 93410 71906 21504 5353894 4 2 5 4 288.291077 6.759000000
0.000095 0.000080 0.000069 53 34374246 35908 19780 16128 1442985 3 0 3 3 281.803040 6.071000000
0.000156 0.000137 0.000125 53 27938997 57607 36103 21504 3207346 4 0 4 4 285.312683 6.145000000
0.000235 0.000218 0.000063 63 27321119 70635 54507 16128 1899037 4 1 4 4 259.759766 5.665000000
0.000269 0.000255 0.000078 52 37846896 70364 54236 16128 552066 3 2 3 3 277.513123 6.033000000
0.000205 0.000197 0.000024 52 47065390 41226 35850 5376 78778 1 3 2 1 289.335510 6.184000000
0.000213 0.000202 0.000046 52 39576717 50894 40142 10752 499657 2 2 2 2 273.172791 6.054000000
0.000139 0.000128 0.000049 52 39010224 36610 25858 10752 487178 2 2 2 2 271.161987 6.054000000
0.000381 0.000363 0.000073 53 26225364 106042 84538 21504 717858 4 0 4 4 275.163330 5.922000000
0.000163 0.000149 0.000070 52 40632493 45112 28984 16128 2199855 3 3 3 3 287.594543 6.227000000
0.000305 0.000286 0.000066 52 40192063 74322 58194 16128 5040367 4 4 3 3 291.241699 6.271000000
0.000190 0.000179 0.000049 52 40918646 47594 36842 10752 648202 2 1 2 2 278.001465 6.157000000
0.000269 0.000257 0.000052 52 40299144 63772 53020 10752 698551 2 3 2 2 283.078613 6.089000000
