"Validation time(S)" "Validation time(S) CPU" "Validation time(S) GPU" "Commits" "Aborts" "Val Reads" "CPU Val Reads" "GPU Val Reads" "Wasted Val Reads" "GPU employment times" "Val success" "Val fail" "Snapshot ext. calls" "Energy (J)" "Time(S)"
0.002982 0.002887 0.000000 7649 19556545 845162 845162 0 0 0 455 122 9 224.653442 5.134000000
0.003046 0.002943 0.000000 7896 18093873 857926 857926 0 0 0 465 120 9 229.026306 5.170000000
0.002840 0.002747 0.000000 7618 19350469 801725 801725 0 0 0 445 101 8 224.531677 5.132000000
0.003106 0.003004 0.000000 7795 20122260 868126 868126 0 0 0 507 115 8 225.083008 5.136000000
0.002836 0.002753 0.000000 8063 18499949 814048 814048 0 0 0 427 112 6 225.384033 5.146000000
0.003042 0.002950 0.000000 7948 20957082 868596 868596 0 0 0 457 120 4 226.243408 5.156000000
0.003088 0.002985 0.000000 8422 20387221 869797 869797 0 0 0 470 110 7 225.356445 5.139000000
0.002892 0.002790 0.000000 7621 19562928 766164 766164 0 0 0 450 109 5 224.459473 5.146000000
0.002978 0.002882 0.000000 7974 19421860 813007 813007 0 0 0 473 123 7 225.283081 5.145000000
0.003036 0.002932 0.000000 7477 18060273 841020 841020 0 0 0 476 119 15 225.576599 5.144000000
0.003157 0.003059 0.000000 7984 17089824 886799 886799 0 0 0 474 123 2 224.129822 5.156000000
0.002700 0.002607 0.000000 7776 17913273 745068 745068 0 0 0 417 107 7 223.990234 5.138000000
0.002849 0.002753 0.000000 7698 19328855 799220 799220 0 0 0 458 121 10 223.914490 5.134000000
0.002966 0.002873 0.000000 7768 19333932 809298 809298 0 0 0 481 113 14 219.608093 5.138000000
0.002949 0.002850 0.000000 7771 19761245 845880 845880 0 0 0 476 111 9 224.036011 5.139000000
0.002912 0.002822 0.000000 8092 17969193 818771 818771 0 0 0 448 111 7 224.833130 5.146000000
0.002869 0.002770 0.000000 7919 17112294 791078 791078 0 0 0 445 134 9 224.802185 5.137000000
0.002922 0.002825 0.000000 8184 20966711 816012 816012 0 0 0 450 105 8 220.874512 5.137000000
0.002988 0.002873 0.000000 8093 17925948 810404 810404 0 0 0 460 104 7 219.454773 5.143000000
0.002905 0.002807 0.000000 7464 20216467 801397 801397 0 0 0 442 108 3 223.656311 5.140000000
0.002892 0.002801 0.000000 7491 18678800 821124 821124 0 0 0 458 118 7 224.136047 5.146000000
0.002968 0.002869 0.000000 7896 17960147 837713 837713 0 0 0 469 118 9 223.258667 5.148000000
0.002720 0.002630 0.000000 7477 18421565 782932 782932 0 0 0 447 116 6 225.715698 5.139000000
0.002972 0.002867 0.000000 8221 17885144 820695 820695 0 0 0 499 114 8 225.937439 5.145000000
0.002898 0.002805 0.000000 7702 18852668 799612 799612 0 0 0 447 104 11 224.240906 5.145000000
0.002785 0.002683 0.000000 8022 18209820 755919 755919 0 0 0 427 118 7 225.437988 5.147000000
0.002730 0.002642 0.000000 7458 18458132 728407 728407 0 0 0 408 108 8 225.345520 5.150000000
0.002939 0.002847 0.000000 7443 19700702 803153 803153 0 0 0 438 103 13 224.726074 5.145000000
0.003144 0.003030 0.000000 7968 19395342 852744 852744 0 0 0 493 121 16 226.245605 5.145000000
0.003024 0.002911 0.000000 7943 20636018 844873 844873 0 0 0 445 128 8 220.639282 5.132000000
0.002738 0.002648 0.000000 7560 19383865 737030 737030 0 0 0 421 110 6 226.045410 5.133000000
0.002894 0.002800 0.000000 8022 18079141 777704 777704 0 0 0 466 108 7 226.417847 5.141000000
0.003039 0.002935 0.000000 7843 19551642 818042 818042 0 0 0 444 111 6 225.597961 5.133000000
