"Validation time(S)" "Validation time(S) CPU" "Validation time(S) GPU" "Commits" "Aborts" "Val Reads" "CPU Val Reads" "GPU Val Reads" "Wasted Val Reads" "GPU employment times" "Val success" "Val fail" "Snapshot ext. calls" "Energy (J)" "Time(S)"
0.002974 0.002877 0.000000 7543 19389807 844612 844612 0 0 0 452 116 8 225.170837 5.144000000
0.002664 0.002586 0.000000 7341 18754313 757079 757079 0 0 0 393 102 3 222.977234 5.132000000
0.002765 0.002679 0.000000 7501 19864479 782954 782954 0 0 0 426 112 8 224.123169 5.148000000
0.002970 0.002875 0.000000 7719 19389075 798776 798776 0 0 0 444 117 4 226.886719 5.130000000
0.003016 0.002910 0.000000 7376 19321737 877325 877325 0 0 0 489 120 8 224.106384 5.143000000
0.002890 0.002794 0.000000 7911 19552419 792945 792945 0 0 0 449 110 7 224.434692 5.131000000
0.002640 0.002537 0.000000 7754 18680063 711847 711847 0 0 0 431 110 10 222.582642 5.137000000
0.002895 0.002797 0.000000 7724 20468849 812362 812362 0 0 0 448 111 11 224.195312 5.133000000
0.002823 0.002722 0.000000 7919 19904089 787377 787377 0 0 0 440 113 6 225.459717 5.151000000
0.002748 0.002653 0.000000 7816 18959478 768420 768420 0 0 0 409 97 7 220.292297 5.145000000
0.002936 0.002843 0.000000 7948 19294908 812469 812469 0 0 0 458 115 8 225.605469 5.148000000
0.002970 0.002866 0.000000 7804 17011997 831219 831219 0 0 0 462 103 5 224.726746 5.149000000
0.002706 0.002606 0.000000 7816 18114321 757635 757635 0 0 0 427 113 6 219.301575 5.134000000
0.002697 0.002598 0.000000 7586 18849425 786382 786382 0 0 0 424 112 7 224.793274 5.142000000
0.002948 0.002858 0.000000 7475 19083477 782201 782201 0 0 0 429 108 5 225.031250 5.141000000
0.003228 0.003128 0.000000 7903 18806676 927980 927980 0 0 0 505 120 9 219.440308 5.143000000
0.002943 0.002852 0.000000 7984 18474058 814898 814898 0 0 0 453 115 6 225.242065 5.137000000
0.002745 0.002660 0.000000 7790 18434439 726769 726769 0 0 0 410 105 9 225.586609 5.155000000
0.003158 0.003053 0.000000 7804 20236001 881804 881804 0 0 0 469 121 7 224.661316 5.140000000
0.002831 0.002731 0.000000 8244 18407133 812369 812369 0 0 0 440 118 5 224.932800 5.153000000
0.002896 0.002806 0.000000 7621 18244753 798688 798688 0 0 0 470 106 11 224.121826 5.150000000
0.002837 0.002749 0.000000 7724 20528712 783227 783227 0 0 0 444 116 15 225.458313 5.146000000
0.002719 0.002626 0.000000 7674 19419431 764050 764050 0 0 0 442 109 11 226.149841 5.152000000
0.003087 0.002985 0.000000 7747 18814210 839182 839182 0 0 0 465 118 8 225.632507 5.143000000
0.002754 0.002660 0.000000 7781 18514260 768774 768774 0 0 0 445 108 6 219.517212 5.152000000
0.002658 0.002579 0.000000 7339 18209690 746744 746744 0 0 0 394 104 7 225.713074 5.159000000
0.002636 0.002548 0.000000 7830 17696460 744532 744532 0 0 0 416 104 4 226.964050 5.142000000
0.002931 0.002836 0.000000 8099 19398313 826180 826180 0 0 0 444 121 3 225.874512 5.144000000
0.003141 0.003038 0.000000 7903 19046558 862791 862791 0 0 0 482 100 14 228.290100 5.178000000
0.003214 0.003117 0.000000 7935 18881432 896952 896952 0 0 0 497 109 6 225.612793 5.140000000
0.003025 0.002924 0.000000 7649 18754535 855495 855495 0 0 0 461 129 5 226.295715 5.142000000
0.003080 0.002977 0.000000 7825 19882576 859128 859128 0 0 0 483 132 11 224.772583 5.145000000
0.003001 0.002901 0.000000 7896 18383526 853057 853057 0 0 0 459 114 9 224.655640 5.136000000
