"Validation time(S)" "Validation time(S) CPU" "Validation time(S) GPU" "Commits" "Aborts" "Val Reads" "CPU Val Reads" "GPU Val Reads" "Wasted Val Reads" "GPU employment times" "Val success" "Val fail" "Snapshot ext. calls" "Energy (J)" "Time(S)"
0.003002 0.002899 0.000000 7984 18983671 828825 828825 0 0 0 455 104 3 234.360535 5.147000000
0.003047 0.002937 0.000000 7777 18090562 833950 833950 0 0 0 464 118 6 224.566528 5.139000000
0.002589 0.002493 0.000000 7444 18778811 706892 706892 0 0 0 412 109 8 223.630920 5.138000000
0.002870 0.002776 0.000000 7737 19414658 795452 795452 0 0 0 461 104 2 234.569763 5.140000000
0.002827 0.002734 0.000000 7666 18238294 777292 777292 0 0 0 435 113 8 228.816711 5.142000000
0.002590 0.002506 0.000000 7371 18386982 720656 720656 0 0 0 381 109 5 232.113953 5.139000000
0.002714 0.002622 0.000000 7513 19163748 755145 755145 0 0 0 424 110 4 224.275208 5.139000000
0.002513 0.002426 0.000000 7705 17623760 703266 703266 0 0 0 412 108 10 225.040100 5.141000000
0.002955 0.002848 0.000000 8123 19030511 810213 810213 0 0 0 481 107 6 225.045105 5.143000000
0.002978 0.002864 0.000000 8018 19088821 854326 854326 0 0 0 500 125 5 226.429810 5.149000000
0.002886 0.002798 0.000000 7974 18086757 820069 820069 0 0 0 451 118 3 225.489929 5.146000000
0.003064 0.002960 0.000000 7901 18206590 868984 868984 0 0 0 462 114 8 224.711853 5.135000000
0.002957 0.002866 0.000000 7734 19297206 834621 834621 0 0 0 434 106 8 223.827698 5.142000000
0.002774 0.002688 0.000000 7948 18080819 773969 773969 0 0 0 429 98 12 224.877197 5.140000000
0.002984 0.002893 0.000000 8098 19329895 827810 827810 0 0 0 439 109 8 224.468872 5.135000000
0.002877 0.002773 0.000000 7912 18856823 799880 799880 0 0 0 469 116 3 224.276062 5.141000000
0.002978 0.002875 0.000000 7782 19228449 881958 881958 0 0 0 475 127 13 224.507446 5.151000000
0.002847 0.002750 0.000000 7910 18602950 786703 786703 0 0 0 459 111 5 225.513855 5.148000000
0.002722 0.002638 0.000000 7649 19530288 780544 780544 0 0 0 432 121 7 224.636414 5.139000000
0.002614 0.002521 0.000000 7804 18525328 733421 733421 0 0 0 411 107 5 223.113281 5.148000000
0.002929 0.002832 0.000000 7836 19328513 806757 806757 0 0 0 457 108 3 223.922546 5.146000000
0.003100 0.003007 0.000000 7456 18665550 873326 873326 0 0 0 458 110 9 223.700012 5.143000000
0.002948 0.002843 0.000000 7935 19502209 845443 845443 0 0 0 496 120 9 227.368408 5.158000000
0.002753 0.002663 0.000000 8016 17833556 754064 754064 0 0 0 446 104 7 226.087280 5.160000000
0.002815 0.002715 0.000000 7722 19052501 801754 801754 0 0 0 443 121 9 222.898926 5.139000000
0.002984 0.002884 0.000000 7658 18078174 821494 821494 0 0 0 443 125 12 224.412415 5.141000000
0.002957 0.002855 0.000000 7805 19078264 841215 841215 0 0 0 463 121 4 225.983398 5.138000000
0.003088 0.002984 0.000000 7848 20624388 870189 870189 0 0 0 480 134 12 225.242554 5.134000000
0.003029 0.002932 0.000000 7352 20293988 862720 862720 0 0 0 459 102 7 224.742249 5.141000000
0.002901 0.002805 0.000000 7894 19461414 839941 839941 0 0 0 466 119 8 225.607605 5.141000000
0.002751 0.002655 0.000000 7781 19086298 801145 801145 0 0 0 433 112 8 225.788635 5.141000000
0.002805 0.002719 0.000000 7586 18074170 757938 757938 0 0 0 413 112 6 226.082031 5.153000000
0.002859 0.002755 0.000000 7722 19216451 841514 841514 0 0 0 445 102 13 224.795898 5.138000000
