"Validation time(S)" "Validation time(S) CPU" "Validation time(S) GPU" "Commits" "Aborts" "Val Reads" "CPU Val Reads" "GPU Val Reads" "Wasted Val Reads" "GPU employment times" "Val success" "Val fail" "Snapshot ext. calls" "Energy (J)" "Time(S)"
0.000176 0.000161 0.000074 52 39726309 48753 32625 16128 1775522 3 1 3 3 284.896973 6.180000000
0.000143 0.000131 0.000045 63 32014778 45672 34920 10752 5915539 2 3 3 2 294.906433 6.672000000
0.000171 0.000156 0.000071 52 36972487 47824 31696 16128 1758492 3 2 3 3 269.218811 5.838000000
0.000126 0.000115 0.000061 52 41445785 25985 15233 10752 1156841 2 2 2 2 295.403076 6.158000000
0.000329 0.000315 0.000070 52 38828363 82695 66567 16128 504271 3 3 3 3 277.338684 5.986000000
0.000230 0.000218 0.000066 53 27211192 72777 56649 16128 1410465 3 1 4 3 277.085754 5.931000000
0.000188 0.000178 0.000050 52 46563514 50162 39410 10752 268841 2 1 2 2 286.781189 6.196000000
0.000250 0.000237 0.000048 52 41531348 59835 49083 10752 1530368 2 3 2 2 284.915222 6.149000000
0.000249 0.000237 0.000051 52 39796186 60122 49370 10752 498191 2 4 2 2 276.629700 6.022000000
0.000411 0.000388 0.000110 52 67268878 109232 82352 26880 5321311 5 4 7 5 285.178833 6.171000000
0.000338 0.000322 0.000103 53 35555190 94294 72790 21504 3858829 4 1 4 4 289.552368 6.216000000
0.000123 0.000108 0.000068 50 89333291 39869 23741 16128 5480713 3 2 5 3 275.953979 6.060000000
0.000145 0.000125 0.000109 52 46019384 53834 26954 26880 3662332 5 1 6 5 287.164429 6.211000000
0.000157 0.000143 0.000072 52 43102115 44873 28745 16128 1316085 3 3 3 3 297.911072 6.457000000
0.000174 0.000149 0.000107 52 66892538 58428 31548 26880 6027359 5 4 7 5 285.586975 6.186000000
0.000226 0.000208 0.000086 54 52297964 72185 50681 21504 8260044 4 1 4 4 303.981384 7.076000000
0.000230 0.000206 0.000120 52 43188254 67433 40553 26880 1464942 5 1 6 5 288.203308 6.205000000
0.000183 0.000172 0.000046 52 41041171 49284 38532 10752 1210891 2 1 2 2 279.726807 6.098000000
0.000166 0.000150 0.000048 52 38126601 39614 28862 10752 871236 3 3 3 3 281.371765 6.130000000
0.000416 0.000402 0.000072 52 39945474 103498 87370 16128 1408789 3 4 3 3 281.341248 6.116000000
0.000225 0.000210 0.000073 52 41097603 59775 43647 16128 1172464 3 4 3 3 286.302979 6.244000000
0.000189 0.000178 0.000043 52 40039492 48637 37885 10752 528636 2 1 2 2 275.596313 6.029000000
0.000175 0.000160 0.000083 52 39418507 50619 34491 16128 5096662 3 4 3 3 293.466187 6.380000000
0.000068 0.000057 0.000050 53 28431889 22768 12016 10752 650261 2 0 2 2 266.072998 5.733000000
0.000304 0.000290 0.000068 52 40667070 80126 63998 16128 2669959 3 2 3 3 287.197144 6.190000000
0.000216 0.000198 0.000102 52 45026993 65758 44254 21504 4671095 4 2 6 4 298.388306 6.449000000
0.000208 0.000197 0.000048 52 41268116 48912 38160 10752 1319755 2 2 2 2 291.566833 6.303000000
0.000136 0.000111 0.000049 52 38793573 35272 24520 10752 484797 2 4 3 2 274.421387 5.925000000
0.000097 0.000086 0.000051 52 40259812 30796 20044 10752 642724 2 2 2 2 286.255493 6.172000000
0.000145 0.000131 0.000067 52 39877271 37735 21607 16128 914532 3 2 3 3 280.729675 6.077000000
0.000094 0.000082 0.000043 52 42137573 28388 17636 10752 4373574 2 3 1 2 297.246094 6.398000000
0.000235 0.000217 0.000098 53 34917390 70116 53988 16128 4746346 4 1 3 3 285.122192 6.101000000
0.000234 0.000223 0.000046 52 39524160 58151 47399 10752 644393 2 3 2 2 270.378296 6.053000000
