"Validation time(S)" "Validation time(S) CPU" "Validation time(S) GPU" "Commits" "Aborts" "Val Reads" "CPU Val Reads" "GPU Val Reads" "Wasted Val Reads" "GPU employment times" "Val success" "Val fail" "Snapshot ext. calls" "Energy (J)" "Time(S)"
0.002316 0.002268 0.000390 243 64399928 535383 470871 64512 11494560 12 6 13 13 962.290588 20.477000000
0.001997 0.001964 0.000154 185 71393579 430732 393100 37632 3476394 7 6 9 8 949.034607 20.284000000
0.002017 0.001988 0.000145 173 52202376 424374 386742 37632 10391624 7 5 6 7 969.621521 20.868000000
0.002287 0.002245 0.000244 146 66298121 503824 450064 53760 13489563 10 6 12 11 952.914246 20.379000000
0.002052 0.002020 0.000182 152 104437424 432276 394644 37632 9693691 7 8 8 8 983.912170 21.474000000
0.002232 0.002194 0.000192 166 57673391 460900 423268 37632 7707301 8 8 11 10 970.153015 20.551000000
0.002234 0.002190 0.000236 132 48540651 479377 430993 48384 15195508 10 9 12 10 955.633789 20.420000000
0.001918 0.001886 0.000166 132 89376189 402691 370435 32256 6335414 7 5 9 8 993.322937 21.561000000
0.002211 0.002166 0.000227 156 59859163 470083 421699 48384 6832258 10 6 11 10 988.761719 21.003000000
0.002631 0.002566 0.000406 137 67022254 588321 507681 80640 23611119 15 10 17 15 951.225586 20.312000000
0.002499 0.002433 0.000344 161 81492263 548828 478940 69888 11872423 15 5 14 15 966.919189 20.430000000
