"Validation time(S)" "Validation time(S) CPU" "Validation time(S) GPU" "Commits" "Aborts" "Val Reads" "CPU Val Reads" "GPU Val Reads" "Wasted Val Reads" "GPU employment times" "Val success" "Val fail" "Snapshot ext. calls" "Energy (J)" "Time(S)"
0.002189 0.002149 0.000147 123 63339065 469319 431687 37632 11415919 8 12 12 9 960.374695 20.383000000
0.001787 0.001763 0.000164 141 95306156 376993 350113 26880 2415819 5 2 5 5 1000.216553 21.206000000
0.001712 0.001704 0.000046 141 117695916 342848 332096 10752 591293 2 1 2 2 952.405090 20.624000000
0.002463 0.002407 0.000343 103 75092681 528217 463705 64512 8380242 13 8 17 15 962.141907 20.484000000
0.002240 0.002207 0.000182 200 67218286 470402 438146 32256 9216104 7 8 9 7 965.930664 20.535000000
0.002485 0.002450 0.000338 184 41182708 563601 515217 48384 12142602 9 5 10 9 923.486145 20.475000000
0.002437 0.002391 0.000356 141 69021659 544913 485777 59136 16818461 11 3 10 11 967.371582 20.702000000
0.002297 0.002255 0.000272 130 45975891 496435 442675 53760 8858969 10 3 11 10 987.923035 21.033000000
0.002118 0.002072 0.000229 118 42460651 461371 412987 48384 16859240 10 13 16 12 992.996216 21.121000000
0.002116 0.002072 0.000273 176 63968573 462931 409171 53760 5477152 10 4 11 11 994.561279 21.274000000
0.002031 0.001994 0.000182 110 72451380 428253 385245 43008 10563667 8 6 11 10 997.042297 21.258000000
