"Validation time(S)" "Validation time(S) CPU" "Validation time(S) GPU" "Commits" "Aborts" "Val Reads" "CPU Val Reads" "GPU Val Reads" "Wasted Val Reads" "GPU employment times" "Val success" "Val fail" "Snapshot ext. calls" "Energy (J)" "Time(S)"
0.002283 0.002237 0.000258 140 70705144 481552 433168 48384 13312240 9 5 8 10 980.912842 21.535000000
0.002273 0.002217 0.000277 134 52202830 511696 447184 64512 21234980 13 4 12 14 947.868347 20.160000000
0.001980 0.001961 0.000096 126 71676832 412661 391157 21504 2845027 4 5 7 6 954.415833 20.262000000
0.002217 0.002173 0.000318 169 70785365 497875 444115 53760 9583183 10 6 12 12 960.582764 20.566000000
0.002281 0.002237 0.000180 172 61660776 491810 448802 43008 7962326 9 5 10 9 970.302368 20.777000000
0.002212 0.002155 0.000326 160 41315930 487681 423169 64512 20017400 12 9 12 12 1006.344421 21.489000000
0.002355 0.002310 0.000191 155 38212218 528972 475212 53760 16472534 10 6 12 11 969.386780 20.671000000
0.002163 0.002118 0.000272 147 72857247 471476 423092 48384 5512548 10 6 11 11 964.882141 20.507000000
0.002545 0.002495 0.000215 122 51166311 451689 403305 48384 18874352 10 11 10 11 947.124695 20.421000000
0.002672 0.002616 0.000284 116 67941648 566330 507194 59136 10876330 13 8 15 12 948.917908 20.118000000
0.002123 0.002067 0.000252 150 29465506 465300 406164 59136 23624300 11 9 11 12 956.642273 20.344000000
0.002425 0.002382 0.000196 126 66383425 527302 478918 48384 7382582 9 7 14 14 962.312683 20.327000000
0.001768 0.001752 0.000070 178 77018286 357697 341569 16128 4278915 3 2 3 4 958.342651 20.374000000
0.002341 0.002284 0.000280 135 72607184 505139 446003 59136 18909031 12 10 14 12 957.531189 20.205000000
0.002066 0.002025 0.000327 153 35603778 460497 412113 48384 18603911 9 9 9 9 968.681641 20.580000000
0.002526 0.002461 0.000356 170 57698133 566116 490852 75264 12365557 14 5 14 15 963.015503 20.551000000
0.002468 0.002403 0.000286 131 60085619 542567 478055 64512 20696569 13 7 10 12 954.751282 20.363000000
0.002327 0.002280 0.000257 161 36774717 508499 449363 59136 14125574 11 4 10 11 952.758484 20.386000000
0.002598 0.002543 0.000372 144 50076650 588400 523888 64512 13333058 12 3 11 12 1004.305359 21.797000000
0.002293 0.002244 0.000351 163 70494018 512745 453609 59136 10353567 11 6 13 13 1036.811157 22.505000000
0.002333 0.002286 0.000246 136 60346555 525379 471619 53760 21337738 10 4 9 10 957.483704 20.112000000
0.001978 0.001946 0.000320 149 75430176 446589 403581 43008 7204463 8 4 7 8 979.259094 20.918000000
0.002552 0.002507 0.000231 155 22238813 534529 486145 48384 9358535 9 13 13 11 993.996033 21.256000000
0.002100 0.002070 0.000160 143 77471172 441717 409461 32256 8603775 7 4 7 7 1007.408508 21.302000000
0.002147 0.002110 0.000180 153 80624794 438989 406733 32256 9304261 7 5 6 6 961.101013 20.598000000
0.002076 0.002033 0.000219 128 63409032 445689 397305 48384 13805112 9 8 11 10 977.791260 20.808000000
0.002075 0.002014 0.318548 119 86555656 439375 380239 59136 18204496 12 14 16 13 973.412170 20.568000000
0.001842 0.001816 0.000124 161 79746664 382303 355423 26880 5461076 5 5 5 5 975.764893 20.781000000
0.002507 0.002465 0.000216 137 82214019 538045 495037 43008 7043048 10 6 10 9 951.723877 20.336000000
0.002264 0.002223 0.000236 160 70668765 490276 447268 43008 7539900 9 5 10 9 978.752869 20.749000000
0.001746 0.001735 0.000057 170 57687262 351890 341138 10752 4702943 2 5 3 2 996.805786 21.065000000
