"Validation time(S)" "Validation time(S) CPU" "Validation time(S) GPU" "Commits" "Aborts" "Val Reads" "CPU Val Reads" "GPU Val Reads" "Wasted Val Reads" "GPU employment times" "Val success" "Val fail" "Snapshot ext. calls" "Energy (J)" "Time(S)"
0.002498 0.002448 0.000231 157 31455755 533767 480007 53760 17002802 11 11 14 11 976.780579 21.227000000
0.002750 0.002682 0.000506 132 27840902 626237 545597 80640 20734141 15 11 16 15 988.707275 21.646000000
0.002004 0.001978 0.000139 214 76984036 411685 379429 32256 7108453 6 5 7 7 966.979919 20.681000000
0.002866 0.002799 0.000403 126 56424929 633196 557932 75264 20882352 16 8 14 16 955.843994 20.511000000
0.002065 0.002031 0.000214 187 57571344 441642 398634 43008 6921315 8 3 7 8 1011.828064 21.400000000
0.002329 0.002279 0.000184 252 49172612 507184 453424 53760 8990464 11 12 17 13 945.873169 20.246000000
0.002212 0.002160 0.000254 189 40231944 484095 424959 59136 20964136 11 12 12 11 950.401245 20.266000000
0.002489 0.002435 0.000359 145 36631965 554150 489638 64512 17630255 12 8 12 13 975.652039 20.891000000
0.002075 0.002035 0.000238 144 54228551 441585 393201 48384 9681254 9 6 12 11 987.658997 21.079000000
0.002104 0.002067 0.000239 149 62285718 444734 407102 37632 12421523 8 6 10 10 940.541565 20.415000000
0.001964 0.001923 0.000195 163 68904775 416049 373041 43008 17061748 8 11 11 9 975.631165 20.759000000
0.002154 0.002116 0.000264 161 70843164 469445 431813 37632 22519025 8 6 7 7 956.549438 20.131000000
0.002377 0.002316 0.000426 158 80562788 536605 472093 64512 10855539 13 5 13 14 970.113220 20.677000000
0.001939 0.001915 0.000130 158 109172303 415194 382938 32256 3609727 6 2 6 6 960.695007 20.191000000
0.002926 0.002839 0.000403 184 49869574 669493 572725 96768 14863722 19 12 22 19 958.620911 20.487000000
0.002561 0.002490 0.000340 161 23401590 570211 489571 80640 29579919 15 9 14 15 966.651062 20.523000000
0.002003 0.001973 0.000174 123 98923280 415734 378102 37632 11556722 7 7 9 8 959.619263 20.350000000
0.001901 0.001881 0.000108 143 87833981 412090 385210 26880 5972361 5 3 7 5 957.724609 20.376000000
0.002244 0.002145 0.000277 138 36855842 487304 422792 64512 13036334 12 7 15 14 1008.984314 21.409000000
0.002113 0.002073 0.000171 206 32648243 443791 406159 37632 12341295 8 10 11 8 1023.549255 22.239000000
0.002089 0.002047 0.000184 151 71060065 441573 398565 43008 11644117 8 4 11 11 980.118103 20.817000000
0.002514 0.002462 0.000362 163 37579306 575376 521616 53760 15684502 11 10 11 10 956.746643 20.336000000
0.002239 0.002205 0.000142 153 65553233 450405 418149 32256 5582915 6 7 6 6 1021.676758 21.660000000
0.002574 0.002511 0.000315 182 46545201 560768 485504 75264 23312427 14 10 15 15 955.168945 20.225000000
0.002089 0.002048 0.000236 193 37435768 454098 405714 48384 7344191 9 9 10 10 1005.623535 21.305000000
0.002435 0.002381 0.000314 142 64075873 537848 478712 59136 14489649 11 7 12 13 996.447998 21.236000000
0.002393 0.002340 0.000310 173 38361999 529509 481125 48384 14382268 10 7 14 12 978.353027 21.208000000
0.002015 0.001987 0.000242 181 90210360 438767 406511 32256 11004579 6 4 6 6 967.545044 20.439000000
0.002301 0.002266 0.000174 174 34001686 488585 445577 43008 15701901 8 7 7 8 967.392517 20.549000000
0.002262 0.002216 0.000214 148 48045855 488074 439690 48384 16374283 10 10 11 11 972.809814 20.683000000
0.002467 0.002410 0.000385 143 48179580 565914 490650 75264 19664183 14 8 16 14 968.208130 20.675000000
