"Validation time(S)" "Validation time(S) CPU" "Validation time(S) GPU" "Commits" "Aborts" "Val Reads" "CPU Val Reads" "GPU Val Reads" "Wasted Val Reads" "GPU employment times" "Val success" "Val fail" "Snapshot ext. calls" "Energy (J)" "Time(S)"
0.001735 0.001715 0.000101 170 104306562 353694 332190 21504 838230 4 2 5 5 1023.032532 21.698000000
0.002227 0.002187 0.000213 122 52570464 467262 424254 43008 5468961 8 8 11 9 952.928772 20.472000000
0.002479 0.002412 0.000366 203 38099350 532744 457480 75264 19691875 15 10 15 16 956.443665 20.400000000
0.002193 0.002155 0.000195 177 42416180 481095 432711 48384 12546488 9 5 7 9 1002.977539 21.347000000
0.001751 0.001736 0.000077 168 96474120 350040 333912 16128 5047987 3 2 4 3 999.705750 21.367000000
0.002472 0.002427 0.000228 230 25502546 521212 478204 43008 11952114 10 13 10 9 951.803467 20.344000000
0.002310 0.002269 0.000287 132 92680821 499450 451066 48384 8820735 10 4 10 10 965.711853 20.663000000
0.001875 0.001850 0.000099 142 87901788 385246 358366 26880 6845001 5 2 7 8 948.932068 20.237000000
0.003083 0.003005 0.000578 107 27492364 712773 616005 96768 19401765 18 8 20 19 951.622437 20.217000000
0.001851 0.001814 0.000180 134 99020034 393620 350612 43008 6229464 8 6 10 8 971.106018 20.501000000
0.001940 0.001917 0.000153 114 52381952 405247 378367 26880 11954815 5 6 5 5 953.298401 20.390000000
0.003203 0.003113 0.000509 120 20116978 730009 617113 112896 18780014 21 12 27 22 948.842102 20.365000000
0.002377 0.002344 0.000137 134 85733427 426591 388959 37632 4297421 7 2 9 8 996.500916 21.228000000
0.002420 0.002379 0.000199 156 38155053 482736 445104 37632 11005348 8 11 10 9 961.473938 20.345000000
0.002366 0.002304 0.000293 178 44475355 538302 473790 64512 22427272 14 9 16 13 956.740112 20.247000000
0.002664 0.002600 0.000384 122 58748338 599623 524359 75264 10746398 14 9 17 14 999.519775 21.439000000
0.002438 0.002392 0.000214 135 69483835 519395 476387 43008 16049419 9 10 12 11 950.865173 20.258000000
0.002276 0.002234 0.000195 153 60045329 502066 453682 48384 11562595 9 9 12 9 954.782593 20.349000000
0.002126 0.002109 0.000134 191 64259315 438293 416789 21504 7100876 4 8 5 4 998.180176 21.179000000
0.002033 0.002005 0.000139 167 85016812 429665 397409 32256 6354591 6 6 7 6 971.756409 20.603000000
0.002156 0.002113 0.000210 147 66502473 484899 431139 53760 5007932 10 3 11 12 1015.354492 21.551000000
0.002464 0.002416 0.000242 142 61148978 560759 501623 59136 17039234 11 5 11 11 963.980835 20.441000000
0.002433 0.002390 0.000345 165 32249595 549666 490530 59136 18313445 11 6 9 11 959.438477 20.490000000
0.002271 0.002222 0.000285 171 39139248 493290 439530 53760 24815616 10 5 10 12 965.111084 20.569000000
0.001918 0.001898 0.000088 162 78927643 396127 374623 21504 6086588 4 5 4 4 970.564453 20.569000000
0.002152 0.002122 0.000139 122 102396180 445938 419058 26880 6966688 6 9 8 6 986.498108 20.905000000
0.002405 0.002360 0.000398 148 70542506 556525 497389 59136 11938972 11 3 10 11 968.238037 20.613000000
0.002073 0.002038 0.000274 158 85910894 465852 422844 43008 10441865 8 7 9 8 981.686707 20.698000000
0.002023 0.001984 0.000254 146 56941748 436093 393085 43008 6965520 9 6 10 9 961.992981 20.548000000
0.002291 0.002246 0.000217 162 44774137 481138 432754 48384 6792390 9 4 9 9 972.071167 20.668000000
0.002658 0.002598 0.000328 172 81327040 574799 510287 64512 9260359 14 5 18 17 952.668762 20.203000000
