"Validation time(S)" "Validation time(S) CPU" "Validation time(S) GPU" "Commits" "Aborts" "Val Reads" "CPU Val Reads" "GPU Val Reads" "Wasted Val Reads" "GPU employment times" "Val success" "Val fail" "Snapshot ext. calls" "Energy (J)" "Time(S)"
0.007842 0.007662 0.000000 14118 40466933 1844505 1844505 0 0 0 782 257 8 893.388672 20.182000000
0.007987 0.007803 0.000000 13951 37178288 1904841 1904841 0 0 0 801 242 11 889.581055 20.200000000
0.007434 0.007272 0.000000 14851 37459974 1742507 1742507 0 0 0 744 221 9 889.692749 20.188000000
0.007442 0.007272 0.000000 14145 35674616 1740501 1740501 0 0 0 782 256 5 895.981506 20.209000000
0.007256 0.007110 0.000000 15196 40629446 1707229 1707229 0 0 0 723 205 4 897.728821 20.184000000
0.006882 0.006736 0.000000 14783 34220469 1552687 1552687 0 0 0 689 218 10 894.117310 20.195000000
0.006882 0.006739 0.000000 15389 35910198 1565209 1565209 0 0 0 677 195 5 888.842407 20.186000000
0.007534 0.007363 0.000000 14102 36667868 1809682 1809682 0 0 0 754 256 3 891.937195 20.193000000
0.007837 0.007670 0.000000 14476 37714980 1816220 1816220 0 0 0 748 228 4 892.143311 20.197000000
0.007234 0.007084 0.000000 14546 38213531 1680207 1680207 0 0 0 715 217 12 897.637146 20.189000000
0.007339 0.007183 0.000000 15444 35216372 1710272 1710272 0 0 0 724 226 9 897.208130 20.186000000
