"Validation time(S)" "Validation time(S) CPU" "Validation time(S) GPU" "Commits" "Aborts" "Val Reads" "CPU Val Reads" "GPU Val Reads" "Wasted Val Reads" "GPU employment times" "Val success" "Val fail" "Snapshot ext. calls" "Energy (J)" "Time(S)"
0.007888 0.007704 0.000000 13909 34355301 1844646 1844646 0 0 0 830 271 11 894.607544 20.189000000
0.007072 0.006917 0.000000 15028 36148603 1628437 1628437 0 0 0 684 219 10 895.196777 20.191000000
0.006713 0.006566 0.000000 14976 36468588 1571164 1571164 0 0 0 660 199 9 893.748169 20.195000000
0.007709 0.007547 0.000000 15348 35226154 1852140 1852140 0 0 0 782 239 6 878.758301 20.202000000
0.006712 0.006566 0.000000 14206 36087878 1577787 1577787 0 0 0 686 208 6 895.090210 20.198000000
0.007163 0.007008 0.000000 15338 33312896 1730944 1730944 0 0 0 752 262 9 896.016235 20.205000000
0.007275 0.007109 0.000000 14811 38060113 1698613 1698613 0 0 0 737 217 6 896.940979 20.193000000
0.007038 0.006889 0.000000 14481 36665500 1651147 1651147 0 0 0 725 220 8 889.628235 20.195000000
0.006925 0.006790 0.000000 14073 35071295 1609490 1609490 0 0 0 662 210 7 890.817505 20.186000000
0.007362 0.007176 0.000000 15309 36894441 1749184 1749184 0 0 0 730 241 10 897.395508 20.195000000
0.007286 0.007131 0.000000 15309 41008858 1760032 1760032 0 0 0 726 231 8 896.464478 20.196000000
