"Validation time(S)" "Validation time(S) CPU" "Validation time(S) GPU" "Commits" "Aborts" "Val Reads" "CPU Val Reads" "GPU Val Reads" "Wasted Val Reads" "GPU employment times" "Val success" "Val fail" "Snapshot ext. calls" "Energy (J)" "Time(S)"
0.007366 0.007185 0.000000 14630 40688717 1766094 1766094 0 0 0 760 241 6 895.310242 20.186000000
0.007114 0.006971 0.000000 14816 36811563 1623775 1623775 0 0 0 683 213 4 895.601562 20.182000000
0.006785 0.006643 0.000000 14986 38825188 1547890 1547890 0 0 0 657 190 7 888.872986 20.184000000
0.007106 0.006953 0.000000 15426 38030914 1639867 1639867 0 0 0 701 221 7 895.989319 20.200000000
0.007004 0.006869 0.000000 14929 39559615 1653388 1653388 0 0 0 684 226 10 892.301636 20.197000000
0.008235 0.008077 0.000000 14179 34871620 1872053 1872053 0 0 0 769 231 11 891.178711 20.194000000
0.007364 0.007195 0.000000 14611 35405047 1741862 1741862 0 0 0 739 232 7 893.390137 20.193000000
0.007570 0.007418 0.000000 14581 37888070 1724736 1724736 0 0 0 741 243 13 893.068970 20.203000000
0.007935 0.007752 0.000000 15265 36159812 1886256 1886256 0 0 0 796 262 17 870.612305 20.203000000
0.007498 0.007329 0.000000 14832 37046495 1770524 1770524 0 0 0 761 237 10 897.546204 20.194000000
0.007323 0.007176 0.000000 15206 35089781 1728570 1728570 0 0 0 736 224 4 898.327942 20.195000000
