"Validation time(S)" "Commits" "Aborts" "Val Reads" "Val success" "Val fail" "Energy (J)" "Time(S)"
0.004043 11291 6569 1486264 33832 6569 0.559021 0.015325785
0.004029 11291 6020 1405348 32915 6020 0.497559 0.012114048
0.003829 11291 5817 1402052 31622 5817 0.436707 0.011331081
0.019714 11291 6674 1211923 27841 6674 0.941711 0.034090042
0.003705 11291 6413 1385146 31927 6413 0.665100 0.020670891
0.003748 11291 6007 1396080 32479 6007 0.295898 0.006450891
0.003912 11291 6196 1433158 33537 6196 0.664734 0.020517111
0.00405 11291 6084 1404237 31854 6084 0.495789 0.013792992
0.003993 11291 6137 1448416 32718 6137 0.289856 0.004472017
0.004073 11291 6053 1427824 33025 6053 0.303223 0.005856991
0.00304 11291 5362 1147241 26815 5362 0.612976 0.020962954
0.003904 11291 6003 1413647 32772 6003 0.278503 0.005040169
0.00279 11291 5589 1088329 25916 5589 0.533691 0.016058922
0.003423 11291 6275 1234976 28671 6275 0.294006 0.006551027
0.004027 11291 6086 1433434 32540 6086 0.326111 0.006862879
0.003853 11291 5846 1388493 32891 5846 0.286072 0.004523993
0.0039 11291 6359 1437930 33704 6359 0.282776 0.005673885
0.003541 11291 6404 1245335 28756 6404 0.574463 0.017486095
0.003304 11291 6757 1190866 27912 6757 0.819702 0.028407097
0.003677 11291 5799 1322689 31341 5799 0.759766 0.025228977
0.003893 11291 6276 1446448 32669 6276 0.619141 0.020447016
0.003876 11291 6314 1397046 32213 6314 0.305603 0.005769014
0.003539 11291 5671 1357229 31202 5671 0.274414 0.004922867
