"Validation time(S)" "Commits" "Aborts" "Val Reads" "Val success" "Val fail" "Energy (J)" "Time(S)"
17.6529 23428157 530684 4880547923 81400494 530684 338.213013 6.781123161
23.9889 23428157 519007 4775440201 80274546 519007 362.749146 7.420342207
26.8819 23428157 524694 4784047422 80953138 524694 365.058960 7.373000145
22.0442 23428157 535122 4813425783 80704213 535122 363.015564 7.554411173
15.4568 23428157 531092 4817644365 81081986 531092 344.618042 7.211381197
17.3683 23428157 528638 4811023460 80917426 528638 349.710693 7.321238995
13.158 23428157 530559 4823371232 81423366 530559 341.892700 7.254698992
14.8933 23428157 529853 4768691744 81060275 529853 344.737000 7.314825058
17.8004 23428157 532888 4833635191 81323918 532888 349.710876 7.345387936
13.1889 23428157 523468 4810841417 81306943 523468 337.375854 7.101412058
29.9927 23428157 538462 4820128251 80900308 538462 388.999756 7.947468996
16.1358 23428157 522865 4784120823 80352319 522865 348.885681 7.388505936
19.4245 23428157 527549 4765770484 80399335 527549 355.353271 7.395724058
12.6442 23428157 530976 4823766204 80984684 530976 337.439026 7.199372053
19.4963 23428157 530627 4796554363 80363882 530627 351.393555 7.228669882
13.7259 23428157 530107 4801985576 80879542 530107 340.686462 7.221910954
16.2627 23428157 530890 4868703556 81088134 530890 344.623413 7.235489845
11.8819 23428157 530290 4830161029 80494694 530290 335.197449 7.160051107
18.0528 23428157 523460 4793743501 81106322 523460 354.341919 7.315257072
15.6044 23428157 531453 4821652756 80936436 531453 343.325256 7.185991049
11.8324 23428157 532276 4827219014 81134198 532276 337.185181 7.209833860
22.2216 23428157 523987 4845166104 80482018 523987 367.095154 7.634160995
19.6106 23428157 527327 4846554337 80997386 527327 352.806702 7.424605846
