"Validation time(S)" "Commits" "Aborts" "Val Reads" "Val success" "Val fail" "Energy (J)" "Time(S)"
0.023297 87413 10062 4933609 251223 10062 175.030090 3.658009052
0.049568 87413 10187 5060846 257788 10187 246.994934 5.254788160
0.080581 87413 3994 1898216 101427 3994 172.075195 3.637002945
0.01189 87413 4781 2325385 123341 4781 173.557007 3.605700016
0.030805 87413 10293 5137442 260749 10293 180.197083 3.716994047
0.04332 87413 7227 3583005 181413 7227 194.575989 4.208556175
0.020744 87413 9325 4600536 234562 9325 211.342407 4.379243851
0.017598 87413 6150 2997889 151287 6150 175.751160 3.654205084
0.028261 87413 9249 4574261 232430 9249 217.028320 4.634000063
0.117571 87413 9550 4656203 234906 9550 243.322327 4.974503994
0.167198 87413 10372 5163113 261140 10372 235.431946 5.014198065
0.034268 87413 10456 5129614 260276 10456 251.660339 5.317353964
0.011653 87413 5583 2606333 137597 5583 176.552002 3.704701900
0.023117 87413 10210 5038645 254980 10210 236.574829 5.121525049
0.137021 87413 10367 5126552 261017 10367 185.504211 3.964516878
0.128674 87413 10303 5029102 254574 10303 190.769409 3.945098162
0.062624 87413 10255 5169455 261567 10255 171.814880 3.603656054
0.070266 87413 10177 5039239 255434 10177 203.349915 4.258341074
0.034968 87413 10275 5091317 257820 10275 203.434875 4.267966032
0.107533 87413 8993 4390117 223094 8993 230.496033 4.825977087
0.020458 87413 9522 4742242 241505 9522 197.062012 4.184869051
0.021419 87413 9869 4904081 249548 9869 237.878540 4.902478933
0.07477 87413 10567 5209964 264566 10567 201.006897 4.204061031
