"Validation time(S)" "Commits" "Aborts" "Val Reads" "Val success" "Val fail" "Energy (J)" "Time(S)"
1e-06 2762 1 198 42 1 0.483582 0.014721870
0.000336 2762 271 60315 6397 271 0.429504 0.012926102
1e-06 2762 1 83 14 1 0.466797 0.014863014
0 2762 0 81 8 0 0.427429 0.012485981
0.000404 2762 339 73520 7687 339 0.493591 0.012826920
0.000394 2762 280 66025 6852 280 0.520813 0.013958931
0.0004 2762 317 72755 7578 317 0.339661 0.007567883
1e-06 2762 0 260 32 0 0.776306 0.029750109
3e-06 2762 1 805 130 1 0.299072 0.007529020
4e-06 2762 2 746 102 2 0.645874 0.023496866
0.00037 2762 293 65989 6942 293 0.278503 0.006011009
0.000388 2762 308 68744 7113 308 0.545654 0.015760899
3e-06 2762 1 522 119 1 0.411133 0.012702942
0.000348 2762 344 70012 7337 344 0.573120 0.015780926
0.000412 2762 334 72546 7534 334 0.290833 0.006170988
0.000349 2762 324 67778 7175 324 0.655212 0.023977041
0.000347 2762 266 60906 6424 266 0.828979 0.023926020
0.000292 2762 296 64374 6814 296 0.329712 0.007429838
0.000359 2762 308 66303 6986 308 0.501404 0.015302896
0 2762 0 83 6 0 0.390808 0.010642052
0 2762 0 95 14 0 0.480225 0.017502069
1.4e-05 2762 17 4891 508 17 0.446838 0.014749050
0.000368 2762 292 64079 6808 292 0.823486 0.026889801
