"Validation time(S)" "Commits" "Aborts" "Val Reads" "Val success" "Val fail" "Energy (J)" "Time(S)"
1e-06 188 30 114 92 0 0.796997 0.024334192
4e-06 188 19 11 70 3 0.558716 0.015092850
1e-06 188 7 0 41 0 0.631042 0.024299145
5e-06 188 37 171 103 5 0.453796 0.009191990
1e-06 188 35 19 90 0 0.431274 0.008190870
3e-06 188 17 105 73 3 0.438599 0.011661053
2e-06 188 42 13 99 2 0.405029 0.007791996
3e-06 188 41 45 106 2 0.399658 0.007748842
1e-06 188 40 24 96 1 0.397522 0.007428169
1e-06 188 41 50 99 3 0.458618 0.008959055
2e-06 188 41 78 98 3 0.425110 0.008474112
2e-06 188 40 47 96 7 0.428589 0.008255959
1e-06 188 43 39 102 3 0.486389 0.009696960
2e-06 188 34 19 96 0 0.693604 0.020541906
2e-06 188 25 59 81 1 0.452576 0.011043072
1e-06 188 40 28 102 1 0.468811 0.008846045
6e-06 188 45 103 106 2 0.843262 0.024176121
6e-06 188 40 16 99 2 0.448181 0.009433031
1e-06 188 40 0 96 0 0.484680 0.010149002
3e-06 188 35 48 97 2 0.831421 0.026572943
4e-06 188 38 70 91 4 0.438354 0.009257793
2e-06 188 43 125 106 2 0.446228 0.007940054
1e-06 188 19 87 70 4 0.437622 0.011100054
