"Validation time(S)" "Commits" "Aborts" "Val Reads" "Val success" "Val fail" "Energy (J)" "Time(S)"
12.3797 100000000 20599001 2221803308 36125540 20599001 801.325500 13.962430000
12.1241 100000000 20133986 2380592097 36998417 20133986 829.527405 14.395616055
9.51259 100000000 22467757 1902961849 32815890 22467757 750.927734 13.132146835
9.98548 100000000 21119755 2011299675 35162086 21119755 758.723938 13.178824902
9.63732 100000000 22034473 2095214604 33974281 22034473 761.231934 13.245798826
10.5688 100000000 21381582 2071042775 34912282 21381582 769.940308 13.362080097
12.8181 100000000 20806106 2246286092 36080341 20806106 806.664185 13.932680130
8.44337 100000000 21820862 2087050818 34248602 21820862 766.450134 13.308238029
9.00728 100000000 21285559 2116803243 35168786 21285559 786.177734 13.659044981
8.2735 100000000 21239459 2084989648 34937659 21239459 754.020813 13.056411028
16.8148 100000000 19170771 2405321798 38711778 19170771 835.510559 14.396455050
10.606 100000000 22156053 2050498927 34161332 22156053 774.094666 13.421891928
10.0433 100000000 21481260 2029691524 34472644 21481260 744.041260 12.915245056
