"Validation time(S)" "Commits" "Aborts" "Val Reads" "Val success" "Val fail" "Energy (J)" "Time(S)"
17.0046 400000 101754 1593547822 166341 101754 381.589844 5.631221056
14.6068 400000 101909 1559587896 164036 101909 378.648499 5.611577988
17.4471 400000 103646 1587659190 165448 103646 384.657654 5.685940027
14.4539 400000 104137 1579438084 165459 104137 384.249390 5.638432980
15.9785 400000 102093 1573729888 164437 102093 378.965637 5.651313066
15.3797 400000 108074 1568914234 162473 108074 380.816650 5.628076077
14.1366 400000 103172 1540864157 162284 103172 380.082520 5.592325926
15.6873 400000 105339 1594709203 166772 105339 380.624817 5.565468073
16.0128 400000 103967 1555479067 163218 103967 377.445007 5.644167900
18.0618 400000 106738 1620084993 168035 106738 385.617554 5.634715080
14.1654 400000 104037 1591583266 165487 104037 384.613464 5.640807867
14.5322 400000 105775 1565575027 163461 105775 377.324219 5.589370966
15.8088 400000 104420 1572842399 163670 104420 386.355652 5.664966106
