"Validation time(S)" "Commits" "Aborts" "Val Reads" "Val success" "Val fail" "Energy (J)" "Time(S)"
0.539919 15000000 8853 18309095 1146629 8853 66.306763 1.138868809
5.21197 15000000 1208 16663629 1057433 1208 83.746582 1.781165123
1.33122 15000000 2590 16558430 1063490 2590 93.871033 3.006891966
2.16264 15000000 3788 16188571 1021246 3788 86.871704 2.287575960
2.39697 15000000 3829 16636011 1045888 3829 86.856506 2.338921070
4.5217 15000000 2788 16593280 1057256 2788 82.802490 1.718489885
3.1126 15000000 4575 17205891 1071448 4575 76.779053 1.519751072
3.10215 15000000 2803 17028900 1072253 2803 93.021118 2.637424946
2.31693 15000000 2585 16064587 1025698 2585 93.420898 2.843914032
3.59414 15000000 1001 15539577 1001466 1001 85.111023 2.141593933
2.88019 15000000 2648 15378471 991619 2648 106.956848 3.703090191
3.05474 15000000 2646 15980107 1009470 2646 84.370361 2.061004877
4.40524 15000000 3026 15252724 989281 3026 81.255554 1.766453981
3.44454 15000000 264 17077586 1077120 264 74.124268 1.314587116
4.59235 15000000 2894 16607686 1046194 2894 78.891846 1.458415985
4.15003 15000000 2424 16562039 1049389 2424 78.143555 1.422426939
2.93662 15000000 1663 15521042 992760 1663 92.866150 2.653618097
3.53211 15000000 1912 15353835 988997 1912 88.080383 2.359463215
0.492583 15000000 5823 16612449 1057160 5823 66.230408 1.121716022
3.53584 15000000 2805 17868781 1118366 2805 85.068909 2.028321981
2.05383 15000000 2122 15109861 980870 2122 106.232666 3.716643810
2.17556 15000000 3205 15972473 1028352 3205 84.791870 2.152851105
3.24195 15000000 984 15784548 1016321 984 89.132019 2.204468012
2.65968 15000000 1945 15813075 1009046 1945 105.547546 3.588558912
4.64172 15000000 1692 15549048 1007884 1692 79.323303 1.427469015
2.25829 15000000 2952 15911869 1016603 2952 89.038696 2.444431067
4.2193 15000000 2804 16093240 1031139 2804 82.012817 1.715732098
5.90704 15000000 3107 16335574 1039450 3107 83.085327 1.597784996
2.357 15000000 3199 16803609 1061874 3199 90.883911 2.580112934
4.9841 15000000 2809 17138295 1091352 2809 79.311157 1.395352840
