"Validation time(S)" "Commits" "Aborts" "Val Reads" "Val success" "Val fail" "Energy (J)" "Time(S)"
1.39651 15000000 6795 18825348 922526 6795 133.531006 4.536219120
0.057009 15000000 5640 19811665 927601 5640 138.042725 4.847602844
0.511119 15000000 6125 17723613 877132 6125 131.538513 4.549695015
2.70374 15000000 1420 17918799 887549 1420 129.775391 4.072920084
0.054317 15000000 4531 19344326 912620 4531 139.769104 4.972765923
0.68663 15000000 6987 21362979 993797 6987 139.697937 4.904050112
0.04912 15000000 3118 16673721 820116 3118 134.501526 4.687160015
0.059084 15000000 6646 20967962 976548 6646 138.226440 4.872285128
0.041402 15000000 5623 14228769 721264 5623 135.380554 4.837143898
4.23148 15000000 5411 20979434 999742 5411 122.608337 3.260829926
0.939038 15000000 5618 19502930 953946 5618 130.636719 4.387593985
1.55337 15000000 3939 18256716 887864 3939 140.478699 5.011950970
1.42995 15000000 5389 17334889 841569 5389 136.002991 4.651144028
5.56824 15000000 3953 21605150 1037974 3953 126.541748 3.509466887
2.95727 15000000 6328 18905516 925900 6328 125.744629 3.789309025
1.49549 15000000 7451 21617774 998676 7451 140.549255 4.795702934
2.79634 15000000 9898 21303492 1028854 9898 124.611328 3.713320017
3.29351 15000000 11967 20282232 986416 11967 127.135010 3.731902122
0.062985 15000000 4997 22294864 1032820 4997 140.814941 5.036288023
0.055734 15000000 4232 18986969 912680 4232 137.550293 4.870008945
1.09404 15000000 5643 19156449 914758 5643 136.447876 4.622575045
4.00014 15000000 4048 25895353 1160741 4048 153.446594 5.226561069
3.26079 15000000 5917 20237020 951747 5917 132.712708 4.020118952
1.52028 15000000 15235 16611479 841012 15235 122.102173 3.607622862
0.053109 15000000 6882 18424351 873780 6882 138.783997 4.868408918
0.057384 15000000 6647 19188307 922392 6647 137.242004 4.844436169
0.057536 15000000 6231 19883403 947369 6231 136.741089 4.739464998
2.98066 15000000 7148 21260125 1022271 7148 124.239746 3.574558020
0.067192 15000000 12220 21329054 1018416 12220 122.898376 3.788733006
0.053045 15000000 6416 18204696 864422 6416 138.250671 4.827528954
