"Validation time(S)" "Commits" "Aborts" "Val Reads" "Val success" "Val fail" "Energy (J)" "Time(S)"
0.014646 25000000 224 2438805 177564 224 84.798950 1.825606108
0.014685 25000000 1641 2552607 183527 1641 85.370178 1.850970984
0.016106 25000000 1718 2557785 183189 1718 85.206787 1.848279953
0.504051 25000000 162 2500204 179571 162 84.951843 1.827007055
0.014908 25000000 625 2598165 189514 625 84.641724 1.848987818
0.015971 25000000 966 2616416 188500 966 84.095886 1.819651127
0.014549 25000000 1259 2507994 181899 1259 84.517090 1.828345060
0.015161 25000000 2047 2579353 184887 2047 84.881287 1.833967924
0.015688 25000000 1601 2614970 188040 1601 84.556946 1.845022917
0.015418 25000000 529 2534088 183487 529 84.665649 1.826288939
0.01564 25000000 424 2577085 188689 424 84.136047 1.818567038
0.014757 25000000 324 2563639 185792 324 85.752747 1.876909971
0.014708 25000000 1232 2533412 183409 1232 84.564209 1.832636833
0.014899 25000000 1834 2509135 181178 1834 84.902100 1.840691090
0.015816 25000000 1026 2584998 186967 1026 85.415466 1.849003792
0.01504 25000000 1674 2615937 187991 1674 85.189636 1.846580029
0.014249 25000000 1517 2464421 177595 1517 85.181519 1.850410938
0.015583 25000000 1960 2637351 189445 1960 84.429016 1.829362869
0.426117 25000000 72 2527259 183382 72 86.368103 1.867174864
0.016045 25000000 2038 2663580 191620 2038 85.297302 1.848954916
0.015366 25000000 770 2573963 185901 770 85.865356 1.846224785
0.015654 25000000 1594 2593791 187029 1594 85.698059 1.849958181
0.014831 25000000 1132 2464958 177888 1132 85.770508 1.859717846
0.015904 25000000 207 2622845 190069 207 84.490417 1.817916155
0.015107 25000000 923 2558938 185897 923 85.047668 1.819198847
0.015259 25000000 1137 2598997 187692 1137 85.167419 1.835961819
0.014767 25000000 169 2480572 181083 169 84.679260 1.824844122
0.015034 25000000 954 2538610 183004 954 85.711365 1.854536057
0.014593 25000000 372 2529543 183399 372 86.032104 1.881538153
0.016455 25000000 1502 2660540 192411 1502 84.858276 1.832008839
