"Validation time(S)" "Commits" "Aborts" "Val Reads" "Val success" "Val fail" "Energy (J)" "Time(S)"
0.016853 9984 19448 1985636 9762 19448 5.653809 0.144657850
1.40621 9984 39471 4039513 23936 39471 10.242859 0.188632011
0.286331 9984 36881 3788920 22306 36881 6.612000 0.120538950
0.053499 9984 39863 4094007 24154 39863 6.723145 0.117015123
0.098156 9984 39426 4084363 24519 39426 7.088318 0.124346018
0.115729 9984 40108 4144878 24579 40108 8.013000 0.166440964
0.025378 9984 29077 2979745 16072 29077 6.240112 0.128973961
0.127622 9984 40079 4116827 24349 40079 6.618347 0.115504026
0.069678 9984 39543 4055591 24010 39543 7.859619 0.156477928
0.561136 9984 39919 4069864 24120 39919 9.622559 0.184061050
0.151232 9984 39953 4111094 24159 39953 6.699829 0.117298126
0.370938 9984 39476 4082610 24504 39476 7.300171 0.129434109
0.080018 9984 39758 4058506 24209 39758 6.747009 0.118257046
0.029 9984 32537 3319100 18767 32537 6.371460 0.129142046
0.071645 9984 39757 4106622 24630 39757 6.807861 0.122746944
0.079826 9984 39574 4084823 24134 39574 7.711182 0.157037973
0.84596 9984 40124 4105567 24179 40124 8.923279 0.161614895
0.178606 9984 39551 4073736 24381 39551 6.871765 0.127287149
0.704484 9984 39820 4089649 24206 39820 9.767151 0.181220055
0.237901 9984 39480 4050699 24114 39480 8.966797 0.164264917
0.503072 9984 35727 3672737 21197 35727 7.819519 0.147019148
0.193779 9984 39807 4067303 24240 39807 6.938904 0.120275974
0.040528 9984 39177 4026798 23985 39177 6.680542 0.116617918
0.056552 9984 39858 4080537 24011 39858 8.572021 0.154638052
0.587204 9984 40110 4078138 24168 40110 8.730225 0.156394958
0.011548 9984 12617 1281925 5768 12617 5.625183 0.163753986
0.034782 9984 39760 4054970 24034 39760 6.733582 0.115973949
0.568118 9984 39839 4100427 24375 39839 10.035461 0.190420866
0.463416 9984 39744 4114079 24625 39744 8.304993 0.148400068
0.047917 9984 40196 4105981 24519 40196 6.761475 0.116171122
