"Validation time(S)" "Commits" "Aborts" "Val Reads" "Val success" "Val fail" "Energy (J)" "Time(S)"
42.9227 1000000 4046691 415952274 2483541 4046691 720.575867 12.468854904
41.0026 1000000 4016803 412953585 2462585 4016803 711.035461 12.361055851
41.8326 1000000 4024086 412919195 2459659 4024086 715.864136 12.460806847
42.7614 1000000 4018047 412605129 2458910 4018047 713.524292 12.395033121
49.3766 1000000 4032031 413933233 2467450 4032031 725.256287 12.592045069
38.1926 1000000 4027874 413485984 2463067 4027874 708.906006 12.337150812
36.9704 1000000 4023991 413175327 2460107 4023991 702.229736 12.249963045
44.6939 1000000 4004872 410843621 2444117 4004872 717.604980 12.644862890
42.8064 1000000 4014500 411832619 2453291 4014500 713.219482 12.515990973
46.2675 1000000 4005840 411560275 2452484 4005840 716.684387 12.547011852
44.7633 1000000 4009785 412218904 2457561 4009785 717.895142 12.522511005
44.6694 1000000 4030993 413816339 2468154 4030993 718.642212 12.489382982
33.2783 1000000 4013888 412231346 2453926 4013888 700.640808 12.229540825
51.6625 1000000 3992544 410291992 2444506 3992544 728.593140 12.781535149
43.4017 1000000 4000101 411188375 2446984 4000101 715.846191 12.483092070
45.8558 1000000 4011369 411974689 2455767 4011369 722.162109 12.597280979
38.9559 1000000 3990233 409956870 2440853 3990233 708.470215 12.396238089
44.6824 1000000 4023245 413483898 2464561 4023245 716.602356 12.506149054
46.486 1000000 4012672 412076347 2453145 4012672 723.897156 12.666345119
48.8511 1000000 4000913 411296225 2449514 4000913 724.105530 12.692533970
40.1016 1000000 4011115 412197550 2457941 4011115 717.431091 12.524828911
49.6453 1000000 4016461 412507293 2458770 4016461 727.431335 12.680604935
37.0729 1000000 4013145 412124191 2456722 4013145 708.866394 12.298622847
40.2736 1000000 3998530 410348801 2441057 3998530 718.704285 12.481348991
43.4352 1000000 4015045 412296715 2456695 4015045 724.841675 12.498562813
42.2324 1000000 4017499 412795547 2460934 4017499 716.115845 12.465785027
45.0073 1000000 3977533 408480227 2429384 3977533 720.149963 12.599931002
38.648 1000000 4016172 412518235 2457257 4016172 709.940186 12.276698112
42.1255 1000000 3994771 410231178 2440586 3994771 713.903442 12.471329927
36.0173 1000000 4003214 411064535 2449357 4003214 704.463684 12.279915094
