"Validation time(S)" "Commits" "Aborts" "Val Reads" "Val success" "Val fail" "Energy (J)" "Time(S)"
14.5978 4096 0 4539883 27199 0 31.918518 0.620696068
17.5069 4096 0 4529822 27204 0 37.674133 0.731306076
14.5551 4096 0 4565857 27221 0 32.998962 0.642908812
16.6502 4096 0 4506041 26772 0 33.425110 0.639644146
14.3716 4096 0 4550504 27027 0 28.929993 0.557347059
15.298 4096 0 4549298 27061 0 33.884277 0.653586149
18.3309 4096 0 4492010 26882 0 36.889282 0.711602926
15.0818 4096 0 4559363 27124 0 34.523621 0.667109013
12.0071 4096 1 4546474 27211 1 29.546326 0.570692062
14.7959 4096 1 4560872 27149 1 35.197144 0.685029030
13.8302 4096 0 4497410 26832 0 29.075134 0.560503960
14.9894 4096 0 4530481 27069 0 32.849854 0.637439966
13.4429 4096 0 4550467 26980 0 27.955627 0.537235022
16.223 4096 0 4570657 27016 0 37.069031 0.718949080
13.382 4096 0 4603540 27091 0 29.358887 0.585548878
13.3396 4096 0 4539586 27038 0 29.713684 0.573390961
14.3158 4096 0 4525267 27035 0 32.393066 0.640423059
16.9752 4096 0 4486206 26648 0 34.945801 0.683551073
15.987 4096 0 4524342 26969 0 33.296143 0.650907040
14.8918 4096 0 4523166 26704 0 32.676880 0.630192995
16.7618 4096 0 4562611 27072 0 34.955933 0.677824974
16.6078 4096 0 4580291 27073 0 32.859497 0.636311054
15.6063 4096 0 4551673 27012 0 32.507385 0.626374006
