"Validation time(S)" "Commits" "Aborts" "Val Reads" "Val success" "Val fail" "Energy (J)" "Time(S)"
43.0863 2677272 211095 1419407565 5025127 211095 507.191162 6.229053974
39.352 2677647 211961 1434057562 5051008 211961 492.185181 5.930386066
45.0748 2677342 209796 1417093449 5011936 209796 509.214478 6.310490131
49.878 2676464 211146 1405421534 4989310 211146 530.853638 6.882766008
53.5105 2676134 208681 1413692939 4998716 208681 537.993347 7.085500002
47.2674 2678467 212843 1414951306 5028065 212843 522.559998 6.645044088
50.3876 2677004 209974 1409041267 5007420 209974 529.453003 6.900488138
56.3374 2677687 209081 1399585199 5002944 209081 545.459167 7.181958914
48.0534 2676822 209688 1420215686 5036301 209688 512.030212 6.414611101
56.7857 2676766 210062 1407822742 5027698 210062 552.117065 7.160540104
45.236 2677528 211496 1423414863 5026045 211496 512.869690 6.437134981
50.948 2676398 209035 1408574396 5039326 209035 520.487610 6.522279024
55.09 2678019 211893 1412766577 5002865 211893 547.633911 7.221706867
49.7048 2677180 210803 1409896610 5049953 210803 523.905884 6.591928005
46.9562 2678502 212218 1421207810 5015110 212218 522.929504 6.617882013
45.7676 2676862 209959 1410244963 5026496 209959 514.782349 6.532407999
54.879 2677604 210622 1396591741 5019422 210622 538.427917 7.061437130
45.152 2677707 210765 1408573325 5019487 210765 512.811890 6.543365955
43.6303 2676018 209311 1426076093 5050033 209311 508.608398 6.384667873
48.6227 2676421 211126 1407705842 5014077 211126 523.564148 6.778923988
55.4665 2676137 209620 1414799274 5026396 209620 538.329590 7.013644934
44.7513 2678847 210004 1417214232 5004461 210004 520.025146 6.446992874
50.8482 2678261 211011 1406189511 5037603 211011 526.882385 6.813252926
