"Validation time(S)" "Commits" "Aborts" "Val Reads" "Val success" "Val fail" "Energy (J)" "Time(S)"
0.317471 35000000 600 32684263 16342086 31 73.235474 1.331447124
0.317793 35000000 574 32710048 16354980 30 72.138245 1.312698126
0.317115 35000000 626 32673492 16336708 26 72.641418 1.319041967
0.316799 35000000 599 32696726 16348327 25 73.185608 1.328118086
0.314558 35000000 787585 31675751 15837818 39 73.326416 1.325378895
0.316674 35000000 635 32679071 16339490 31 73.170654 1.329670906
0.317663 35000000 537 32692408 16346173 21 73.069580 1.324830055
0.317228 35000000 544 32708522 16354220 28 73.012573 1.316636086
0.322884 35000000 2021 32629063 16314485 32 73.260559 1.333842039
0.317632 35000000 1567 32658812 16329368 26 72.727783 1.321386814
0.321932 35000000 621 32682180 16341046 30 72.675659 1.314824820
0.316462 35000000 584 32708187 16354042 35 73.371643 1.331403017
0.317047 35000000 574 32725464 16362677 37 73.226807 1.332677841
0.318838 35000000 631 32643311 16321611 30 73.304382 1.322453022
0.317914 35000000 621 32718087 16359002 29 73.202087 1.324581861
0.316952 35000000 612 32702937 16351423 32 73.059875 1.320081949
0.318508 35000000 605 32737656 16368795 23 73.512085 1.333336115
0.319805 35000000 505 32724968 16362439 31 73.138489 1.331079960
0.317037 35000000 554 32701281 16350605 24 73.402710 1.335803032
0.317338 35000000 603 32710074 16355004 22 73.056030 1.325987101
