"Validation time(S)" "Commits" "Aborts" "Val Reads" "Val success" "Val fail" "Energy (J)" "Time(S)"
0.420644 150000000 1926714 57256950 14999797 186462 145.902466 2.358512878
0.427654 150000000 1844817 56094534 15001726 182002 144.686584 2.355329037
0.416294 150000000 1845755 55756243 15000975 185499 141.964539 2.333008051
0.420373 150000000 1849086 56931975 14998803 184983 145.208679 2.354112148
0.415013 150000000 1907163 56071386 15007327 180939 144.115723 2.339282036
0.417765 150000000 1815601 56877362 15003882 182809 144.471313 2.344624043
0.420408 150000000 1816432 57134437 15000035 180027 145.008301 2.363038063
0.422447 150000000 1764039 57074898 14997661 179750 145.612183 2.362406969
0.411996 150000000 1878178 54166858 15000199 181120 143.634033 2.324929953
0.412788 150000000 1851197 55660272 15002973 182674 143.834900 2.328799963
0.417067 150000000 1787483 56351775 14994339 181283 144.806458 2.344702005
0.41739 150000000 1876459 55750563 14999408 185472 143.816101 2.328049183
0.414833 150000000 1822095 55952415 15005855 178852 144.380554 2.341907978
0.414679 150000000 1911043 55298713 15004767 181379 144.194092 2.325465918
0.421383 150000000 1919562 57757185 15005437 185595 144.222473 2.343435049
0.415215 150000000 1937381 55877856 15001683 180892 144.687927 2.327856064
0.420032 150000000 1910487 57101350 14999262 180011 145.907471 2.363419056
0.418176 150000000 1864546 55766312 14997547 186211 143.865051 2.326779842
0.42209 150000000 1822887 56632249 15000201 183280 142.840454 2.355805874
0.417599 150000000 1918406 56727866 14998901 183780 144.491394 2.335072041
