"Validation time(S)" "Commits" "Aborts" "Val Reads" "Val success" "Val fail" "Energy (J)" "Time(S)"
1.35509 23428133 15633847 527330428 15880894 16242 311.760437 4.870653152
1.41719 23428133 15361902 528000914 15880894 16183 332.940125 5.219302893
1.37052 23428133 15511496 529961877 15880894 17065 314.365051 4.884788990
1.36175 23428133 15442038 530449408 15880894 16551 314.126343 4.870941877
1.45898 23428133 11779899 540992092 15880894 114295 371.688293 5.916876078
1.36814 23428133 15735040 530285541 15880894 17130 312.788513 4.859573126
1.36452 23428133 15467092 531173974 15880894 16187 317.836731 4.965845823
1.36343 23428133 15507915 530101632 15880894 16205 313.805542 4.868299007
1.40389 23428133 15354845 530244907 15880894 15836 321.224060 5.023524046
1.36105 23428133 15466970 527024939 15880894 15926 314.237366 4.873434067
1.365 23428133 15627401 530048242 15880894 16290 313.672913 4.869327068
1.42161 23428133 12342928 533488249 15880894 49471 351.465027 5.540149927
1.36302 23428133 15541461 530465318 15880894 16643 311.935303 4.855232000
1.37408 23428133 15623156 531440641 15880894 16498 314.580383 4.880261898
1.36025 23428133 15319575 527941117 15880894 16339 311.201355 4.871636868
1.3972 23428133 12695273 532746373 15880894 40819 346.898071 5.495438099
1.3566 23428133 15490073 527258778 15880894 16833 313.264160 4.863849878
1.36596 23428133 15546544 530256878 15880894 15761 313.425781 4.880434990
1.36985 23428133 15563581 529104501 15880894 16267 312.592896 4.871645927
1.3607 23428133 15462567 528131454 15880894 16584 314.228821 4.893743038
1.35913 23428133 15581312 530305687 15880894 16420 312.061890 4.853500843
