"Validation time(S)" "Commits" "Aborts" "Val Reads" "Val success" "Val fail" "Energy (J)" "Time(S)"
0.003747 54926 112795 1042500 40708 1911 1.213318 0.019334078
0.003987 54926 123696 1096719 40708 2686 1.090210 0.016161203
0.003783 54926 115899 1061594 40708 2216 1.049194 0.016347885
0.003976 54926 121004 1093440 40708 2742 1.137268 0.017813921
0.003964 54926 123419 1102626 40708 2637 1.095032 0.016310215
0.003988 54926 123329 1103044 40708 2837 1.095520 0.017117977
0.003902 54926 119477 1094602 40708 2666 1.140076 0.017215967
0.003784 54926 121919 1096548 40708 2714 1.088745 0.017395973
0.003927 54926 121798 1088994 40708 2616 1.083923 0.015954018
0.003844 54926 121196 1090301 40708 2683 1.087769 0.017042875
0.003968 54926 120949 1090251 40708 2570 1.159912 0.017296076
0.003891 54926 123548 1089254 40708 2564 1.058655 0.015887022
0.003797 54926 122854 1092586 40708 2670 1.100586 0.016848087
0.003867 54926 118541 1094121 40708 2647 1.080811 0.016447067
0.003879 54926 121018 1097657 40708 2668 1.136230 0.018185139
0.003943 54926 123986 1086347 40708 2571 1.159424 0.017927170
0.00377 54926 121049 1085517 40708 2598 1.071289 0.016153812
0.003773 54926 118778 1085356 40708 2580 1.088074 0.015892982
0.003863 54926 122448 1087834 40708 2607 1.080933 0.016254187
0.003837 54926 120943 1094181 40708 2679 1.093872 0.016090870
0.003739 54926 118813 1074625 40708 2500 1.044617 0.016722918
