"Validation time(S)" "Commits" "Aborts" "Val Reads" "Val success" "Val fail" "Energy (J)" "Time(S)"
0.005052 87389 220107 2184541 87389 0 79.920410 1.270348072
0.005186 87389 210471 2184541 87389 0 75.151672 1.193430185
0.004907 87389 224470 2184541 87389 0 56.191650 0.885709047
0.004978 87389 220660 2184541 87389 0 65.532593 1.033627987
0.004964 87389 220255 2184541 87389 0 71.966492 1.141110897
0.005101 87389 221579 2184541 87389 0 65.539978 1.039669991
0.005089 87389 221782 2184541 87389 0 64.156616 1.014302969
0.005112 87389 224419 2184541 87389 0 75.420349 1.192708969
0.005049 87389 218947 2184541 87389 0 72.102051 1.140323162
0.005036 87389 207783 2184541 87389 0 76.734070 1.215554953
0.005074 87389 218249 2184541 87389 0 57.561401 0.910866022
0.006908 87389 226791 2184541 87389 0 76.735352 1.219079018
0.004982 87389 225039 2184541 87389 0 70.459045 1.118705988
0.00499 87389 221549 2184541 87389 0 68.155518 1.084007978
0.00497 87389 225579 2184541 87389 0 71.884399 1.156501055
0.005074 87389 220020 2184541 87389 0 79.624207 1.261150122
0.005186 87389 221298 2184541 87389 0 73.364563 1.165715933
0.005142 87389 220076 2184541 87389 0 68.778809 1.092800140
0.005292 87389 217391 2184541 87389 0 81.492615 1.291644096
0.00499 87389 216771 2184541 87389 0 69.854431 1.112639189
0.005072 87389 218179 2184541 87389 0 56.049805 0.892653942
