"Validation time(S)" "Commits" "Aborts" "Val Reads" "Val success" "Val fail" "Energy (J)" "Time(S)"
8.6e-05 2738 1030 35506 2738 0 0.273682 0.005842924
9.4e-05 2738 1263 35506 2738 0 0.265137 0.004294157
0.000107 2738 1022 35506 2738 0 0.252930 0.006145000
9.7e-05 2738 914 35506 2738 0 0.277832 0.006043196
9.9e-05 2738 1113 35506 2738 0 0.242310 0.004440069
0.000104 2738 1071 35506 2738 0 0.267944 0.005264044
0.000116 2738 1075 35506 2738 0 0.229492 0.005555868
9.1e-05 2738 1093 35506 2738 0 0.235168 0.005334139
0.0001 2738 1096 35506 2738 0 0.245972 0.004295111
9.1e-05 2738 815 35506 2738 0 0.253418 0.006237030
0.000106 2738 1294 35506 2738 0 0.180664 0.004479885
9.8e-05 2738 1117 35506 2738 0 0.208435 0.004157066
0.000112 2738 1157 35506 2738 0 0.331726 0.007356167
0.000116 2738 1038 35506 2738 0 0.267761 0.007333994
0.000121 2738 1345 35506 2738 0 0.231689 0.004655838
8.4e-05 2738 1074 35506 2738 0 0.258179 0.005178928
9.4e-05 2738 1253 35506 2738 0 0.207214 0.004240990
0.000102 2738 1217 35506 2738 0 0.291382 0.006500006
9e-05 2738 1139 35506 2738 0 0.228638 0.004773140
0.000114 2738 1255 35506 2738 0 0.273560 0.005394936
0.0001 2738 1313 35506 2738 0 0.266724 0.008011103
