"Validation time(S)" "Commits" "Aborts" "Val Reads" "Val success" "Val fail" "Energy (J)" "Time(S)"
0.000118 2738 3968 35506 2738 0 0.254944 0.006474972
0.000105 2738 2566 35506 2738 0 0.208984 0.004285097
0.000113 2738 3563 35506 2738 0 0.171021 0.003993034
0.000109 2738 2980 35506 2738 0 0.186890 0.004105806
0.000115 2738 4330 35506 2738 0 0.122986 0.002861977
0.000108 2738 3920 35506 2738 0 0.223755 0.005039930
0.00011 2738 3741 35506 2738 0 0.180725 0.003784180
0.000103 2738 3519 35506 2738 0 0.151306 0.003468037
0.000105 2738 4160 35506 2738 0 0.205322 0.005262136
0.000117 2738 4393 35506 2738 0 0.171570 0.003016949
0.000116 2738 4462 35506 2738 0 0.177307 0.004472017
8.5e-05 2738 4099 35506 2738 0 0.191101 0.003899097
0.000102 2738 4189 35506 2738 0 0.158997 0.002614975
0.000124 2738 4476 35506 2738 0 0.162598 0.003538132
0.000108 2738 3609 35506 2738 0 0.210571 0.004754066
0.00011 2738 4530 35506 2738 0 0.178467 0.003998995
0.000123 2738 4474 35506 2738 0 0.178589 0.004228115
9.8e-05 2738 3027 35506 2738 0 0.192383 0.004373074
0.000123 2738 4463 35506 2738 0 0.154480 0.003035069
0.000122 2738 4485 35506 2738 0 0.161194 0.003421068
0.000129 2738 3886 35506 2738 0 0.175659 0.005074024
