"Validation time(S)" "Commits" "Aborts" "Val Reads" "Val success" "Val fail" "Energy (J)" "Time(S)"
8e-06 188 63 2299 155 0 0.247986 0.005046129
1.4e-05 188 76 2447 157 0 0.000002 16
8e-06 188 71 2314 151 0 0.432617 0.011735916
1.2e-05 188 74 2258 151 0 0.000002 16
7e-06 188 77 2378 153 0 0.234436 0.004081964
5e-06 188 64 2226 148 0 0.212097 0.004588842
3e-05 188 178 2403 155 0 0.200317 0.003911972
8e-06 188 80 2362 151 0 0.264099 0.004853010
9e-06 188 72 2414 151 0 0.000000 18
1.4e-05 188 74 2392 154 0 0.260864 0.004507780
8e-06 188 89 2314 152 0 0.259338 0.004141092
9e-06 188 64 2449 153 0 0.230408 0.004426003
6e-06 188 64 2286 149 0 0.254211 0.005475998
8e-06 188 72 2442 153 0 0.216980 0.004904985
1.3e-05 188 78 2345 152 0 0.000000 14
8e-06 188 83 2257 152 1 0.000000 12
1e-05 188 66 2359 153 0 0.217957 0.004647970
9e-06 188 79 2404 152 0 0.252014 0.004920006
9e-06 188 77 2444 153 0 0.229980 0.004637957
7e-06 188 74 2460 151 0 0.212036 0.005072832
1e-05 188 63 2299 149 0 0.250793 0.005246878
