"Validation time(S)" "Commits" "Aborts" "Val Reads" "Val success" "Val fail" "Energy (J)" "Time(S)"
1e-05 140 37 2470 131 0 0.345581 0.006917000
1e-05 140 36 2515 132 0 0.325317 0.006762028
1.3e-05 140 28 2487 132 0 0.367188 0.006939888
1.2e-05 140 43 2519 132 0 0.378784 0.007184982
1.3e-05 140 39 2544 132 0 0.499939 0.011412859
8e-06 140 37 2508 131 0 0.491638 0.010485888
1e-05 140 41 2522 131 0 0.403870 0.007179976
9e-06 140 47 2470 131 0 0.562622 0.012362957
1.4e-05 140 50 2519 132 0 0.422302 0.007733822
8e-06 140 42 2520 131 0 0.355469 0.006547928
1.4e-05 140 52 2496 132 0 0.498657 0.011164904
8e-06 140 45 2491 132 0 0.343323 0.006019831
8e-06 140 34 2532 131 0 0.490356 0.010432959
6e-06 140 35 2494 132 0 0.382080 0.007236958
8e-06 140 31 2497 132 0 0.328796 0.006186008
7e-06 140 30 2518 132 0 0.314819 0.006508827
1.6e-05 140 35 2533 132 0 0.483765 0.010388136
1e-05 140 35 2509 131 0 0.477600 0.010811090
9e-06 140 31 2515 132 0 0.375916 0.006958008
1.3e-05 140 38 2530 132 0 0.488159 0.011116028
1e-05 140 36 2526 132 0 0.366821 0.006000996
