"Validation time(S)" "Commits" "Aborts" "Val Reads" "Val success" "Val fail" "Energy (J)" "Time(S)"
26.5161 50000000 146418891 9251527110 44996569 49432316 2568.283081 46.652884007
26.207 50000000 160592389 9188458049 44995259 48421570 2585.939453 45.271243095
27.479 50000000 162143652 9831980794 44997591 51458072 2660.784546 47.082774878
27.8439 50000000 155704011 9747729961 44997110 52173508 2632.530212 47.129619122
25.3109 50000000 148382498 9070832137 44998541 49162818 2395.633240 42.451365232
23.3104 50000000 144074178 8702733117 45000453 46065008 2387.967224 42.107191086
28.9656 50000000 159989144 9766006517 44995700 52353394 2670.989075 47.301747084
23.2552 50000000 138370994 8531999224 45000772 45207997 2357.812744 42.317572117
26.2188 50000000 148463601 8878122037 44994099 47799761 2465.580139 43.373687029
25.1103 50000000 144643376 8861806618 44997262 47866374 2434.114685 43.085416079
26.9185 50000000 154693723 9419115219 44999190 49726223 2587.152710 45.736100197
28.3029 50000000 158438715 9873639744 44997414 52728577 2716.295715 47.656691790
27.1992 50000000 156703528 9484607641 44997148 51055626 2604.462097 45.826303959
