"Validation time(S)" "Commits" "Aborts" "Val Reads" "Val success" "Val fail" "Energy (J)" "Time(S)"
0.026327 25000000 2375714 8006600 156033 19 119.005981 2.033287048
0.026525 25000000 2396642 8050086 156975 18 119.036133 2.035710812
0.026354 25000000 2408782 8045417 156744 19 118.147339 2.037803888
0.02658 25000000 2400462 8073793 157207 18 118.867310 2.039183855
0.026409 25000000 2413212 8058148 156950 9 118.622009 2.036773920
0.026388 25000000 2393239 8025888 156374 13 119.321838 2.037602901
0.02609 25000000 2370457 8014571 156263 12 119.003967 2.039978027
0.02647 25000000 2399226 8006934 156254 12 118.988037 2.034542084
0.026343 25000000 2384581 8023056 156279 16 117.769531 2.026015043
0.026353 25000000 2386842 8031831 156235 27 119.027649 2.037040949
0.026355 25000000 2395061 8033956 156487 23 118.646301 2.036959887
0.026292 25000000 2400306 8065473 156769 22 118.963501 2.037009001
0.026612 25000000 2433018 8048646 156907 12 119.551270 2.042904854
0.026056 25000000 2440099 8027288 156171 12 119.919067 2.050467014
0.026565 25000000 2406789 8027047 156497 11 119.508545 2.041091919
0.026566 25000000 2405302 8051968 156844 16 119.069885 2.037876129
0.026676 25000000 2421440 8067614 156853 21 119.097046 2.032574177
0.026253 25000000 2362160 8039363 156612 8 118.201538 2.025375843
0.026676 25000000 2398569 8043577 156507 13 119.457153 2.040722132
0.026184 25000000 2384101 8031190 156388 16 119.177612 2.035552025
0.026152 25000000 2461507 8040827 156801 11 122.594910 2.079349041
0.026511 25000000 2397301 8011131 155967 23 120.818359 2.054696083
0.026336 25000000 2437360 8045306 156853 20 120.980225 2.063977957
0.026518 25000000 2416332 8069653 157378 13 120.563354 2.069447994
0.026267 25000000 2412116 8043067 156871 8 120.626404 2.066535950
0.026248 25000000 2437634 8068336 156982 22 121.131165 2.069135904
0.026533 25000000 2415562 8058520 157049 12 121.451416 2.063295126
0.026602 25000000 2421415 8077685 157087 13 122.073120 2.072439909
0.026447 25000000 2412599 8032944 156251 9 120.665833 2.070795059
0.026442 25000000 2390427 8009109 156340 15 120.961365 2.068000078
