"Validation time(S)" "Commits" "Aborts" "Val Reads" "Val success" "Val fail" "Energy (J)" "Time(S)"
0.031284 25000000 2559161 8776663 156836 6 166.671753 2.864845037
0.031141 25000000 2540683 8752947 156315 8 164.712891 2.867223024
0.031179 25000000 2601975 8819682 157248 4 167.973022 2.874406099
0.030658 25000000 2525231 8749497 156314 4 166.399109 2.863472939
0.030803 25000000 2550834 8708749 156069 2 167.133545 2.875208139
0.030624 25000000 2523853 8706358 155735 5 165.209717 2.862931013
0.030924 25000000 2525031 8771472 156768 7 164.466431 2.863560915
0.030973 25000000 2504161 8728137 155971 5 164.611267 2.854243040
0.030993 25000000 2590481 8777212 156894 3 167.987183 2.862511158
0.03079 25000000 2517617 8741520 156394 7 164.965942 2.860221863
0.030882 25000000 2580686 8763127 156498 8 166.280701 2.866300821
0.030933 25000000 2571757 8780025 156796 7 165.742310 2.864249945
0.030886 25000000 2544002 8736937 156272 8 165.950500 2.871356964
0.031117 25000000 2520567 8752462 156337 9 164.756042 2.860749006
0.031074 25000000 2590288 8780986 156943 6 167.444336 2.865901947
0.031028 25000000 2544261 8723419 156046 6 166.759888 2.859005928
0.030796 25000000 2546450 8696559 155712 6 166.622498 2.862388134
0.03118 25000000 2537453 8744710 156164 3 165.118469 2.859344006
0.031211 25000000 2531736 8733333 156003 9 165.822083 2.855590820
0.031177 25000000 2542392 8744050 156388 2 166.538025 2.865913868
0.031146 25000000 2541878 8755443 156269 4 168.683289 2.898293018
0.030845 25000000 2551838 8744032 156185 1 170.022461 2.883784056
0.031225 25000000 2566725 8747200 156478 7 169.328918 2.894003868
0.031006 25000000 2556280 8729469 156028 3 170.012512 2.898488998
0.03103 25000000 2581419 8768455 156912 7 169.976501 2.894333124
0.030714 25000000 2540045 8753146 156769 4 167.510559 2.896986008
0.030515 25000000 2545394 8716547 155572 8 169.490967 2.899142981
0.030602 25000000 2557198 8751966 156414 11 168.652161 2.890673161
0.031019 25000000 2545342 8805430 157229 6 167.410156 2.885746002
0.03103 25000000 2547914 8747427 156434 8 168.930054 2.895651817
