"Validation time(S)" "Commits" "Aborts" "Val Reads" "Val success" "Val fail" "Energy (J)" "Time(S)"
6.25087 50000000 14816606 1877652724 44988253 6952576 359.987122 5.673808813
6.70807 50000000 15026344 2082298903 44989674 7333957 386.674561 6.075636148
6.51062 50000000 14153841 2013826328 44989109 7074814 373.259460 5.863528013
5.93383 50000000 14453340 1765500448 44987872 6840954 351.110718 5.433578014
6.74042 50000000 14996194 2063127549 44986673 7366071 382.431763 6.003602028
7.16608 50000000 14887910 2263539777 44987777 7432933 412.285034 6.341512918
6.14956 50000000 13596673 1898670444 44985173 6601857 361.652466 5.651861906
5.54781 50000000 15880558 1629733802 44989058 7213685 330.044312 5.149986982
6.5421 50000000 14554120 2004794375 44985819 7083944 379.401978 5.847404957
5.91506 50000000 15559919 1763040873 44987488 7206720 347.829529 5.462630987
6.1255 50000000 15122376 1885725508 44991137 7208882 361.950562 5.586418152
6.7958 50000000 16590183 2114008886 44987087 7934886 397.997375 6.130171776
6.31992 50000000 14497428 1933579422 44986841 7119348 364.160095 5.714700937
5.92837 50000000 16025719 1734987529 44985610 7299818 343.617493 5.407355070
6.13597 50000000 14218095 1887101865 44987487 6943487 355.105286 5.583075047
6.37526 50000000 15089095 1957615089 44985477 7313057 373.834961 5.760777950
6.2449 50000000 14383015 1935941056 44986662 6947832 364.966614 5.715701818
6.28553 50000000 17588992 1866445707 44988548 7773320 368.646912 5.709825993
6.41622 50000000 15171597 2010450316 44989079 7150968 380.805115 5.867248058
6.07501 50000000 13978316 1858520758 44988904 6821661 355.987854 5.491589069
