"Validation time(S)" "Commits" "Aborts" "Val Reads" "Val success" "Val fail" "Energy (J)" "Time(S)"
0.482243 22362293 22360 22362316 22362293 0 226.760437 6.551731110
0.445567 22362295 7224 22362318 22362295 0 248.367737 6.488203049
0.483529 22362293 15839 22362316 22362293 0 228.455383 6.476571798
0.448717 22362293 11761 22362316 22362293 0 202.680115 6.106670141
0.445305 22362293 16182 22362316 22362293 0 232.565308 6.258970022
0.432257 22362293 580 22362316 22362293 0 204.567444 6.096905947
0.425163 22362295 615 22362318 22362295 0 199.321472 6.075793028
0.426446 22362293 523 22362316 22362293 0 197.494629 6.059409142
0.432476 22362295 841 22362318 22362295 0 198.494873 6.072080135
0.426009 22362293 1534 22362316 22362293 0 199.414368 6.100158215
0.42581 22362295 798 22362318 22362295 0 198.681946 6.064413071
0.439396 22362295 14760 22362318 22362295 0 206.083496 6.176892996
0.436987 22362293 3741 22362316 22362293 0 203.493164 6.171810865
0.425736 22362295 522 22362318 22362295 0 197.677002 6.062974930
0.432648 22362295 3275 22362318 22362295 0 203.304626 6.145921946
0.426601 22362293 945 22362316 22362293 0 199.193481 6.090971947
0.433836 22362295 2652 22362318 22362295 0 205.904968 6.150466919
0.42525 22362295 1137 22362318 22362295 0 207.703369 6.144141912
0.427717 22362293 1215 22362316 22362293 0 202.519592 6.175858974
0.428181 22362293 3714 22362316 22362293 0 200.599304 6.118163109
0.447241 22362293 6661 22362316 22362293 0 205.795593 6.176081896
