"Validation time(S)" "Commits" "Aborts" "Val Reads" "Val success" "Val fail" "Energy (J)" "Time(S)"
0.006744 10000 169246 2038886 10000 1383 15.873901 0.273360014
0.006582 10000 168017 2038992 10000 1384 15.804626 0.271286011
0.006738 10000 169536 2038619 10000 1382 15.939758 0.274075985
0.006696 10000 168275 2054867 10000 1472 15.860107 0.272510052
0.006592 10000 169929 2039964 10000 1389 15.896606 0.274469852
0.006794 10000 166830 2049270 10000 1441 15.839905 0.272104979
0.006658 10000 168170 2046061 10000 1424 15.698547 0.274724960
0.006722 10000 169090 2036070 10000 1368 15.839172 0.273018837
0.006669 10000 167173 2035965 10000 1368 15.789795 0.272816896
0.006619 10000 167963 2039516 10000 1387 15.943787 0.275784016
0.006766 10000 168068 2054045 10000 1468 15.846558 0.272300005
0.006775 10000 167421 2058671 10000 1493 15.864502 0.273514032
0.00662 10000 167018 2050129 10000 1446 15.703186 0.273674011
0.006617 10000 166724 2047937 10000 1434 15.735352 0.273192167
0.006681 10000 168772 2038810 10000 1383 15.849609 0.272504091
0.006691 10000 167233 2039096 10000 1384 15.619263 0.273818970
0.006714 10000 169256 2043372 10000 1408 15.834167 0.272731066
0.006777 10000 167181 2038946 10000 1384 15.838318 0.274346113
0.006578 10000 168523 2047600 10000 1432 15.544067 0.273128033
0.006785 10000 167603 2048078 10000 1434 15.855042 0.274443150
0.006682 10000 167303 2045328 10000 1420 15.859985 0.273849964
0.006798 10000 167423 2041117 10000 1396 15.835388 0.272025108
0.006651 10000 168517 2045204 10000 1418 15.812073 0.272964954
0.006717 10000 168135 2048932 10000 1440 15.782288 0.272372961
0.006712 10000 167439 2036710 10000 1372 15.832397 0.272089005
0.00668 10000 167775 2043622 10000 1410 15.802002 0.271385908
0.006736 10000 169251 2044426 10000 1415 15.812927 0.271906137
0.006651 10000 168175 2042756 10000 1406 15.866211 0.273349047
0.006669 10000 166717 2039282 10000 1385 15.827271 0.271770954
0.006755 10000 169754 2049818 10000 1445 15.942200 0.273305893
