"Validation time(S)" "Commits" "Aborts" "Val Reads" "Val success" "Val fail" "Energy (J)" "Time(S)"
0.000435 10000 11 130313 6512 4 0.579407 0.010407925
0.000479 10000 23 129793 6485 5 0.564941 0.010976791
0.000438 10000 18 130552 6523 5 0.582642 0.010401011
0.000475 10000 30 131324 6557 10 0.607422 0.011079073
0.000441 10000 17 130130 6502 5 0.624268 0.010522127
0.000499 10000 23 131849 6583 10 0.590637 0.010344028
0.000396 10000 21 130043 6496 7 0.569153 0.011172056
0.000428 10000 27 129164 6450 9 0.592041 0.010614157
0.000432 10000 10 129702 6483 3 0.572571 0.010378122
0.000456 10000 21 129587 6475 5 0.547791 0.009473085
0.000469 10000 27 128254 6404 9 0.560425 0.009732962
0.000464 10000 24 129106 6448 8 0.565979 0.010476828
0.000445 10000 18 129329 6459 8 0.570190 0.009444952
0.000465 10000 23 131259 6557 7 0.578857 0.010885954
0.000453 10000 22 129720 6477 10 0.574463 0.010496140
0.000473 10000 17 128848 6435 8 0.575562 0.009452105
0.000419 10000 19 128750 6432 6 0.569702 0.009526014
0.000414 10000 25 130272 6503 11 0.589233 0.010338068
0.000451 10000 24 129449 6468 5 0.597778 0.010344982
0.000415 10000 17 130374 6511 8 0.583008 0.010812998
0.00045 10000 21 129793 6482 8 0.575378 0.010513783
0.000458 10000 20 132446 6617 6 0.591675 0.010492086
0.000423 10000 22 129953 6497 1 0.588379 0.009481907
0.000462 10000 18 128830 6436 6 0.570679 0.010505915
0.000432 10000 19 129933 6490 7 0.611206 0.010305166
0.000424 10000 38 131009 6537 14 0.676147 0.012552977
0.000456 10000 21 129529 6468 9 0.597839 0.010728836
0.000465 10000 19 130408 6515 6 0.613403 0.011020899
0.000448 10000 18 131168 6553 6 0.573120 0.010824919
0.000458 10000 20 129368 6464 5 0.572205 0.010384083
