"Validation time(S)" "Commits" "Aborts" "Val Reads" "Val success" "Val fail" "Energy (J)" "Time(S)"
0.042689 1000000 1882 13030834 650918 680 52.926697 0.836706877
0.043439 1000000 1852 13005083 649633 677 53.091309 0.836258888
0.043079 1000000 1832 13047978 651775 679 53.173706 0.836368084
0.043079 1000000 1825 13033645 651085 651 53.096191 0.837098837
0.04249 1000000 1809 13030297 650904 667 53.117920 0.836456060
0.042948 1000000 1800 13044656 651632 657 53.151733 0.836174011
0.04303 1000000 1907 13030491 650866 714 53.118286 0.836955070
0.04285 1000000 1786 13030137 650921 639 52.958740 0.835992098
0.04254 1000000 1918 13035029 651106 699 52.937500 0.836477041
0.042735 1000000 1899 13043026 651526 679 53.174744 0.839172125
0.04303 1000000 1778 13019877 650407 642 53.059387 0.836328983
0.042728 1000000 1837 13039889 651371 680 53.059998 0.836367130
0.042582 1000000 1895 13047064 651708 703 53.069275 0.838042021
0.042449 1000000 1820 13016111 650160 704 53.078369 0.835642815
0.043235 1000000 1799 13028107 650795 665 53.119141 0.837309122
0.042729 1000000 1815 13042187 651517 649 53.106567 0.838867903
0.043028 1000000 1866 13017653 650293 641 53.043579 0.835996866
0.043386 1000000 1809 13033381 651070 658 53.120422 0.836329937
0.042718 1000000 1842 13030505 650931 649 53.240784 0.839362860
0.043438 1000000 1832 13025798 650669 676 53.133423 0.835618973
0.043311 1000000 1841 13030637 650896 690 52.729919 0.836364031
0.042512 1000000 1829 13038655 651282 705 53.047180 0.835986137
0.042565 1000000 1765 13031875 651005 644 53.062439 0.835358858
0.042511 1000000 1791 13040854 651465 632 53.042297 0.836306810
0.042482 1000000 1861 13034095 651109 654 53.925110 0.836361170
0.043174 1000000 1801 13043728 651604 640 53.023865 0.835827827
0.043135 1000000 1878 13021850 650473 675 52.975342 0.835228920
0.042274 1000000 1779 13050318 651906 667 52.968506 0.835227013
0.04372 1000000 1753 13030390 650936 634 52.888733 0.835093021
0.042587 1000000 1708 13023632 650626 611 54.057617 0.836754799
