"Validation time(S)" "Commits" "Aborts" "Val Reads" "Val success" "Val fail" "Energy (J)" "Time(S)"
4.82866 4194304 212243 1655392973 4161660 17634 436.495667 7.999880075
4.83936 4194304 256399 1655653918 4161672 17963 440.261841 7.978613138
4.79755 4194304 213176 1655533016 4161674 17754 436.673889 7.947897911
4.776 4194304 216465 1655702699 4161664 18092 433.646912 7.912986040
4.76914 4194304 210298 1655590037 4161648 17881 433.391541 7.900895834
4.78605 4194304 216384 1655619712 4161670 18009 434.031433 7.907496929
4.7862 4194304 220317 1655580391 4161634 17903 433.480469 7.918689966
4.79072 4194304 221873 1655545204 4161678 17825 434.880432 7.918689013
4.78642 4194304 205059 1655595356 4161660 17875 433.539368 7.928781986
4.77676 4194304 221053 1655695829 4161630 18079 435.041321 7.925348997
4.8113 4194304 213160 1655593396 4161649 17905 434.783691 7.932034969
4.84042 4194304 214711 1655605215 4161658 18011 436.999146 7.997014999
4.82508 4194304 226547 1655437843 4161642 17661 440.601440 8.021464825
4.82034 4194304 254521 1655743036 4161628 18104 440.606934 8.120692015
4.8175 4194304 221525 1655841860 4161653 18342 436.037720 7.960325956
4.77351 4194304 222268 1655684541 4161656 18052 433.242859 7.919636965
4.80214 4194304 223586 1655536262 4161643 17756 436.694824 8.015434980
4.74955 4194304 209404 1655693520 4161658 18009 432.074219 7.898996115
4.77775 4194304 217272 1655659591 4161663 18028 432.954773 7.929417133
4.80686 4194304 215961 1655595517 4161654 17886 435.936218 7.981698036
4.78006 4194304 213768 1655586158 4161638 17942 433.602295 7.932307005
