"Validation time(S)" "Commits" "Aborts" "Val Reads" "Val success" "Val fail" "Energy (J)" "Time(S)"
0.004857 4096 541 1559332 4096 14 0.552002 0.010549068
0.00473 4096 527 1560809 4096 16 0.573792 0.011481047
0.004696 4096 461 1558103 4096 10 0.562561 0.010406971
0.00474 4096 518 1562775 4096 21 0.562561 0.010262012
0.004768 4096 593 1563825 4096 20 0.590271 0.011507988
0.004687 4096 560 1558605 4096 12 0.575989 0.011146069
0.00468 4096 553 1559581 4096 15 0.553345 0.010689020
0.004708 4096 595 1559887 4096 19 0.558289 0.010459185
0.004678 4096 483 1561073 4096 17 0.576111 0.011226892
0.00468 4096 420 1558848 4096 13 0.575989 0.011538982
0.004713 4096 378 1563083 4096 21 0.514709 0.010282040
0.004675 4096 430 1562908 4096 20 0.608032 0.011886120
0.004663 4096 351 1562345 4096 21 0.581116 0.011171818
0.004678 4096 292 1561070 4096 17 0.555908 0.010431051
0.004794 4096 294 1562890 4096 17 0.583496 0.011234045
0.004726 4096 527 1558351 4096 12 0.553894 0.010728121
0.004677 4096 390 1561983 4096 19 0.578064 0.011255026
0.004694 4096 509 1564787 4096 24 0.559326 0.010290861
0.004722 4096 616 1560248 4096 16 0.569092 0.011554003
0.004704 4096 537 1560617 4096 16 0.578247 0.011188984
0.004724 4096 562 1560192 4096 16 0.582581 0.010841846
0.004702 4096 508 1557686 4096 12 0.547363 0.010707140
