"Validation time(S)" "Commits" "Aborts" "Val Reads" "Val success" "Val fail" "Energy (J)" "Time(S)"
2.9338 4194304 45475 1187064643 4187792 5904 257.755676 4.614016056
2.93845 4194304 47683 1187047004 4187784 5846 257.807556 4.591196060
2.92501 4194304 44867 1187051326 4187796 5871 257.673767 4.584350109
2.9344 4194304 45965 1187128988 4187789 6085 256.963501 4.566029787
2.9326 4194304 47352 1187136696 4187791 6123 257.439209 4.592349052
2.946 4194304 45809 1187151649 4187791 6139 257.310547 4.578473091
2.93302 4194304 47253 1187107811 4187781 6058 257.048950 4.586560965
2.93437 4194304 49392 1187166321 4187793 6194 256.589966 4.568392992
2.92121 4194304 46210 1187100752 4187787 5999 257.128601 4.568254948
2.92609 4194304 47975 1187074830 4187794 5968 257.307434 4.607532978
2.93617 4194304 50115 1187122984 4187796 6058 257.931946 4.609856844
2.94894 4194304 50803 1187098793 4187797 6012 259.026428 4.624902010
2.93029 4194304 50553 1187122616 4187788 6086 258.255371 4.607265949
2.94773 4194304 50931 1187068584 4187794 5941 259.003296 4.610416889
2.94067 4194304 48306 1187105080 4187787 5992 258.538696 4.610608101
2.92029 4194304 46359 1187079719 4187796 5928 255.188721 4.593446970
2.93105 4194304 50013 1187116492 4187799 6011 257.596252 4.603988886
2.93969 4194304 46974 1187117001 4187797 6031 257.404297 4.588418961
2.94182 4194304 49608 1187145731 4187797 6153 258.694458 4.628689051
2.94406 4194304 52253 1187150293 4187803 6104 258.437500 4.636569977
2.93712 4194304 48417 1187058085 4187785 5892 257.955627 4.592782021
