"Validation time(S)" "Commits" "Aborts" "Val Reads" "Val success" "Val fail" "Energy (J)" "Time(S)"
0.515042 2650652 5166749 120515432 1678550 16293 437.166382 4.047951937
0.497013 2651519 5079422 119192089 1678726 10914 432.481445 3.956422091
0.496846 2650462 5195507 119404405 1678412 16677 436.307556 4.039594173
0.4934 2651139 5085293 118367129 1678442 11293 430.557495 3.963848114
0.491044 2650684 5107483 119222786 1678356 11094 432.486816 3.954769850
0.49206 2651232 5079813 118655174 1678631 11399 428.605774 3.949512005
0.497329 2651978 5102870 119461640 1679040 12252 433.144165 3.982546091
0.489748 2651022 5097108 118000853 1678503 11016 430.239136 3.953554869
0.497083 2650114 5137583 118936915 1677962 12904 432.757690 4.004659891
0.488976 2651129 5117808 118462980 1678702 12972 431.453613 3.974848032
0.496798 2651742 5088581 118890132 1678950 11699 431.434692 3.964489937
0.491251 2650208 5083684 118477833 1678406 11966 433.935303 3.999511957
0.492996 2649972 5077725 119221014 1677985 13298 430.850159 3.978282928
0.493209 2650974 5085039 118957203 1678471 12073 430.130066 3.967682123
0.49579 2649588 5137670 120493037 1677966 13042 435.360962 4.021356821
0.495387 2650969 5143040 119419765 1678484 13328 434.042847 3.999644041
0.496914 2652437 5035762 119528738 1679119 13302 433.877380 4.003033876
0.497008 2651850 5120002 119639988 1679316 14281 432.871277 3.996392965
0.490915 2650500 5045592 118365733 1678182 11077 429.811829 3.980175972
0.495299 2650256 5153478 119209854 1678096 12760 434.140930 3.997331142
0.496523 2650719 5194196 119688865 1678447 13602 435.883484 4.035653830
