"Validation time(S)" "Commits" "Aborts" "Val Reads" "Val success" "Val fail" "Energy (J)" "Time(S)"
0.000981 5285 15574 201768 3328 68 0.726135 0.011800051
0.000975 5256 14433 209834 3320 98 0.803528 0.013081074
0.001013 5289 13642 211896 3357 103 0.728638 0.011471987
0.001023 5313 13656 207036 3370 77 0.789795 0.011949062
0.000972 5273 13627 204888 3366 66 0.786194 0.012719870
0.001136 5334 14035 205655 3372 68 0.755188 0.012321949
0.00097 5225 15635 206205 3318 94 0.779358 0.012787104
0.000955 5297 15734 204742 3348 71 0.829163 0.012962818
0.001039 5354 13563 216010 3395 117 0.770996 0.013104916
0.001003 5412 13608 212416 3440 86 0.785950 0.012647152
0.000997 5268 14327 212953 3352 103 0.733582 0.012287140
0.001011 5427 17404 213112 3463 94 0.834534 0.012901068
0.001003 5317 14759 208646 3378 89 0.775574 0.012564898
0.001025 5398 14703 212010 3425 87 0.825806 0.012783051
0.000989 5285 16465 208518 3362 73 0.833618 0.012735844
0.001026 5386 17778 219651 3394 123 0.955078 0.016535044
0.001 5371 16103 206992 3375 84 0.818237 0.011990070
0.001057 5329 16395 214715 3362 116 0.854736 0.012878895
0.001619 5252 17111 211856 3331 108 0.863586 0.012853861
0.000988 5355 14910 211106 3410 99 0.788879 0.012018919
0.000957 5416 15760 204709 3417 67 0.702026 0.011123180
