"Validation time(S)" "Commits" "Aborts" "Val Reads" "Val success" "Val fail" "Energy (J)" "Time(S)"
0 4959 1068 0 0 0 116.876404 5.078000000
0 4957 873 0 0 0 117.461121 5.082000000
0 4958 1339 0 0 0 117.619995 5.096000000
0 4926 895 0 0 0 116.623779 5.068000000
0 5064 757 0 0 0 118.002869 5.089000000
0 5013 1142 0 0 0 117.519470 5.083000000
0 5010 960 0 0 0 117.143860 5.074000000
0 4958 1267 0 0 0 117.512817 5.085000000
0 4958 1258 0 0 0 116.366699 5.081000000
0 5045 800 0 0 0 116.561768 5.078000000
0 4958 792 0 0 0 116.507202 5.075000000
0 4958 1019 0 0 0 116.729919 5.092000000
0 4958 1076 0 0 0 116.889648 5.084000000
0 5013 1080 0 0 0 117.000427 5.084000000
0 5053 1379 0 0 0 116.602844 5.082000000
0 5010 1042 0 0 0 116.805054 5.074000000
0 4958 1135 0 0 0 117.523804 5.085000000
0 4959 1254 0 0 0 116.891113 5.083000000
0 4957 888 0 0 0 117.090576 5.079000000
0 5045 901 0 0 0 116.563782 5.081000000
