"Validation time(S)" "Commits" "Aborts" "Val Reads" "Val success" "Val fail" "Energy (J)" "Time(S)"
0 5053 925 0 0 0 116.953430 5.078000000
0 5010 1332 0 0 0 116.818542 5.072000000
0 4933 999 0 0 0 117.015076 5.074000000
0 4958 709 0 0 0 117.034424 5.077000000
0 4958 900 0 0 0 117.253235 5.093000000
0 5045 849 0 0 0 116.978394 5.075000000
0 4958 956 0 0 0 117.559326 5.077000000
0 4959 1245 0 0 0 116.841553 5.084000000
0 5013 1275 0 0 0 116.680176 5.073000000
0 4962 1094 0 0 0 116.553284 5.073000000
0 4727 835 0 0 0 116.656677 5.068000000
0 5031 971 0 0 0 116.963257 5.082000000
0 4959 1000 0 0 0 116.709900 5.085000000
0 4926 991 0 0 0 117.349670 5.092000000
0 4991 912 0 0 0 116.611938 5.069000000
0 4937 1334 0 0 0 119.428772 5.076000000
0 5053 982 0 0 0 117.335449 5.090000000
0 5013 947 0 0 0 116.631653 5.089000000
0 4958 1047 0 0 0 116.849548 5.074000000
0 4957 874 0 0 0 116.227661 5.071000000
