"Validation time(S)" "Commits" "Aborts" "Val Reads" "Val success" "Val fail" "Energy (J)" "Time(S)"
0 4948 944 0 0 0 117.247192 5.093000000
0 4958 1069 0 0 0 116.495850 5.090000000
0 5010 1088 0 0 0 116.717834 5.085000000
0 5013 1104 0 0 0 116.692627 5.076000000
0 5010 825 0 0 0 117.723633 5.084000000
0 5045 1045 0 0 0 117.379578 5.087000000
0 5017 963 0 0 0 117.092957 5.072000000
0 5010 943 0 0 0 116.680664 5.070000000
0 5032 853 0 0 0 116.961853 5.077000000
0 4959 833 0 0 0 117.608765 5.093000000
0 5031 1305 0 0 0 116.726990 5.085000000
0 5064 1292 0 0 0 117.363159 5.095000000
0 5013 900 0 0 0 116.695129 5.086000000
0 5045 898 0 0 0 116.699097 5.087000000
0 4959 1013 0 0 0 116.643250 5.095000000
0 4959 897 0 0 0 116.312317 5.078000000
0 4959 1112 0 0 0 116.087463 5.080000000
0 4958 1122 0 0 0 115.937683 5.073000000
0 4937 669 0 0 0 116.063110 5.073000000
0 4958 1552 0 0 0 116.666931 5.090000000
