"Validation time(S)" "Commits" "Aborts" "Val Reads" "Val success" "Val fail" "Energy (J)" "Time(S)"
0 1000000 0 0 0 0 198.159424 7.503686120
0 1000000 0 0 0 0 200.080078 7.531874555
0 1000000 0 0 0 0 198.789185 7.545764942
0 1000000 0 0 0 0 198.144836 7.486812365
0 1000000 0 0 0 0 203.952515 7.646102762
0 1000000 0 0 0 0 199.833191 7.550874732
0 1000000 0 0 0 0 198.017700 7.502513838
0 1000000 0 0 0 0 204.497742 7.831253438
0 1000000 0 0 0 0 199.608704 7.529753190
0 1000000 0 0 0 0 199.103333 7.507849354
