"Validation time(S)" "Commits" "Aborts" "Val Reads" "Val success" "Val fail" "Energy (J)" "Time(S)"
0 12372224 9 0 0 0 1611.304810 61.535423722
0 12389859 9 0 0 0 1626.719666 61.523930419
0 12648115 9 0 0 0 1618.002319 61.533340206
0 12668424 9 0 0 0 1606.853882 61.534670835
0 12649450 9 0 0 0 1604.190491 61.526149745
0 12709393 9 0 0 0 1619.186035 61.535960054
0 12632106 9 0 0 0 1633.132629 61.532286454
0 12688148 9 0 0 0 1616.712158 61.523834150
0 12757505 9 0 0 0 1620.004028 61.527307109
0 12584251 9 0 0 0 1618.022095 61.521579611
