"Validation time(S)" "Commits" "Aborts" "Val Reads" "Val success" "Val fail" "Energy (J)" "Time(S)"
0 13471043 9 0 0 0 1645.955811 61.522427424
0 13956018 9 0 0 0 1646.785767 61.522719337
0 13846814 9 0 0 0 1655.341003 61.523086755
0 13495550 9 0 0 0 1656.777100 61.530853273
0 13499987 9 0 0 0 1649.960449 61.526696761
0 13685851 9 0 0 0 1671.445251 61.528866101
0 13634576 9 0 0 0 1648.166748 61.523065555
0 12281227 9 0 0 0 1647.602295 61.533106356
0 13673253 9 0 0 0 1660.143066 61.532093462
0 13941550 9 0 0 0 1653.876831 61.524466714
