"Validation time(S)" "Commits" "Aborts" "Val Reads" "Val success" "Val fail" "Energy (J)" "Time(S)"
0 2415298 0 0 0 0 343.867554 6.223728789
0 2415298 0 0 0 0 341.080566 6.221422347
0 2415298 0 0 0 0 341.049500 6.194632747
0 2415298 0 0 0 0 342.323975 6.200422046
0 2415298 0 0 0 0 342.537903 6.215675335
0 2415298 0 0 0 0 342.303528 6.205958958
0 2415298 0 0 0 0 343.700012 6.211060238
0 2415298 0 0 0 0 343.416504 6.215011146
0 2415298 0 0 0 0 343.119934 6.208393798
0 2415298 0 0 0 0 343.527283 6.211347807
