"Validation time(S)" "Validation time(S) CPU" "Validation time(S) GPU" "Commits" "Aborts" "Val Reads" "CPU Val Reads" "GPU Val Reads" "Wasted Val Reads" "GPU employment times" "Val success" "Val fail" "Snapshot ext. calls" "Energy (J)" "Time(S)"
0.063614 0.034951 0.061919 64 360645379 20411781 2794629 17617152 1665053 15 16 0 3 573.849060 8.540000000
0.044884 0.018750 0.040428 66 308096937 13511376 1727184 11784192 265374 9 17 0 1 616.204346 9.263000000
0.071473 0.045647 0.061492 63 486010042 23588139 4675371 18912768 73887 11 12 0 1 630.336914 9.009000000
0.117409 0.067196 0.143533 78 436992730 35659453 5897917 29761536 2557546 15 17 0 1 721.057617 10.075000000
0.056323 0.015228 0.055603 66 351397617 17443160 1186136 16257024 361859 11 18 0 2 668.290955 9.660000000
0.064056 0.033766 0.063748 66 322771453 21042278 2581094 18461184 866743 13 15 0 2 635.852905 9.169000000
0.130583 0.092202 0.024967 66 335306202 19194905 12103961 7090944 1137891 11 19 0 3 672.295288 9.616000000
0.046809 0.011418 0.045581 66 312666403 14594406 858726 13735680 92889 10 16 0 1 621.949158 9.006000000
0.069212 0.027309 0.068501 64 430239953 21503520 1999392 19504128 2039018 15 15 0 3 668.582458 9.825000000
0.056360 0.029398 0.055251 64 399755064 18336916 2354068 15982848 609100 11 18 0 3 636.363831 9.531000000
0.091463 0.037836 0.090834 78 419330216 27494352 3490512 24003840 3441177 16 25 0 3 681.787415 9.627000000
