"Validation time(S)" "Validation time(S) CPU" "Validation time(S) GPU" "Commits" "Aborts" "Val Reads" "CPU Val Reads" "GPU Val Reads" "Wasted Val Reads" "GPU employment times" "Val success" "Val fail" "Snapshot ext. calls" "Energy (J)" "Time(S)"
0.081574 0.015420 0.078018 63 469570466 24964581 1310181 23654400 1137537 13 12 0 2 603.374023 8.878000000
0.046674 0.019998 0.045527 63 515386377 14667776 1598720 13069056 1831837 11 12 0 3 643.442383 9.248000000
0.058492 0.017308 0.058018 64 470520957 18371417 1394009 16977408 368014 12 15 0 2 696.059265 9.924000000
0.056031 0.043588 0.055520 66 344831179 19040763 3487995 15552768 234446 11 14 0 3 627.748779 9.114000000
0.057534 0.030001 0.056361 64 404013185 18689255 2437607 16251648 592315 13 15 0 4 628.030518 9.252000000
0.063138 0.036130 0.030620 66 312450874 13257107 4612499 8644608 1219771 11 16 0 4 644.168579 9.471000000
0.126422 0.084901 0.056535 70 296312584 27772780 11015788 16756992 1477631 14 19 0 3 625.541199 8.994000000
0.087730 0.059102 0.079856 63 488647120 29262242 5188514 24073728 1104264 15 15 0 3 612.127991 8.803000000
0.079482 0.013507 0.078808 63 441255022 24303921 988209 23315712 1046716 13 14 0 1 585.186768 8.558000000
0.102539 0.049223 0.066094 71 370477232 25439946 5865930 19574016 431464 15 19 0 3 684.666504 9.617000000
0.124872 0.112739 0.046794 64 411854109 27345815 14029463 13316352 1144751 13 26 0 3 680.565857 9.775000000
