"Validation time(S)" "Validation time(S) CPU" "Validation time(S) GPU" "Commits" "Aborts" "Val Reads" "CPU Val Reads" "GPU Val Reads" "Wasted Val Reads" "GPU employment times" "Val success" "Val fail" "Snapshot ext. calls" "Energy (J)" "Time(S)"
0.003874 0.003714 0.000000 22169 267696861 664545 664545 0 0 0 682 0 9 370.535889 5.076000000
0.004930 0.004754 0.000000 21167 269249358 825516 825516 0 0 0 803 0 15 370.075867 5.080000000
0.004022 0.003869 0.000000 21472 257341806 705287 705287 0 0 0 674 0 10 369.983398 5.076000000
0.004418 0.004237 0.000000 21722 257515443 774440 774440 0 0 0 738 0 24 370.734924 5.073000000
0.004383 0.004230 0.000000 22498 253283425 760325 760325 0 0 0 702 0 13 369.556152 5.071000000
0.004262 0.004085 0.000000 21172 257436066 721145 721145 0 0 0 773 0 15 367.626892 5.071000000
0.004859 0.004663 0.000000 21911 241607603 828164 828164 0 0 0 791 0 19 368.001892 5.072000000
0.005198 0.004989 0.000000 21648 257085340 903235 903235 0 0 0 850 0 12 366.766357 5.074000000
0.004781 0.004606 0.000000 22454 247051360 814847 814847 0 0 0 753 0 12 368.431946 5.069000000
0.005127 0.004911 0.000000 22184 257082717 891677 891677 0 0 0 856 0 12 369.011108 5.075000000
0.004310 0.004127 0.000000 21628 245739051 731674 731674 0 0 0 770 0 17 368.647522 5.068000000
