"Validation time(S)" "Validation time(S) CPU" "Validation time(S) GPU" "Commits" "Aborts" "Val Reads" "CPU Val Reads" "GPU Val Reads" "Wasted Val Reads" "GPU employment times" "Val success" "Val fail" "Snapshot ext. calls" "Energy (J)" "Time(S)"
0.004476 0.004304 0.000000 22180 248353237 781345 781345 0 0 0 751 0 18 367.646973 5.071000000
0.003593 0.003407 0.000000 21815 258408403 602990 602990 0 0 0 641 0 17 368.286804 5.071000000
0.003754 0.003588 0.000000 22603 252779141 649094 649094 0 0 0 668 0 8 370.562683 5.069000000
0.004529 0.004350 0.000000 21743 250894569 775392 775392 0 0 0 749 0 15 368.737671 5.070000000
0.004613 0.004421 0.000000 22272 261159603 816092 816092 0 0 0 804 0 19 368.168457 5.072000000
0.004464 0.004237 0.000000 22400 246419846 775323 775323 0 0 0 807 0 18 369.161438 5.076000000
0.004521 0.004327 0.000000 21608 259166574 791626 791626 0 0 0 757 0 20 367.847412 5.065000000
0.003855 0.003705 0.000000 21222 253072754 657576 657576 0 0 0 670 0 11 369.623718 5.071000000
0.005156 0.004961 0.000000 21064 265802014 905943 905943 0 0 0 835 0 16 370.683411 5.091000000
0.003943 0.003742 0.000000 21398 251696143 696866 696866 0 0 0 666 0 16 371.366516 5.085000000
0.004152 0.003932 0.000000 22553 250963771 700372 700372 0 0 0 736 0 11 368.001709 5.062000000
