"Validation time(S)" "Validation time(S) CPU" "Validation time(S) GPU" "Commits" "Aborts" "Val Reads" "CPU Val Reads" "GPU Val Reads" "Wasted Val Reads" "GPU employment times" "Val success" "Val fail" "Snapshot ext. calls" "Energy (J)" "Time(S)"
0.069679 0.028114 0.068591 64 346798136 21585574 2145958 19439616 396390 12 18 0 2 596.036133 9.141000000
0.078703 0.025226 0.069136 63 474285075 24144457 2683465 21460992 308485 13 13 0 1 633.911377 9.071000000
0.054606 0.011468 0.053978 70 294678999 17675716 1214404 16461312 835922 13 19 0 1 482.288818 6.841000000
0.053679 0.027211 0.053315 66 309257649 17792740 2100196 15692544 613769 12 13 0 3 613.588501 9.192000000
0.054357 0.029888 0.064478 64 425944153 17813529 2416665 15396864 330397 12 20 0 2 656.093750 9.498000000
0.042862 0.027971 0.040449 66 290349120 14067934 2310622 11757312 1889643 11 11 0 4 608.284546 9.020000000
0.078207 0.037061 0.072975 63 461612789 24080696 3211064 20869632 870927 15 16 0 2 585.372070 8.664000000
0.103025 0.044827 0.058557 66 378134128 21594550 4552630 17041920 2077397 13 17 0 3 691.069946 9.930000000
0.072726 0.019621 0.083813 63 504938391 22499079 1597191 20901888 1320038 14 15 0 2 644.004028 9.213000000
0.066947 0.042756 0.072673 64 436618126 21124341 3512565 17611776 73736 12 16 0 1 663.201538 9.573000000
0.104408 0.072826 0.071950 63 511723328 28243936 7476448 20767488 1290168 15 16 0 2 646.728333 9.111000000
0.041504 0.012951 0.053845 63 428086349 12694811 1077275 11617536 1988573 11 10 0 3 597.917786 8.815000000
0.049374 0.011615 0.049110 71 363397174 15268455 839271 14429184 1408069 12 16 0 4 687.814209 9.731000000
0.094639 0.051003 0.066527 66 346914209 24775164 5201148 19574016 1316695 14 17 0 3 654.102722 9.370000000
0.121826 0.084199 0.081674 63 470051487 33482007 9101847 24380160 507110 14 16 0 2 632.411926 9.010000000
0.091728 0.059824 0.042917 64 420541658 20867199 8271231 12595968 1101668 14 16 0 4 680.201904 9.759000000
0.124866 0.068823 0.095876 57 583903510 30661493 9345653 21315840 2446498 13 18 0 1 638.375122 8.969000000
0.121434 0.080754 0.082243 64 389402633 30330243 10046595 20283648 263348 14 18 0 2 634.946106 9.203000000
0.097843 0.044962 0.109758 57 462317129 30502743 3735639 26767104 2052423 14 14 0 2 594.574463 8.511000000
0.052054 0.020165 0.051584 70 294059347 16855361 1544513 15310848 1083559 14 15 0 4 600.997742 8.907000000
0.081793 0.037206 0.069334 63 469134370 24804652 3714604 21090048 1223893 14 16 0 4 630.606750 9.303000000
0.043635 0.017583 0.043126 63 472832725 15415538 1862642 13552896 1535507 11 13 0 3 624.579224 9.084000000
0.047874 0.032691 0.043374 70 336358036 15435037 2769181 12665856 1358616 13 15 0 4 657.264587 9.417000000
0.051248 0.038811 0.050576 66 324717837 17489891 3146723 14343168 485198 11 15 0 2 624.965332 9.134000000
0.049329 0.018787 0.061185 70 300103287 15189921 1502625 13687296 1053018 12 17 0 1 625.233643 9.281000000
0.052470 0.040591 0.051772 70 290208488 17824860 3223644 14601216 1511642 13 16 0 4 584.394226 8.510000000
0.084949 0.048416 0.053251 66 278828749 22697321 6391913 16305408 10603 12 26 0 0 488.259033 6.868000000
0.060941 0.021351 0.071443 66 348868732 19304616 1773480 17531136 820152 13 18 0 2 639.435120 9.446000000
0.047633 0.020896 0.041521 70 375126313 13921577 1884713 12036864 718699 11 17 0 1 709.631775 10.109000000
0.068530 0.027941 0.064478 64 382890784 20944186 2246458 18697728 284792 14 16 0 2 622.849182 9.141000000
0.067724 0.030007 0.076944 64 438909228 21074217 2532393 18541824 11395 12 16 0 0 661.980347 9.521000000
