"Validation time(S)" "Validation time(S) CPU" "Validation time(S) GPU" "Commits" "Aborts" "Val Reads" "CPU Val Reads" "GPU Val Reads" "Wasted Val Reads" "GPU employment times" "Val success" "Val fail" "Snapshot ext. calls" "Energy (J)" "Time(S)"
0.004633 0.004442 0.000000 22517 244409502 793576 793576 0 0 0 776 0 9 366.711792 5.067000000
0.004289 0.004118 0.000000 22400 246589779 728607 728607 0 0 0 706 0 14 369.480835 5.079000000
0.004567 0.004347 0.000000 21736 252562547 788228 788228 0 0 0 826 0 17 368.442688 5.074000000
0.004509 0.004329 0.000000 21414 251372035 750837 750837 0 0 0 776 0 8 368.183105 5.078000000
0.004863 0.004661 0.000000 21034 266723107 846831 846831 0 0 0 885 0 23 369.184021 5.074000000
0.004341 0.004176 0.000000 21834 250518105 746182 746182 0 0 0 733 0 20 368.058716 5.074000000
0.004937 0.004720 0.000000 21539 257536685 829453 829453 0 0 0 807 0 18 369.096252 5.073000000
0.004735 0.004549 0.000000 20446 263274498 847575 847575 0 0 0 799 0 24 370.431519 5.082000000
0.004619 0.004437 0.000000 21452 245219846 789984 789984 0 0 0 795 0 19 368.815735 5.079000000
0.004434 0.004272 0.000000 22045 254804599 786270 786270 0 0 0 695 0 7 371.207947 5.078000000
0.004546 0.004366 0.000000 22422 251495107 813409 813409 0 0 0 750 0 18 368.605286 5.076000000
0.004524 0.004327 0.000000 21715 253069816 769736 769736 0 0 0 743 0 11 367.422729 5.080000000
0.003863 0.003712 0.000000 21664 257418708 655009 655009 0 0 0 679 0 13 367.819336 5.081000000
0.004340 0.004158 0.000000 21715 255581014 743718 743718 0 0 0 695 0 15 370.562744 5.088000000
0.004666 0.004493 0.000000 21090 253524808 794902 794902 0 0 0 762 0 21 367.947327 5.063000000
0.004310 0.004123 0.000000 21212 262632059 735616 735616 0 0 0 748 0 22 369.692688 5.080000000
0.004252 0.004091 0.000000 21526 260856720 762182 762182 0 0 0 728 0 13 370.501770 5.080000000
0.004137 0.003973 0.000000 21692 262805948 735488 735488 0 0 0 686 0 13 369.089600 5.090000000
0.004008 0.003845 0.000000 23474 236490351 710218 710218 0 0 0 703 0 18 369.903198 5.089000000
0.004172 0.003996 0.000000 20557 266910592 732970 732970 0 0 0 696 0 12 366.663757 5.100000000
0.004365 0.004197 0.000000 22245 261757080 778877 778877 0 0 0 745 0 18 368.829712 5.075000000
0.004238 0.004030 0.000000 22553 252344101 745482 745482 0 0 0 731 0 11 366.977295 5.074000000
0.004731 0.004556 0.000000 21539 252691530 820821 820821 0 0 0 799 0 23 368.177673 5.076000000
0.004958 0.004708 0.000000 21937 237514045 839267 839267 0 0 0 826 0 20 367.612244 5.072000000
0.004081 0.003901 0.000000 21946 253410525 703830 703830 0 0 0 711 0 17 370.274109 5.079000000
0.004200 0.004030 0.000000 21914 260489052 701102 701102 0 0 0 728 0 13 365.805359 5.070000000
0.004426 0.004240 0.000000 21078 262607223 755188 755188 0 0 0 735 0 12 367.043091 5.085000000
0.004520 0.004338 0.000000 22215 261922764 795761 795761 0 0 0 791 0 21 370.587708 5.080000000
0.004383 0.004216 0.000000 21398 261236518 788576 788576 0 0 0 721 0 15 370.069702 5.079000000
0.004508 0.004308 0.000000 21392 265045578 807772 807772 0 0 0 739 0 13 370.083130 5.083000000
0.004128 0.003966 0.000000 22272 251700037 717649 717649 0 0 0 706 0 9 363.581238 5.084000000
