"Validation time(S)" "Validation time(S) CPU" "Validation time(S) GPU" "Commits" "Aborts" "Val Reads" "CPU Val Reads" "GPU Val Reads" "Wasted Val Reads" "GPU employment times" "Val success" "Val fail" "Snapshot ext. calls" "Energy (J)" "Time(S)"
0.049635 0.022281 0.049356 64 376810298 14216010 1722186 12493824 1237907 10 12 0 1 623.185059 9.203000000
0.073985 0.022957 0.073400 70 309721948 24477645 2108109 22369536 1024349 15 20 0 2 576.571716 8.589000000
0.054038 0.015648 0.078170 64 319357478 16803924 1347924 15456000 540441 11 16 0 2 605.488586 9.521000000
0.073895 0.034932 0.086798 63 460674115 25774470 3378054 22396416 1127979 13 16 0 1 602.478943 8.655000000
0.072168 0.042467 0.068076 71 405605490 23004969 3430953 19574016 959708 13 21 0 2 677.645996 9.888000000
0.084152 0.056579 0.053241 63 433477026 24457814 9087830 15369984 693607 12 15 0 3 601.979187 8.959000000
0.100642 0.059844 0.055186 63 529012820 24244115 8180627 16063488 680845 12 15 0 1 650.835388 9.194000000
0.065735 0.024894 0.074498 64 371225044 20191101 2036349 18154752 313209 15 20 0 3 609.491943 9.238000000
0.056117 0.010705 0.069474 64 415891154 17430353 840017 16590336 1119489 11 13 0 3 656.949280 9.467000000
0.075095 0.017369 0.082718 66 329122144 23717686 1547062 22170624 1755758 14 20 0 3 607.120239 9.170000000
0.043247 0.029673 0.042672 64 425054989 14448957 2379837 12069120 1170268 9 15 0 2 684.084351 9.866000000
0.104277 0.049664 0.067451 64 363073641 27618320 7770128 19848192 780440 14 17 0 1 612.814941 8.952000000
0.059459 0.004071 0.072656 63 491496151 17764316 362204 17402112 1295858 12 14 0 2 609.600098 9.087000000
0.086845 0.049661 0.066058 66 325981359 26402500 6360772 20041728 252970 13 18 0 1 623.449036 9.175000000
0.136483 0.094566 0.056500 63 485345724 28959434 12573386 16386048 828141 14 17 0 2 644.225586 9.195000000
0.096233 0.045619 0.065140 66 340665415 23745372 5284188 18461184 7583 14 21 0 0 594.849731 8.876000000
0.080777 0.040268 0.079153 64 383669280 25751282 3107570 22643712 358741 14 21 0 2 628.200928 9.389000000
0.098982 0.058562 0.091832 63 488677330 32741618 5377778 27363840 912552 16 16 0 2 640.085144 9.139000000
0.059038 0.046200 0.058150 70 339110577 19379881 3569065 15810816 528582 13 14 0 4 660.682190 9.532000000
0.065874 0.004945 0.077300 66 391510834 19970230 406966 19563264 1002117 14 16 0 2 616.896423 8.756000000
0.043950 0.015587 0.042759 66 334895965 13838012 1322684 12515328 387490 11 19 0 3 653.147339 9.423000000
0.066624 0.028096 0.088290 64 372067985 20784616 2269672 18514944 1085318 14 15 0 2 606.317139 8.966000000
0.123707 0.081561 0.068304 57 497319395 31668831 10444383 21224448 326014 12 14 0 2 589.507690 8.567000000
0.057214 0.029475 0.067344 66 316104008 18768396 2317836 16450560 83663 11 16 0 1 618.628113 9.083000000
0.061517 0.014942 0.069313 78 300169967 18982078 1176766 17805312 5989 13 16 0 0 507.269409 7.277000000
0.059389 0.041233 0.058422 70 367241303 19931970 3137346 16794624 187087 11 18 0 1 695.166809 9.909000000
0.029118 0.015861 0.028321 66 357077977 9225659 1183163 8042496 1422426 9 17 0 2 675.255127 9.686000000
0.045342 0.028256 0.044899 63 512186538 14857977 2095353 12762624 702209 10 10 0 2 650.032410 9.339000000
0.084261 0.069919 0.038315 66 347430633 19666830 8893326 10773504 794757 11 17 0 2 681.962830 9.812000000
0.107550 0.069962 0.051031 70 352813196 23398706 8749106 14649600 1136413 12 17 0 2 690.299438 9.965000000
0.056273 0.036153 0.055593 70 328204930 18874037 2848181 16025856 667908 12 14 0 2 661.877625 9.485000000
