"Validation time(S)" "Validation time(S) CPU" "Validation time(S) GPU" "Commits" "Aborts" "Val Reads" "CPU Val Reads" "GPU Val Reads" "Wasted Val Reads" "GPU employment times" "Val success" "Val fail" "Snapshot ext. calls" "Energy (J)" "Time(S)"
0.067349 0.016343 0.065872 64 370818382 20764877 1330637 19434240 997544 12 14 0 3 611.388428 9.036000000
0.078483 0.051925 0.066726 66 277888737 18605675 5972075 12633600 156563 13 18 0 3 579.322571 8.612000000
0.099825 0.072120 0.054566 70 338047964 24810095 9133679 15676416 755759 13 21 0 1 684.667786 9.793000000
0.081891 0.020274 0.080707 63 418786775 26489963 1367915 25122048 1453535 14 14 0 2 601.872314 8.898000000
0.051803 0.016845 0.050858 66 351457015 16409239 1302679 15106560 356406 12 23 0 2 580.161194 8.195000000
0.100778 0.061042 0.041186 63 369428229 22302388 9249460 13052928 2452058 13 18 0 4 605.794128 8.897000000
0.022361 0.019619 0.021862 70 301767285 7377597 1463997 5913600 1099347 9 16 0 3 610.051697 8.814000000
0.071908 0.057865 0.042308 66 292218835 17821015 5741143 12079872 1526218 14 20 0 3 632.172668 9.596000000
0.065198 0.037264 0.091534 63 507566024 23399774 3524702 19875072 853688 13 13 0 2 640.260681 9.150000000
0.081293 0.041303 0.092323 63 505709335 28063138 3758242 24304896 1575478 16 14 0 3 639.639832 9.273000000
0.062208 0.030665 0.088854 66 332490008 19758772 2410420 17348352 708501 12 15 0 3 633.469482 9.088000000
0.071876 0.031369 0.070861 66 448599848 22405358 2535662 19869696 640338 14 15 0 1 670.213684 9.597000000
0.076213 0.023524 0.075621 63 422306782 26026413 2436525 23589888 423600 13 17 0 2 564.686707 8.330000000
0.079850 0.052286 0.058878 66 351003697 22913592 6194232 16719360 1209379 14 17 0 4 668.060974 9.623000000
0.063996 0.020531 0.060416 66 342449077 19200065 1792577 17407488 262460 13 14 0 2 663.020081 9.507000000
0.078280 0.042755 0.049553 66 353883051 19397211 4720731 14676480 1624816 12 15 0 3 697.757568 9.958000000
0.030854 0.004510 0.029915 63 468708022 9274918 388390 8886528 1531079 8 7 0 3 631.054932 9.437000000
0.086752 0.060417 0.090187 66 422841698 27067413 4203285 22864128 1565754 14 15 0 2 667.762085 9.501000000
0.059542 0.032026 0.058829 64 409259887 19402037 2564405 16837632 1151642 14 17 0 2 659.722229 9.631000000
0.084312 0.069769 0.037428 66 350035797 19735813 8973061 10762752 958308 11 21 0 1 688.584290 9.864000000
0.067189 0.028991 0.066360 64 411244103 21089571 2268195 18821376 520421 14 19 0 3 637.280762 9.228000000
0.055257 0.027139 0.049460 63 416614193 16774750 2291806 14482944 536038 11 13 0 2 611.266479 8.844000000
0.085329 0.026167 0.074160 63 481836028 25465048 2783704 22681344 1246097 14 14 0 3 629.309998 9.052000000
0.063308 0.026962 0.062879 63 455457736 22375472 2677808 19697664 529307 12 14 0 3 604.671753 9.014000000
0.091621 0.040501 0.091018 63 494832528 28933789 3064477 25869312 55357 13 16 0 0 621.166931 8.942000000
0.090648 0.037256 0.059097 63 437795805 25026665 6151529 18875136 1086895 14 13 0 4 587.775696 8.607000000
0.092159 0.044814 0.090923 63 452136618 32533442 3986882 28546560 1366778 16 16 0 2 654.349731 9.401000000
0.093879 0.053921 0.091762 63 460262202 32769474 4921794 27847680 1092600 16 16 0 2 614.414001 8.865000000
0.065249 0.013708 0.064509 64 431045391 19888940 1046060 18842880 32821 13 17 0 0 592.367981 8.389000000
0.099145 0.060140 0.053018 66 338972511 23662885 8212261 15450624 308634 14 19 0 1 652.703125 9.365000000
0.100565 0.087563 0.051643 66 342705018 25229349 10456101 14773248 1692503 14 22 0 3 687.785889 9.853000000
