"Validation time(S)" "Validation time(S) CPU" "Validation time(S) GPU" "Commits" "Aborts" "Val Reads" "CPU Val Reads" "GPU Val Reads" "Wasted Val Reads" "GPU employment times" "Val success" "Val fail" "Snapshot ext. calls" "Energy (J)" "Time(S)"
0.152957 0.026511 0.149855 370 844972035 47858829 2275725 45583104 2302148 40 63 0 11 1617.796570 21.619000000
0.262750 0.123884 0.251936 295 965538854 78033185 11548193 66484992 3057200 46 60 0 11 1653.528381 21.931000000
0.128945 0.045484 0.143860 288 836050219 39578099 4123379 35454720 3389220 32 33 0 12 1533.149597 20.314000000
0.235936 0.138112 0.213185 240 816666052 71096658 15073362 56023296 2168692 34 44 0 8 1563.066589 20.615000000
0.181187 0.064465 0.188273 253 691910406 58709382 6099846 52609536 2442022 32 57 0 8 1538.437195 20.438000000
0.235744 0.091598 0.207412 282 842780617 72308192 9038048 63270144 1140238 40 52 0 10 1545.500305 20.377000000
0.252569 0.116262 0.212808 270 823052639 79894233 14919897 64974336 2801572 41 58 0 10 1702.603516 22.908000000
0.235004 0.124135 0.240335 277 904103427 77042935 11364343 65678592 2502508 40 64 0 10 1656.111145 22.269000000
0.243974 0.085713 0.235303 255 858984855 78486219 8184267 70301952 1398955 44 60 0 11 1661.850891 21.758000000
0.131666 0.093730 0.127926 268 807328894 45982908 7931580 38051328 1648443 28 39 0 5 1631.417664 21.232000000
0.204702 0.088410 0.144787 258 814928190 54441082 10454650 43986432 2568916 31 47 0 10 1649.308289 21.854000000
0.178483 0.079587 0.175884 241 709363717 50779600 7572688 43206912 1948981 33 43 0 11 1551.782410 20.615000000
0.270716 0.121872 0.233821 262 862182982 78632031 11598687 67033344 3776894 48 55 0 12 1734.649536 23.079000000
0.291021 0.144902 0.236790 291 784250302 83234516 16013012 67221504 3191782 48 51 0 13 1693.856079 22.507000000
0.215162 0.038882 0.207843 274 764275194 67546560 3539904 64006656 2843218 42 51 0 13 1571.273010 20.533000000
0.217484 0.048037 0.192826 348 844336390 65411812 6195172 59216640 5478803 51 79 0 13 1608.611450 21.003000000
0.195766 0.049464 0.170677 250 930130729 58958968 5505400 53453568 2722984 36 42 0 10 1701.201172 22.817000000
0.193746 0.088735 0.183890 249 1057266703 59761869 8738253 51023616 4150878 36 48 0 11 1700.316467 22.424000000
0.243536 0.117512 0.230480 256 726808409 79035299 10152611 68882688 1629330 43 63 0 9 1567.787964 20.598000000
0.185017 0.080322 0.180591 214 878252921 57689051 7337435 50351616 5354031 40 56 0 16 1713.326294 22.477000000
0.268143 0.079751 0.262430 284 792112972 83584358 8153702 75430656 2940426 47 63 0 12 1603.783875 21.268000000
0.137262 0.106809 0.141683 208 905301226 47926860 9698124 38228736 2095287 28 35 0 8 1575.141479 20.612000000
0.160908 0.079891 0.149871 288 834898372 51384832 7167232 44217600 2601242 40 52 0 11 1598.916626 20.879000000
0.153569 0.042747 0.160976 255 725394585 47078605 3737293 43341312 2057275 36 42 0 13 1547.785522 20.376000000
0.230918 0.088853 0.205277 236 889257163 68554193 9896657 58657536 4433338 42 43 0 11 1621.543335 21.635000000
0.166458 0.046578 0.163490 241 714697490 54337599 3830079 50507520 1276096 31 44 0 7 1552.454407 20.490000000
0.232351 0.083775 0.211839 252 776983849 67610841 8023257 59587584 2128389 40 46 0 10 1622.070435 21.607000000
0.258595 0.086787 0.262886 233 777244381 80601729 7348353 73253376 2356455 43 48 0 11 1594.183289 21.046000000
0.243548 0.112761 0.247118 248 750552316 77556907 10346155 67210752 3437952 39 54 0 10 1548.940918 20.390000000
0.181399 0.057498 0.174259 271 873255045 56207900 5125148 51082752 2860717 39 50 0 11 1623.035400 21.545000000
0.212365 0.099343 0.214253 254 796539053 69789104 9088688 60700416 1621576 40 44 0 10 1558.266052 20.510000000
