"Validation time(S)" "Validation time(S) CPU" "Validation time(S) GPU" "Commits" "Aborts" "Val Reads" "CPU Val Reads" "GPU Val Reads" "Wasted Val Reads" "GPU employment times" "Val success" "Val fail" "Snapshot ext. calls" "Energy (J)" "Time(S)"
0.018045 0.017473 0.000000 81291 915151631 3138349 3138349 0 0 0 2436 0 25 1533.756836 20.120000000
0.016570 0.016022 0.000000 80804 952424091 2864652 2864652 0 0 0 2341 0 22 1525.322388 20.117000000
0.017937 0.017345 0.000000 83442 936286310 2993155 2993155 0 0 0 2468 0 25 1541.873169 20.121000000
0.018807 0.018208 0.000000 80811 946893054 3181941 3181941 0 0 0 2548 0 25 1530.699524 20.116000000
0.018223 0.017640 0.000000 81300 946132296 3026499 3026499 0 0 0 2412 0 29 1536.582581 20.115000000
0.018005 0.017427 0.000000 82352 929581728 3082104 3082104 0 0 0 2383 0 21 1527.445618 20.116000000
0.017390 0.016822 0.000000 82128 924916911 3057825 3057825 0 0 0 2409 0 17 1526.063354 20.115000000
0.017881 0.017292 0.000000 82084 921346558 3021327 3021327 0 0 0 2515 0 25 1524.752014 20.120000000
0.017411 0.016818 0.000000 82630 915238027 2983637 2983637 0 0 0 2414 0 23 1523.655884 20.113000000
0.018058 0.017415 0.000000 80703 938436227 3077082 3077082 0 0 0 2576 0 24 1526.998291 20.130000000
0.017896 0.017331 0.000000 81661 952358076 3112244 3112244 0 0 0 2454 0 20 1535.816895 20.130000000
