"Validation time(S)" "Validation time(S) CPU" "Validation time(S) GPU" "Commits" "Aborts" "Val Reads" "CPU Val Reads" "GPU Val Reads" "Wasted Val Reads" "GPU employment times" "Val success" "Val fail" "Snapshot ext. calls" "Energy (J)" "Time(S)"
0.156841 0.066929 0.148963 256 758047613 50854865 5906129 44948736 1764208 32 32 0 10 1558.563782 20.488000000
0.274034 0.108501 0.263727 282 930129383 80566347 11436363 69129984 4112022 53 65 0 12 1689.587708 22.120000000
0.152685 0.093531 0.146792 272 915397428 49838596 8050948 41787648 3988400 30 33 0 11 1585.472839 20.612000000
0.167114 0.073088 0.133809 276 941944150 47054644 7503412 39551232 1637864 33 44 0 9 1720.699280 22.822000000
0.213336 0.070381 0.203126 288 743075281 68798902 6689974 62108928 2498142 39 51 0 9 1612.508850 21.234000000
0.224427 0.128002 0.187305 243 920419869 63618182 12551558 51066624 2028855 40 56 0 10 1682.673889 22.150000000
0.210341 0.060141 0.195472 213 870408347 64607627 5697419 58910208 2481960 46 55 0 15 1696.298340 22.516000000
0.241667 0.085263 0.220257 217 819680739 75891243 8067627 67823616 4446629 43 60 0 9 1649.519226 22.400000000
0.228916 0.063570 0.224452 320 865913275 74263447 6047383 68216064 3546725 47 60 0 13 1581.488525 20.934000000
0.167411 0.060218 0.173289 277 902082285 52495973 5181797 47314176 1784876 37 40 0 12 1565.881836 20.594000000
0.240680 0.081116 0.219873 297 832580231 75903473 8117489 67785984 2817140 43 51 0 15 1705.047302 22.645000000
