"Validation time(S)" "Validation time(S) CPU" "Validation time(S) GPU" "Commits" "Aborts" "Val Reads" "CPU Val Reads" "GPU Val Reads" "Wasted Val Reads" "GPU employment times" "Val success" "Val fail" "Snapshot ext. calls" "Energy (J)" "Time(S)"
0.245107 0.101216 0.229621 304 739883354 77371233 8467041 68904192 2288603 48 72 0 10 1618.526978 21.503000000
0.220118 0.074399 0.216864 312 795185140 72013749 6458805 65554944 2220003 50 72 0 13 1611.552673 21.209000000
0.184702 0.064413 0.160044 254 835340829 56268914 6997874 49271040 2300555 35 39 0 9 1557.901855 20.475000000
0.197957 0.081429 0.181063 247 822690178 60495181 8245837 52249344 2125761 41 38 0 13 1549.090820 20.349000000
0.185958 0.074429 0.193132 283 920160332 58871979 6208683 52663296 3690226 44 54 0 13 1691.403809 22.562000000
0.161410 0.066497 0.155411 231 923227070 50190117 5402661 44787456 5268951 37 46 0 14 1704.379639 23.205000000
0.207108 0.080570 0.208696 232 848493556 63514157 8152109 55362048 3840846 33 45 0 8 1680.457153 22.682000000
0.194396 0.048746 0.184056 264 1059951192 61025798 4298246 56727552 1602200 36 54 0 8 1694.160400 22.478000000
0.266045 0.106654 0.282459 310 869039913 84021543 8816679 75204864 2803862 52 63 0 13 1623.621521 21.772000000
0.271343 0.109021 0.285825 278 821329533 84432976 8900176 75532800 2626584 48 61 0 14 1563.490417 20.641000000
0.184945 0.079579 0.181900 249 858984410 61201207 7253047 53948160 3108699 31 40 0 8 1557.227783 20.573000000
