"Validation time(S)" "Validation time(S) CPU" "Validation time(S) GPU" "Commits" "Aborts" "Val Reads" "CPU Val Reads" "GPU Val Reads" "Wasted Val Reads" "GPU employment times" "Val success" "Val fail" "Snapshot ext. calls" "Energy (J)" "Time(S)"
0.018675 0.018014 0.000000 82298 941270627 3179410 3179410 0 0 0 2560 0 27 1537.374756 20.127000000
0.017676 0.017121 0.000000 80710 970604345 3074298 3074298 0 0 0 2436 0 25 1529.523804 20.121000000
0.018256 0.017676 0.000000 81817 946340881 3020102 3020102 0 0 0 2389 0 14 1536.200439 20.121000000
0.017722 0.017172 0.000000 81253 959178680 3046194 3046194 0 0 0 2366 0 18 1528.558350 20.109000000
0.017844 0.017231 0.000000 82123 938877847 3038183 3038183 0 0 0 2419 0 16 1540.110352 20.113000000
0.017027 0.016468 0.000000 81585 932874842 2901094 2901094 0 0 0 2371 0 24 1528.585266 20.123000000
0.019138 0.018575 0.000000 81855 943246790 3279225 3279225 0 0 0 2529 0 19 1523.862732 20.141000000
0.018766 0.018153 0.000000 82709 923041526 3195132 3195132 0 0 0 2557 0 27 1527.527161 20.132000000
0.017505 0.016826 0.000000 81478 954841368 3085953 3085953 0 0 0 2401 0 21 1524.547058 20.111000000
0.017126 0.016600 0.000000 79353 961940453 2958127 2958127 0 0 0 2268 0 14 1527.411438 20.117000000
0.017128 0.016539 0.000000 82781 917137681 2939252 2939252 0 0 0 2404 0 24 1524.388062 20.116000000
