"Validation time(S)" "Validation time(S) CPU" "Validation time(S) GPU" "Commits" "Aborts" "Val Reads" "CPU Val Reads" "GPU Val Reads" "Wasted Val Reads" "GPU employment times" "Val success" "Val fail" "Snapshot ext. calls" "Energy (J)" "Time(S)"
0.201197 0.057180 0.184451 247 733306263 58829641 5897545 52932096 3564965 35 37 0 7 1555.253601 20.505000000
0.196739 0.067438 0.195585 243 830194714 61044326 6219878 54824448 2381667 35 55 0 6 1553.431213 20.504000000
0.224414 0.089604 0.204340 235 932283282 67795293 8315229 59480064 3960674 37 38 0 9 1542.158081 20.258000000
0.204269 0.078135 0.203071 278 770130183 66341144 7221272 59119872 3085768 39 45 0 12 1539.068542 20.288000000
0.165627 0.071022 0.157121 205 741199166 56518922 6651146 49867776 1360760 27 38 0 7 1524.140137 20.197000000
0.248266 0.088744 0.243514 269 731438970 77190272 8694656 68495616 6589769 40 48 0 9 1533.030090 20.290000000
0.242255 0.078291 0.222386 252 863523262 76523930 7582106 68941824 1665205 39 60 0 7 1663.189331 22.280000000
0.206775 0.109132 0.181743 234 774191681 63770586 9295578 54475008 4145691 36 42 0 9 1540.128723 20.399000000
0.231675 0.100957 0.253902 240 890265110 78657703 8753575 69904128 1822909 46 52 0 11 1675.021851 22.463000000
0.276924 0.065543 0.260367 306 864379384 85441536 6468096 78973440 2758933 53 53 0 11 1638.129578 21.787000000
0.243651 0.148699 0.190204 265 884329495 70125328 14381584 55743744 2482188 41 51 0 11 1683.847290 22.379000000
