"Validation time(S)" "Validation time(S) CPU" "Validation time(S) GPU" "Commits" "Aborts" "Val Reads" "CPU Val Reads" "GPU Val Reads" "Wasted Val Reads" "GPU employment times" "Val success" "Val fail" "Snapshot ext. calls" "Energy (J)" "Time(S)"
0.075899 0.075825 0.075328 59 0 26501598 4885982 21615616 10295 6 34 0 0 190.492858887 6.221000000
0.085720 0.085626 0.085178 49 2 30083179 5741675 24341504 40628 7 26 0 0 169.647216797 5.393000000
0.074179 0.074116 0.073778 25 1 22708113 4573073 18135040 38519 6 14 0 0 166.589660645 5.383000000
0.076990 0.076918 0.076542 53 0 24206008 4899512 19306496 19281 6 28 0 0 168.988037109 5.501000000
0.084897 0.084821 0.084402 71 5 27002620 6254332 20748288 16458 6 36 0 0 204.849548340 6.628000000
0.080002 0.079927 0.079449 86 3 25619248 5546800 20072448 20212 6 45 0 0 175.600585938 5.638000000
0.064164 0.064094 0.063739 36 0 22215897 4069593 18146304 22933 5 29 0 0 160.138549805 5.356000000
0.048612 0.048582 0.048447 8 0 18124953 3752089 14372864 7700 3 5 0 0 176.120300293 5.482000000
0.080161 0.080089 0.079769 51 2 27814075 5263547 22550528 31447 6 24 0 0 196.876220703 6.346000000
0.088836 0.088747 0.088335 46 1 28362407 5778087 22584320 34568 7 23 0 0 177.891235352 5.895000000
0.064571 0.064504 0.064093 55 0 22495844 4417124 18078720 24512 5 25 0 0 204.429016113 6.361000000
0.085279 0.085208 0.084890 26 0 28550961 6101809 22449152 36662 6 15 0 0 181.653747559 5.803000000
0.062396 0.062334 0.061929 58 1 21349130 3946250 17402880 21037 5 28 0 0 160.450744629 5.236000000
0.060904 0.060858 0.060586 17 0 19849667 4553155 15296512 11752 4 12 0 0 193.822631836 6.046000000
0.080768 0.080699 0.080333 33 1 26814097 5705361 21108736 46101 6 20 0 0 169.068908691 5.495000000
0.058360 0.058276 0.057783 55 6 20086756 3821540 16265216 25799 7 27 0 0 159.709320068 5.142000000
0.072797 0.072732 0.072437 48 3 24818678 4318198 20500480 26378 6 24 0 0 161.333618164 5.221000000
0.061325 0.061266 0.060898 25 0 20654486 3837334 16817152 16959 5 16 0 0 158.664855957 5.187000000
0.063524 0.063460 0.063073 32 0 20049491 3536467 16513024 23016 5 19 0 0 187.478637695 6.249000000
0.070382 0.070317 0.070027 37 0 23999471 5199855 18799616 33336 5 21 0 0 175.382385254 5.465000000
0.087980 0.087893 0.087519 40 2 29821862 5649318 24172544 31131 7 25 0 0 215.236816406 6.921000000
0.058861 0.058816 0.058592 24 0 19106179 4158851 14947328 18207 4 15 0 0 192.781372070 6.314000000
0.051721 0.051669 0.051324 45 1 18058427 3347643 14710784 6963 4 21 0 0 161.240234375 5.210000000
0.078199 0.078134 0.077724 37 0 23919060 5288404 18630656 37382 6 21 0 0 165.309143066 5.346000000
0.087129 0.087046 0.086638 31 1 27709546 5756010 21953536 20901 7 20 0 0 155.000610352 5.142000000
0.052822 0.052775 0.052496 30 0 18096183 3340343 14755840 12764 4 13 0 0 179.118652344 5.692000000
0.125586 0.125456 0.124698 79 3 43652264 8114344 35537920 61848 11 44 0 0 167.244567871 5.336000000
0.066881 0.066816 0.066374 48 1 22693364 4333044 18360320 7942 5 26 0 0 210.494079590 6.670000000
0.073445 0.073379 0.073071 38 0 25054173 4553693 20500480 35465 6 19 0 0 158.352661133 5.239000000
0.100029 0.099930 0.099416 65 1 30391728 6681008 23710720 46297 8 36 0 0 179.453430176 5.702000000
