"Validation time(S)" "Validation time(S) CPU" "Validation time(S) GPU" "Commits" "Aborts" "Val Reads" "CPU Val Reads" "GPU Val Reads" "Wasted Val Reads" "GPU employment times" "Val success" "Val fail" "Snapshot ext. calls" "Energy (J)" "Time(S)"
0.109460 0.109459 0.000000 1 0 305199 305199 0 0 0 1 0 0 660.815887451 21.178000000
0.110340 0.110339 0.000000 1 0 305197 305197 0 0 0 1 0 0 633.106689453 20.140000000
0.109883 0.109882 0.000000 1 0 305196 305196 0 0 0 1 0 0 667.704467773 21.460000000
0.109072 0.109071 0.000000 1 0 305196 305196 0 0 0 1 0 0 650.930480957 20.472000000
0.109304 0.109302 0.000000 1 0 305194 305194 0 0 0 1 0 0 618.303527832 20.183000000
0.111432 0.111419 0.000000 1 0 305194 305194 0 0 0 1 0 0 669.919128418 21.378000000
0.109053 0.109050 0.000000 1 0 305195 305195 0 0 0 1 0 0 624.895935059 20.381000000
0.109151 0.109138 0.000000 1 0 305196 305196 0 0 0 1 0 0 646.367492676 20.299000000
0.110220 0.110210 0.000000 1 0 305198 305198 0 0 0 1 0 0 639.737243652 20.560000000
0.109388 0.109377 0.000000 1 0 305198 305198 0 0 0 1 0 0 682.975463867 21.686000000
0.008632 0.008632 0.000000 1 0 305196 305196 0 0 0 1 0 0 622.380676270 20.257000000
0.109128 0.109126 0.000000 1 0 305193 305193 0 0 0 1 0 0 640.727844238 20.279000000
0.109495 0.109480 0.000000 1 0 305192 305192 0 0 0 1 0 0 635.098876953 20.779000000
0.110093 0.110093 0.000000 1 0 305197 305197 0 0 0 1 0 0 632.894287109 20.508000000
0.108910 0.108907 0.000000 1 0 305194 305194 0 0 0 1 0 0 635.024108887 20.435000000
0.109381 0.109370 0.000000 1 0 305194 305194 0 0 0 1 0 0 628.024291992 20.138000000
0.109571 0.109570 0.000000 1 0 305198 305198 0 0 0 1 0 0 691.673889160 21.941000000
0.109974 0.109967 0.000000 1 0 305199 305199 0 0 0 1 0 0 687.865600586 22.107000000
0.109894 0.109886 0.000000 1 0 305196 305196 0 0 0 1 0 0 657.252197266 21.478000000
0.110165 0.110165 0.000000 1 0 305199 305199 0 0 0 1 0 0 634.850769043 20.211000000
