"Validation time(S)" "Validation time(S) CPU" "Validation time(S) GPU" "Commits" "Aborts" "Val Reads" "CPU Val Reads" "GPU Val Reads" "Wasted Val Reads" "GPU employment times" "Val success" "Val fail" "Snapshot ext. calls" "Energy (J)" "Time(S)"
0.008829 0.001474 0.000000 5709 311077560 151884 151884 0 0 0 408 183 16 355.779846 5.244000000
0.002426 0.001430 0.000000 7005 295875663 170186 170186 0 0 0 395 192 5 357.096375 5.190000000
0.001453 0.001306 0.000000 6547 294454748 152620 152620 0 0 0 397 190 12 352.085571 5.172000000
0.001667 0.001517 0.000000 6143 305929743 149438 149438 0 0 0 403 172 16 356.690247 5.202000000
0.001840 0.001277 0.000000 5235 324372046 139208 139208 0 0 0 368 185 9 362.575500 5.275000000
0.001605 0.001490 0.000000 7443 304706836 158139 158139 0 0 0 383 194 5 359.999878 5.211000000
0.001759 0.001603 0.000000 8244 280276826 185386 185386 0 0 0 397 203 17 354.121033 5.173000000
0.001949 0.001382 0.000000 6519 297654059 159749 159749 0 0 0 395 186 17 352.143311 5.155000000
0.003645 0.003279 0.000000 5846 324227748 146221 146221 0 0 0 368 162 13 358.690979 5.190000000
0.002306 0.002166 0.000000 6943 291622503 181549 181549 0 0 0 425 185 13 354.806580 5.176000000
0.001849 0.001747 0.000000 6963 307710036 168251 168251 0 0 0 424 184 14 359.192322 5.152000000
