"Validation time(S)" "Validation time(S) CPU" "Validation time(S) GPU" "Commits" "Aborts" "Val Reads" "CPU Val Reads" "GPU Val Reads" "Wasted Val Reads" "GPU employment times" "Val success" "Val fail" "Snapshot ext. calls" "Energy (J)" "Time(S)"
0.014570 0.001804 0.000000 7221 292745422 213674 213674 0 0 0 485 202 14 357.940674 5.205000000
0.001734 2.001539 0.000000 7423 304648962 175513 175513 0 0 0 422 187 17 356.990662 5.172000000
0.001513 0.001363 0.000000 7666 330347008 163741 163741 0 0 0 385 183 7 369.115662 5.248000000
0.013675 0.001319 0.000000 6440 290074821 165792 165792 0 0 0 392 179 9 352.617798 5.177000000
0.001310 0.001219 0.000000 7325 297911501 158571 158571 0 0 0 344 166 13 355.697937 5.187000000
0.001798 0.001566 0.000000 7176 303919016 164611 164611 0 0 0 363 169 15 358.960327 5.210000000
0.001619 0.001360 0.000000 6877 306843172 151857 151857 0 0 0 411 188 9 360.117371 5.248000000
0.015739 0.001670 0.000000 7456 296380686 193547 193547 0 0 0 422 192 17 354.182373 5.162000000
0.004127 0.003957 0.000000 7428 288747051 163523 163523 0 0 0 404 179 12 353.651428 5.168000000
0.016656 0.001515 0.000000 6748 304076326 177017 177017 0 0 0 424 175 17 358.027405 5.197000000
0.001662 0.001535 0.000000 6653 284700282 175335 175335 0 0 0 406 176 20 350.527344 5.176000000
