"Validation time(S)" "Validation time(S) CPU" "Validation time(S) GPU" "Commits" "Aborts" "Val Reads" "CPU Val Reads" "GPU Val Reads" "Wasted Val Reads" "GPU employment times" "Val success" "Val fail" "Snapshot ext. calls" "Energy (J)" "Time(S)"
0.000498 0.000362 0.000146 96 651642694 69075 36819 32256 4660496 6 14 48 43 1012.734009 16.628000000
0.152629 0.140396 0.000265 83 304340835 18337029 18299397 37632 3532755 12 35 53 27 1068.611328 17.025000000
0.131283 0.076751 0.000158 121 532189828 3557574 3536070 21504 2308469 7 25 55 41 1073.395264 17.196000000
0.182543 0.154929 0.000215 126 280982902 10056004 10018372 37632 7412270 13 42 59 30 1220.687866 19.312000000
0.217339 0.163473 0.000227 121 412051510 17533059 17484675 48384 5532430 14 46 64 31 1456.529907 25.096000000
0.040954 0.027907 0.000249 127 449470082 4822317 4784685 37632 6278659 11 29 69 49 1344.792114 21.048000000
0.123878 0.123745 0.000125 71 242009246 12838131 12816627 21504 4224415 8 38 37 11 912.387207 14.796000000
0.136835 0.077252 0.000218 138 562105541 3372496 3340240 32256 1924503 10 31 93 70 1315.243347 20.572000000
0.112546 0.084849 0.000270 121 535757568 4200468 4157460 43008 4650468 12 27 61 45 1199.602539 19.279000000
0.110300 0.097362 0.000178 95 295715759 7741598 7709342 32256 3477157 9 40 47 14 963.757141 15.376000000
0.034228 0.034143 0.000149 71 174395439 3882517 3866389 16128 2164323 6 23 38 20 840.257568 13.698000000
0.126274 0.099256 0.000159 71 192871209 8057171 8035667 21504 1946605 7 37 38 12 858.013123 14.100000000
0.135838 0.082195 0.000300 121 282209468 7705007 7645871 59136 11093297 14 36 71 43 1201.352478 18.789000000
0.200218 0.173687 0.000275 126 205254349 12124946 12076562 48384 5243842 14 47 59 26 1022.299500 16.232000000
0.279255 0.248253 0.000239 126 266415481 23005884 22952124 53760 2581147 16 54 64 24 1239.698303 19.858000000
0.074208 0.058744 0.000261 95 157857183 8550348 8507340 43008 4598312 12 32 48 25 839.553223 15.076000000
0.156489 0.143640 0.000284 127 297364547 12107305 12064297 43008 8549538 13 51 75 34 1336.443237 20.456000000
0.050145 0.046162 0.000261 96 304562098 3516482 3478850 37632 8878931 10 38 53 25 1135.738953 18.190000000
0.083547 0.063443 0.000201 96 597412539 3663256 3620248 43008 8843932 9 22 54 42 1289.434326 19.596000000
0.191797 0.133503 0.000223 95 347745919 13722992 13674608 48384 5207054 12 16 34 29 1049.211121 16.784000000
0.000739 0.000516 0.000265 126 468013702 108332 54572 53760 5637593 10 43 76 45 959.129639 16.899000000
0.075803 0.063381 0.000135 121 887784343 3574371 3547491 26880 4318328 7 14 54 49 1454.892517 21.754000000
0.259413 0.245635 0.000164 121 313202740 26838181 26805925 32256 3283168 14 48 58 24 1254.228943 19.135000000
0.000932 0.000823 0.000141 96 665385400 114469 87589 26880 5905190 8 16 55 49 1113.833801 17.181000000
0.173934 0.160075 0.000229 95 473619010 12634464 12602208 32256 8582269 12 24 37 24 1275.093140 20.450000000
0.219797 0.158068 0.000193 87 223265022 19016135 18978503 37632 5794736 12 41 45 14 894.637268 14.646000000
0.175204 0.115727 0.000213 126 922256091 11374027 11336395 37632 10359663 11 33 61 42 1545.818298 23.441000000
0.051035 0.035437 0.000260 134 387612804 2414060 2371052 43008 2113382 11 23 74 61 836.077271 12.867000000
