"Validation time(S)" "Validation time(S) CPU" "Validation time(S) GPU" "Commits" "Aborts" "Val Reads" "CPU Val Reads" "GPU Val Reads" "Wasted Val Reads" "GPU employment times" "Val success" "Val fail" "Snapshot ext. calls" "Energy (J)" "Time(S)"
0.003913 0.003734 0.000098 127 650444865 351131 329627 21504 2110030 6 16 72 64 1291.477539 20.343000000
0.090228 0.062133 0.000179 95 407644715 9913969 9876337 37632 7064423 10 23 49 38 1113.389954 17.743000000
0.075575 0.046411 0.000173 100 320578056 4093090 4055458 37632 4900352 9 22 57 44 945.105286 16.316000000
0.051214 0.035352 0.000206 96 341618548 4313227 4275595 37632 5275167 10 21 50 37 1018.480957 15.409000000
0.196143 0.180546 0.000146 96 378288588 18257223 18230343 26880 5170783 10 44 45 12 1194.040833 18.167000000
0.117839 0.078092 0.000264 151 155931523 8461616 8407856 53760 3626184 13 72 99 39 789.360718 12.893000000
0.071534 0.071473 0.000098 71 262287697 11361376 11339872 21504 3992645 6 33 38 16 979.033997 15.749000000
0.035759 0.004267 0.000283 134 638482620 419575 387319 32256 1681878 10 21 71 60 1120.736328 19.520000000
0.005800 0.005449 0.000253 96 268613509 640635 597627 43008 6111411 10 18 58 50 756.056274 13.085000000
0.168839 0.155966 0.000188 127 281960618 10802415 10764783 37632 3967159 12 55 78 34 1285.491821 19.172000000
0.063954 0.063743 0.000173 100 423587448 3643383 3611127 32256 3391749 8 27 51 35 1077.292603 16.908000000
