"Validation time(S)" "Validation time(S) CPU" "Validation time(S) GPU" "Commits" "Aborts" "Val Reads" "CPU Val Reads" "GPU Val Reads" "Wasted Val Reads" "GPU employment times" "Val success" "Val fail" "Snapshot ext. calls" "Energy (J)" "Time(S)"
0.179643 0.152966 0.000339 126 215534671 11345194 11286058 59136 6006147 16 54 71 30 1111.426758 17.543000000
0.117853 0.090782 0.000190 126 359299344 3542893 3505261 37632 4879076 10 35 75 50 1239.893982 20.478000000
0.054302 0.054055 0.000182 96 228709437 4320229 4282597 37632 8809389 8 46 55 20 953.918457 15.383000000
0.268062 0.227393 0.000232 120 276534926 17165506 17122498 43008 3681263 14 39 44 18 1126.785339 19.233000000
0.170202 0.141697 0.000144 70 218252355 15038495 15016991 21504 1670877 9 31 38 14 797.904114 13.051000000
0.135194 0.093520 0.000191 96 243962676 10276920 10239288 37632 5968922 11 44 59 23 1074.996216 16.711000000
0.039875 0.000271 0.000338 126 505337710 90218 31082 59136 9051205 12 28 73 51 937.207031 15.381000000
0.078463 0.063436 0.000156 70 234398296 9132351 9116223 16128 2253617 8 31 38 14 852.158752 13.825000000
0.045318 0.001453 0.000193 107 266726398 217729 185473 32256 6150158 8 31 59 35 1162.078247 19.341000000
0.061826 0.035219 0.000237 127 552937396 6830062 6781678 48384 5595916 11 41 82 51 1316.017090 20.760000000
0.172219 0.159375 0.000254 96 378600051 18251185 18197425 53760 11368242 13 46 57 21 1207.035156 18.746000000
