"Validation time(S)" "Validation time(S) CPU" "Validation time(S) GPU" "Commits" "Aborts" "Val Reads" "CPU Val Reads" "GPU Val Reads" "Wasted Val Reads" "GPU employment times" "Val success" "Val fail" "Snapshot ext. calls" "Energy (J)" "Time(S)"
0.003814 0.001558 0.000000 6925 305296572 183678 183678 0 0 0 407 187 11 352.297791 5.156000000
0.002238 0.001956 0.000000 6658 287791322 179459 179459 0 0 0 407 186 21 353.256348 5.162000000
0.008919 0.005853 0.000000 6096 301721846 171921 171921 0 0 0 415 179 10 356.212219 5.216000000
0.010685 0.001305 0.000000 5192 321390810 146168 146168 0 0 0 412 200 11 357.298401 5.204000000
0.023917 0.004146 0.000000 7968 280036793 158521 158521 0 0 0 388 185 15 352.703857 5.163000000
0.001738 0.001650 0.000000 6951 303367783 139970 139970 0 0 0 373 171 7 350.347534 5.140000000
0.001893 0.001565 0.000000 6147 316687118 157112 157112 0 0 0 375 185 21 360.573792 5.171000000
0.001570 0.001398 0.000000 5555 309000054 153464 153464 0 0 0 414 215 24 351.769592 5.173000000
0.001659 0.001544 0.000000 7301 291049581 177465 177465 0 0 0 436 198 10 357.032898 5.200000000
0.001838 0.001619 0.000000 5565 322919521 152896 152896 0 0 0 375 178 18 356.747253 5.236000000
0.007141 0.004345 0.000000 7085 304981926 140383 140383 0 0 0 384 181 15 350.082336 5.162000000
