"Validation time(S)" "Validation time(S) CPU" "Validation time(S) GPU" "Commits" "Aborts" "Val Reads" "CPU Val Reads" "GPU Val Reads" "Wasted Val Reads" "GPU employment times" "Val success" "Val fail" "Snapshot ext. calls" "Energy (J)" "Time(S)"
0.020129 0.019880 0.000000 6057 312994697 141284 141284 0 0 0 321 162 23 357.163269 5.195000000
0.001236 0.001164 0.000000 6428 311195836 123836 123836 0 0 0 342 170 6 359.596863 5.171000000
0.001650 0.001387 0.000000 6669 292267809 159316 159316 0 0 0 392 187 15 353.712585 5.187000000
0.003014 0.001545 0.000000 7468 307689021 145515 145515 0 0 0 371 169 18 360.052368 5.197000000
0.001407 0.001294 0.000000 7242 310414489 150788 150788 0 0 0 391 193 12 362.211182 5.221000000
0.002122 0.001509 0.000000 6718 287564148 162143 162143 0 0 0 380 174 10 353.851501 5.213000000
0.001683 0.001463 0.000000 6791 295793094 153051 153051 0 0 0 386 202 7 355.049500 5.182000000
0.017552 0.017443 0.000000 7468 279552061 158784 158784 0 0 0 394 199 32 357.409119 5.213000000
0.001096 0.001009 0.000000 6988 298808942 109277 109277 0 0 0 360 166 10 354.353149 5.167000000
0.005112 0.001669 0.000000 7270 295650796 176602 176602 0 0 0 430 210 9 353.112854 5.162000000
0.001766 0.001276 0.000000 7324 298976389 161606 161606 0 0 0 363 171 8 355.152649 5.158000000
