"Validation time(S)" "Validation time(S) CPU" "Validation time(S) GPU" "Commits" "Aborts" "Val Reads" "CPU Val Reads" "GPU Val Reads" "Wasted Val Reads" "GPU employment times" "Val success" "Val fail" "Snapshot ext. calls" "Energy (J)" "Time(S)"
0.084234 0.056044 0.000203 127 473755494 3286831 3243823 43008 4624300 9 30 69 48 1110.252319 17.925000000
0.101684 0.064173 0.000336 96 352755403 3473079 3446199 26880 6588420 10 23 52 41 819.850708 13.320000000
0.276049 0.248308 0.000328 121 203233303 18832121 18783737 48384 4444944 15 45 64 34 1271.150635 20.281000000
0.122139 0.106220 0.000256 126 295508649 11117770 11064010 53760 2891092 12 65 77 25 1069.844910 17.760000000
0.113436 0.097784 0.000312 127 770578792 5732905 5684521 48384 3850863 13 31 77 59 1350.256897 21.467000000
0.213045 0.169726 0.000190 100 262626103 15217095 15179463 37632 6045781 11 45 50 19 1179.349609 17.853000000
0.081483 0.054887 0.000215 127 280699465 3625338 3587706 37632 9060963 11 29 65 47 1299.517639 20.581000000
0.248111 0.220754 0.000170 121 265628755 19548700 19511068 37632 6819608 12 52 50 12 1187.955872 19.017000000
0.029075 0.000490 0.000204 121 423823830 79117 36109 43008 6157026 9 34 61 37 1150.282715 18.064000000
0.219350 0.189080 0.000262 96 250329846 11703143 11654759 48384 9479170 13 46 47 13 1106.886902 17.300000000
0.119414 0.103966 0.000179 95 250297885 13946448 13908816 37632 5151155 10 48 53 17 963.954529 15.572000000
0.240329 0.199036 0.000252 126 233134642 21880871 21837863 43008 7048559 15 55 55 11 1064.101013 17.264000000
0.292735 0.252625 0.000212 96 341868363 23343137 23300129 43008 10655317 14 32 51 30 1320.285767 20.235000000
0.175157 0.148877 0.000259 126 302554780 11292044 11243660 48384 5580514 14 45 59 26 1231.322571 18.848000000
0.154265 0.138614 0.000177 78 338152852 11580189 11564061 16128 499414 9 39 41 9 1024.654846 15.838000000
0.075028 0.048057 0.000141 126 555203931 2637546 2610666 26880 7252957 8 25 61 48 1149.425049 17.293000000
0.068465 0.052591 0.000316 138 262650640 2425835 2361323 64512 5050604 14 30 99 76 1051.724854 16.135000000
0.019012 0.000486 0.000224 127 457509906 97793 54785 43008 4025778 9 34 90 70 1091.615906 18.148000000
0.003866 0.003685 0.000256 134 994261675 403099 365467 37632 1821167 10 19 71 59 1161.020325 18.861000000
0.226878 0.197236 0.000231 96 290619671 13888329 13834569 53760 9379078 13 38 57 29 991.129333 16.646000000
0.193259 0.148434 0.000133 78 186406929 8322051 8305923 16128 1466773 6 33 39 16 826.142029 14.139000000
0.162788 0.134482 0.000144 95 289164581 7793498 7761242 32256 6928783 11 39 49 22 915.190796 14.745000000
0.173388 0.144809 0.000184 126 871788801 8545753 8502745 43008 7746737 11 19 60 51 1391.041748 21.648000000
0.158247 0.092993 0.000251 100 272880248 6770092 6721708 48384 9280516 13 43 55 23 1087.926086 17.196000000
0.042542 0.000140 0.000304 100 449496896 77829 18693 59136 3482496 11 8 53 51 999.281372 15.484000000
0.122163 0.100884 0.000187 121 262750494 14969363 14931731 37632 1519148 11 25 51 35 1065.619995 17.074000000
0.057081 0.042508 0.000204 138 1047701565 3099302 3050918 48384 1780523 10 24 75 62 1467.638611 22.053000000
