"Validation time(S)" "Validation time(S) CPU" "Validation time(S) GPU" "Commits" "Aborts" "Val Reads" "CPU Val Reads" "GPU Val Reads" "Wasted Val Reads" "GPU employment times" "Val success" "Val fail" "Snapshot ext. calls" "Energy (J)" "Time(S)"
0.005447 0.005146 0.000000 41784 1354613608 739442 739442 0 0 0 812 294 28 1544.710999 20.217000000
0.022623 0.020597 0.000000 40986 1406325948 717153 717153 0 0 0 764 317 13 1564.964111 20.207000000
0.005968 0.005230 0.000000 42872 1317110933 739121 739121 0 0 0 837 365 16 1548.018311 20.235000000
0.019842 0.010622 0.000000 42598 1336013504 685115 685115 0 0 0 814 348 29 1568.057068 20.184000000
0.006331 0.005803 0.000000 42829 1338612146 799716 799716 0 0 0 901 389 25 1531.580078 20.177000000
0.005709 0.005491 0.000000 43335 1342444128 768492 768492 0 0 0 932 385 19 1548.618286 20.196000000
0.024713 0.022573 0.000000 42205 1328130360 755098 755098 0 0 0 835 319 15 1553.068970 20.233000000
0.005327 0.004868 0.000000 41839 1383633209 669965 669965 0 0 0 730 292 21 1543.167603 20.204000000
0.005724 0.005483 0.000000 41733 1337044426 719490 719490 0 0 0 764 299 23 1543.754395 20.206000000
0.005441 0.005113 0.000000 41506 1361860010 683451 683451 0 0 0 778 293 22 1544.570251 20.239000000
0.006395 0.005484 0.000000 42492 1331508147 767252 767252 0 0 0 913 408 22 1537.180969 20.149000000
