"Validation time(S)" "Validation time(S) CPU" "Validation time(S) GPU" "Commits" "Aborts" "Val Reads" "CPU Val Reads" "GPU Val Reads" "Wasted Val Reads" "GPU employment times" "Val success" "Val fail" "Snapshot ext. calls" "Energy (J)" "Time(S)"
0.026964 0.006782 0.000000 43096 1338259748 772657 772657 0 0 0 874 347 43 1542.476013 20.188000000
0.006233 0.005456 0.000000 42240 1343550111 788221 788221 0 0 0 983 412 11 1531.764832 20.178000000
0.006807 0.006107 0.000000 43299 1325659231 793951 793951 0 0 0 970 376 37 1554.808594 20.233000000
0.005485 0.005154 0.000000 43941 1362026962 705380 705380 0 0 0 815 304 11 1549.076660 20.126000000
0.005191 0.004884 0.000000 42166 1352283004 724194 724194 0 0 0 812 316 14 1546.654663 20.269000000
0.005282 0.005052 0.000000 42615 1331715546 725826 725826 0 0 0 807 350 15 1548.206604 20.173000000
0.006352 0.006143 0.000000 44262 1369321158 683534 683534 0 0 0 774 291 17 1562.315674 20.222000000
0.006621 0.006351 0.000000 41949 1366813955 820290 820290 0 0 0 889 350 23 1548.791931 20.171000000
0.005367 0.005107 0.000000 40139 1351326303 705781 705781 0 0 0 740 318 18 1539.155579 20.199000000
0.007220 0.005156 0.000000 40944 1361382943 684299 684299 0 0 0 806 305 22 1551.469849 20.233000000
0.005767 0.005519 0.000000 44517 1303867896 758072 758072 0 0 0 856 343 14 1546.318970 20.197000000
