"Validation time(S)" "Validation time(S) CPU" "Validation time(S) GPU" "Commits" "Aborts" "Val Reads" "CPU Val Reads" "GPU Val Reads" "Wasted Val Reads" "GPU employment times" "Val success" "Val fail" "Snapshot ext. calls" "Energy (J)" "Time(S)"
0.019103 0.001977 0.000339 208 1893403712 419061 354549 64512 12048000 14 21 73 66 2203.887146 30.689000000
0.100422 0.001887 0.000533 231 1355592888 443821 336301 107520 13432807 20 46 120 86 2292.284668 33.602000000
0.002361 0.001991 0.000352 178 1200041075 420303 345039 75264 15625303 14 26 72 57 2121.534363 30.600000000
0.031576 0.002724 0.000327 227 1572470755 476105 416969 59136 4266282 14 32 109 90 2245.392334 32.597000000
0.063504 0.001880 0.000384 230 1726550148 415663 340399 75264 8609699 16 27 99 82 2278.147156 32.563000000
0.154710 0.075913 0.000519 260 948393512 3616269 3514125 102144 8444924 21 65 148 101 2406.095154 34.810000000
0.044407 0.004842 0.000282 192 1508430064 741297 682161 59136 8349645 12 34 107 91 2358.962524 32.659000000
0.124401 0.096385 0.000332 228 2151606555 7185404 7115516 69888 8727987 14 23 104 95 2457.793762 34.740000000
0.026171 0.011705 0.000312 198 1683951155 2184524 2130764 53760 6899363 13 32 73 67 2174.272156 30.044000000
0.079645 0.039743 0.000314 197 755671956 4407181 4353421 53760 9068002 12 71 121 65 1926.849304 28.271000000
0.055109 0.002476 0.000319 236 1896109704 439062 390678 48384 4645548 12 28 99 91 2358.359680 34.054000000
0.075608 0.008066 0.000524 210 1532607716 1199144 1075496 123648 20634658 25 36 105 85 2492.002930 35.915000000
0.054280 0.002029 0.000392 219 1257221206 435409 349393 86016 9309987 16 42 98 78 2139.221130 29.798000000
0.043711 0.002512 0.000284 231 981225958 456696 397560 59136 9354778 15 39 123 107 2077.412292 29.804000000
0.018193 0.002180 0.000292 238 1037919835 412998 359238 53760 7459268 11 40 134 118 2347.323364 33.479000000
0.004157 0.002917 0.000209 179 1381548424 565647 533391 32256 8952060 9 28 68 57 2029.457397 29.643000000
0.048188 0.004477 0.000444 199 1604022447 642400 551008 91392 15830380 18 33 95 73 2156.682922 31.341000000
0.043689 0.004144 0.000394 216 1744633736 652301 587789 64512 3951495 14 41 100 72 2119.095337 30.373000000
0.002435 0.002039 0.000351 231 1406621983 414467 349955 64512 7726252 14 43 96 69 2244.657288 32.537000000
0.040570 0.002037 0.000324 167 1603389640 405768 341256 64512 8861737 13 33 93 72 2043.905396 29.279000000
0.015118 0.001934 0.000317 156 1223107538 402331 343195 59136 24614909 11 26 77 66 2055.831116 30.218000000
0.047746 0.003308 0.000405 243 2370231919 524178 443538 80640 8074796 17 26 98 91 2535.610779 35.766000000
0.020298 0.002979 0.000529 215 1385931351 543759 452367 91392 13365854 20 51 101 67 2052.980225 30.896000000
0.168077 0.073928 0.000436 193 642976065 10870392 10784376 86016 11206717 20 66 115 61 2047.714905 28.769000000
0.028922 0.001912 0.000301 219 1106331276 401843 337331 64512 6650210 13 28 90 75 2130.358582 30.279000000
0.042867 0.001767 0.000303 212 1251853600 382139 317627 64512 8809614 12 31 92 72 2084.207947 28.981000000
0.061845 0.001954 0.000356 207 1614675762 405125 335237 69888 8887376 13 36 83 63 2010.050903 28.346000000
0.144109 0.093395 0.000381 191 914860367 3996905 3916265 80640 14967515 18 57 108 68 2144.885376 30.644000000
0.045543 0.001933 0.000306 191 1349763758 419237 354725 64512 6552769 12 19 101 94 2127.990906 29.490000000
0.121306 0.067368 0.000282 207 613827728 4396019 4336883 59136 7427735 13 69 116 62 2070.867493 29.122000000
0.208144 0.110830 0.000532 248 1355123936 7332332 7230188 102144 9322922 22 63 129 79 2337.014832 33.717000000
