"Validation time(S)" "Validation time(S) CPU" "Validation time(S) GPU" "Commits" "Aborts" "Val Reads" "CPU Val Reads" "GPU Val Reads" "Wasted Val Reads" "GPU employment times" "Val success" "Val fail" "Snapshot ext. calls" "Energy (J)" "Time(S)"
0.025327 0.002335 0.000449 236 1265029012 430829 339437 91392 11205781 17 39 114 96 2385.505188 34.114000000
0.019763 0.002794 0.000360 223 1488720538 493204 428692 64512 8468979 14 30 93 84 2067.994507 30.154000000
0.026285 0.004081 0.000390 215 1592453260 625347 571587 53760 10242422 14 35 112 97 2299.231812 33.314000000
0.033744 0.001897 0.000345 244 1926172638 410524 335260 75264 6619425 14 26 125 113 3088.432800 45.294000000
0.017319 0.001937 0.000316 196 2042553773 415344 340080 75264 10741777 14 32 110 94 2519.438293 35.957000000
0.030979 0.003574 0.000235 137 1295867879 554937 511929 43008 6408180 10 28 80 63 2176.015869 31.003000000
0.028455 0.003541 0.000179 179 1799433851 584001 540993 43008 12002536 9 28 72 60 2272.194580 31.625000000
0.082512 0.002573 0.000410 263 1456549938 488958 408318 80640 5094056 18 39 103 79 2140.959167 30.511000000
0.087817 0.003433 0.000375 197 1233507308 598344 512328 86016 16806346 17 53 118 86 2409.729736 33.293000000
0.041545 0.001850 0.000249 176 1196091886 390172 331036 59136 7302070 12 26 95 86 2046.071533 29.687000000
0.042228 0.035075 0.000400 253 1654852875 4254104 4194968 59136 8880139 17 38 100 84 2203.494385 31.360000000
0.180906 0.138567 0.000404 207 1324142359 7302650 7222010 80640 16791903 17 46 96 67 2351.797363 33.479000000
0.099177 0.067999 0.000445 213 1066976102 4562852 4492964 69888 8457947 17 49 98 70 2170.647705 30.480000000
0.140851 0.097117 0.000320 236 1665285606 4666204 4596316 69888 9701070 16 25 97 88 2450.751526 35.429000000
0.041325 0.001988 0.000383 274 1388161909 430486 344470 86016 6238649 16 53 141 112 2060.669434 28.811000000
0.077884 0.003099 0.000511 230 1446861805 524193 432801 91392 5960533 18 43 134 105 2847.201843 42.470000000
0.204284 0.148303 0.000567 255 1299425532 7496302 7394158 102144 5290809 22 36 139 122 2327.854797 33.521000000
0.033192 0.004685 0.000321 195 1342671353 748101 678213 69888 11324945 14 26 90 81 2415.121155 33.752000000
0.034202 0.004029 0.000263 198 1263567226 638907 579771 59136 12858914 13 25 99 93 2024.560730 28.619000000
0.003180 0.001966 0.000404 259 1106011616 429203 348563 80640 6549916 15 40 139 120 2129.057007 30.854000000
0.157461 0.115307 0.000360 201 2148135937 7270223 7216463 53760 7644103 15 13 74 74 2312.380066 32.453000000
0.023698 0.023242 0.000517 232 1532283164 1035261 938493 96768 11112008 20 44 126 97 2595.374817 36.404000000
0.119642 0.093410 0.000250 190 1577870909 5330596 5276836 53760 11145976 12 26 89 81 2359.513550 33.495000000
0.074440 0.003513 0.000464 253 1863717151 601511 520871 80640 6912912 18 70 158 104 2298.106934 33.011000000
0.016486 0.002445 0.000237 210 1937621416 439305 390921 48384 4282392 10 19 83 77 2054.505005 29.036000000
0.067807 0.025228 0.000224 177 1632795403 1681516 1643884 37632 7519679 11 20 76 73 2251.164734 31.085000000
0.033859 0.005387 0.000414 168 1676238373 726154 656266 69888 18821515 15 30 75 61 2381.928284 33.644000000
0.015325 0.002026 0.000469 208 1176395510 447053 350285 96768 14001230 19 54 120 87 2298.866577 33.598000000
0.036745 0.005258 0.000417 219 1551511925 748895 673631 75264 12571777 16 27 89 75 2061.005493 29.722000000
0.070546 0.046940 0.000267 222 1400520281 5632470 5573334 59136 10457690 13 37 99 82 2265.931763 31.943000000
0.183957 0.097671 0.000331 211 968033253 4499602 4429714 69888 10132673 14 43 98 71 2178.656677 31.314000000
