"Validation time(S)" "Validation time(S) CPU" "Validation time(S) GPU" "Commits" "Aborts" "Val Reads" "CPU Val Reads" "GPU Val Reads" "Wasted Val Reads" "GPU employment times" "Val success" "Val fail" "Snapshot ext. calls" "Energy (J)" "Time(S)"
0.045773 0.002575 0.000289 206 897216948 477608 418472 59136 18292180 12 49 106 76 2136.375244 30.684000000
0.178529 0.103480 0.000542 245 1810633950 3813004 3694732 118272 11292193 24 41 118 89 2414.533936 34.580000000
0.029854 0.001916 0.000371 200 1709674500 423780 343140 80640 9524147 15 23 88 79 2144.748962 30.151000000
0.046956 0.003959 0.000393 229 1699285405 623031 531639 91392 12307711 20 42 113 88 2230.716370 31.426000000
0.030158 0.002300 0.000332 200 1247455110 438124 384364 53760 9644364 12 40 95 78 2159.460999 31.762000000
0.146362 0.093121 0.000462 164 839238485 9011754 8936490 75264 21703223 18 62 94 53 2505.283264 35.938000000
0.019486 0.004149 0.000353 209 1572921467 594652 524764 69888 17190541 14 34 68 50 2050.503845 29.124000000
0.039641 0.002063 0.000383 203 1224927428 425670 339654 86016 8090413 17 34 93 72 2116.872803 29.893000000
0.035303 0.008761 0.000318 192 1563299818 1203134 1154750 48384 11119727 10 22 89 81 2139.629272 30.049000000
0.094745 0.034884 0.000424 220 1256606443 4434743 4354103 80640 16979530 18 39 110 85 2289.438843 32.451000000
0.041305 0.005413 0.000440 279 1328913209 630189 544173 86016 11683928 21 36 133 111 2268.957886 31.634000000
0.072685 0.023744 0.000440 213 1081399065 1535692 1455052 80640 12906809 19 42 105 77 2145.827820 30.140000000
0.050861 0.036792 0.000325 211 1744706157 2698302 2628414 69888 5069883 14 19 91 85 2172.375122 30.859000000
0.130746 0.117513 0.000194 216 1673225222 5461942 5429686 32256 5076703 9 24 85 75 2301.460571 32.710000000
0.073976 0.004648 0.000321 234 1033381703 725698 661186 64512 10045046 16 66 123 71 2072.941406 30.542000000
0.112439 0.093684 0.000298 211 1572402090 7201234 7147474 53760 2746461 14 20 78 74 2153.589294 30.954000000
0.098407 0.062889 0.000523 205 1159654891 3730011 3627867 102144 9295739 21 52 114 78 2582.700378 36.678000000
0.088402 0.017766 0.000465 413 1067412632 2307326 2221310 86016 6145816 21 63 205 169 1731.465271 23.818000000
0.030769 0.003305 0.000315 217 1223603884 554886 501126 53760 8826668 14 34 108 97 2166.221252 30.924000000
0.028749 0.002269 0.000282 207 1583142148 455058 395922 59136 5348912 12 37 101 79 2195.826477 30.289000000
0.053887 0.007728 0.000372 245 1214154829 1012822 942934 69888 12102147 18 92 164 99 2135.107544 29.255000000
0.163857 0.069352 0.000363 253 1515248020 4379516 4304252 75264 10992646 16 46 111 81 2387.203369 34.013000000
0.055573 0.001951 0.000446 215 1161063625 421799 341159 80640 14920949 16 36 95 77 2031.171875 29.589000000
0.091969 0.063071 0.000360 169 1253988961 3709776 3634512 75264 17447660 15 26 80 66 2072.329590 29.153000000
0.081380 0.063831 0.000308 185 1353986377 3799337 3740201 59136 5404492 13 29 104 92 2323.649597 32.584000000
0.122029 0.047292 0.000481 233 1194223328 7026908 6946268 80640 7677926 18 39 110 89 2316.533081 33.884000000
0.099821 0.026632 0.000562 250 623671483 5061376 4943104 118272 10908914 24 77 152 95 1857.419312 27.254000000
0.085880 0.002933 0.000367 235 1127381513 514033 438769 75264 9623909 15 55 130 90 2255.758301 32.333000000
0.140414 0.099285 0.000439 173 1369881746 7299668 7202900 96768 17565574 20 25 81 70 2257.585266 32.117000000
0.070115 0.002293 0.000401 265 1281416613 439849 369961 69888 6735396 14 59 143 114 2231.318665 32.588000000
0.016895 0.002782 0.000366 223 1214063162 517389 442125 75264 9793319 15 41 93 71 2092.713257 30.057000000
