"Validation time(S)" "Commits" "Aborts" "Val Reads" "Val success" "Val fail" "Energy (J)" "Time(S)"
0.00193 50000000 3 134651 90537 0 179.734314 6.052480936
0.001972 50000000 3 133899 90599 0 178.127563 6.038961172
0.001855 50000000 4 130066 89156 0 189.062561 6.219802856
0.001843 50000000 3 127243 87079 0 187.690186 6.271640062
0.001916 50000000 6 130771 89227 0 182.619324 6.089076996
0.001838 50000000 8 128487 87431 0 182.262939 6.210672855
0.00192 50000000 3 132777 90089 0 178.812927 6.039924860
0.002412 50000000 4 133046 90158 0 189.945496 6.296072960
0.002038 50000000 0 131566 89854 0 180.814575 6.147804976
0.001922 50000000 4 128001 87817 0 184.939392 6.176527023
0.00185 50000000 5 125371 87409 0 182.327393 6.233603001
0.001865 50000000 4 134006 90898 0 179.940308 6.064579964
0.001935 50000000 4 129708 88528 0 181.329041 6.203109980
