"Validation time(S)" "Commits" "Aborts" "Val Reads" "Val success" "Val fail" "Energy (J)" "Time(S)"
0.06581 35000000 8 5510433 3840325 0 131.215393 4.208545923
0.066412 35000000 7 5562116 3878553 0 129.779358 4.169831991
0.065164 35000000 3 5475971 3832740 0 129.284302 4.146488905
0.065997 35000000 7 5575214 3875231 0 131.174744 4.191651106
0.065224 35000000 6 5478949 3841971 0 132.112976 4.187583208
0.064646 35000000 12 5378391 3776244 0 131.509705 4.245806932
0.064757 35000000 5 5404692 3824025 0 128.153381 4.114340067
0.066059 35000000 6 5551142 3854801 0 136.993347 4.330880880
0.063906 35000000 10 5365460 3775944 0 130.870117 4.229497910
0.063805 35000000 5 5317908 3748026 0 132.358948 4.245982885
0.066868 35000000 11 5648603 3910917 0 129.517822 4.160504818
0.064488 35000000 11 5256991 3765255 0 130.224365 4.145246029
0.064657 35000000 10 5424995 3792305 0 134.541565 4.269546986
