"Validation time(S)" "Commits" "Aborts" "Val Reads" "Val success" "Val fail" "Energy (J)" "Time(S)"
2.8e-05 2732 229 5975 1218 0 0.153748 0.004966974
2.6e-05 2732 184 5897 1213 0 0.178833 0.004998922
2.2e-05 2732 233 6040 1244 0 0.178589 0.004970074
2.5e-05 2732 249 5880 1200 0 0.180603 0.004930019
2.6e-05 2732 217 6090 1244 0 0.184753 0.004945993
2e-05 2732 247 6032 1230 0 0.182129 0.005027056
2.3e-05 2732 201 5875 1213 0 0.180359 0.004956007
2.8e-05 2732 228 6011 1223 0 0.182922 0.004948854
2.3e-05 2732 229 6108 1253 0 0.157959 0.004948139
2.6e-05 2732 219 5945 1213 0 0.180176 0.005009174
2.9e-05 2732 257 6076 1247 0 0.185181 0.005035877
3.6e-05 2732 217 6055 1239 0 0.183289 0.005009174
3e-05 2732 248 5983 1230 0 0.182251 0.004953861
2.1e-05 2732 243 5946 1219 0 0.183350 0.005015850
2.5e-05 2732 221 5936 1218 0 0.185608 0.005014896
3e-05 2732 214 5994 1228 0 0.184692 0.005011082
2.1e-05 2732 207 5826 1193 0 0.185669 0.005029202
2.3e-05 2732 243 6125 1251 0 0.183350 0.005022049
3.3e-05 2732 293 5996 1229 0 0.182312 0.005014181
2.7e-05 2732 240 6006 1229 0 0.184631 0.004949093
1.7e-05 2732 214 5890 1207 0 0.182434 0.004947901
2.1e-05 2732 183 5838 1193 0 0.176819 0.005055904
2e-05 2732 240 5800 1178 0 0.186890 0.004930973
2.7e-05 2732 267 5993 1227 0 0.185120 0.004951954
2.5e-05 2732 298 5916 1220 0 0.182434 0.004966021
2.9e-05 2732 221 5942 1215 0 0.180725 0.004938126
2.6e-05 2732 270 5900 1202 0 0.182556 0.004945993
2.4e-05 2732 263 6087 1245 0 0.156128 0.004959106
2.4e-05 2732 243 5986 1229 0 0.181213 0.005026102
2.5e-05 2732 231 6026 1238 0 0.186096 0.004935026
2e-05 2732 318 5961 1213 0 0.184082 0.005007029
