"Validation time(S)" "Commits" "Aborts" "Val Reads" "Val success" "Val fail" "Energy (J)" "Time(S)"
1.8e-05 21847 162 5448 786 0 3.718872 0.110486031
1.9e-05 21847 50 5474 786 0 3.756897 0.109865189
1e-05 21847 64 3731 535 0 3.703430 0.109738111
1.6e-05 21847 906 3853 560 0 3.715332 0.109692812
2.2e-05 21847 54 3620 522 0 3.677612 0.109771013
1.3e-05 21847 136 4369 631 0 3.788208 0.110554218
2.4e-05 21847 108 6897 992 0 3.691345 0.109947205
1.9e-05 21847 72 4845 698 0 3.648438 0.109513044
1.8e-05 21847 89 4638 669 0 3.662598 0.109428167
2.1e-05 21847 73 6470 931 0 3.686584 0.109672070
1.8e-05 21847 61 4585 662 0 3.714844 0.110041857
2.3e-05 21847 95 4315 620 0 3.658081 0.109773874
8e-06 21847 79 3833 556 0 3.658325 0.109574080
1.9e-05 21847 128 5770 829 0 3.683716 0.109644175
1.7e-05 21847 7 5250 757 0 3.717529 0.109724998
2.2e-05 21847 106 5461 785 0 3.691650 0.109856844
1.2e-05 21847 43 4396 632 0 3.679688 0.109827042
1.6e-05 21847 1536 4477 648 0 3.671265 0.109805107
1.5e-05 21847 45 5302 764 0 3.753052 0.109729052
1.3e-05 21847 69 3665 531 0 3.722656 0.110238075
1.6e-05 21847 97 3957 570 0 3.735107 0.109551907
1.8e-05 21847 54 3943 569 0 3.653625 0.109617949
1.5e-05 21847 51 3542 508 0 3.685791 0.109801054
2.4e-05 21847 104 5299 769 0 3.682617 0.109863043
1.6e-05 21847 65 4707 678 0 3.707397 0.109627962
2.2e-05 21847 50 4593 663 0 3.679626 0.109686852
1.1e-05 21847 153 4011 583 0 3.674622 0.109591961
1.4e-05 21847 5 4803 688 0 3.677124 0.109735012
1.6e-05 21847 89 4781 693 0 3.677856 0.109596968
1.8e-05 21847 44 3990 574 0 3.687439 0.109836817
1.4e-05 21847 72 4328 628 0 3.687317 0.110108137
