"Validation time(S)" "Commits" "Aborts" "Val Reads" "Val success" "Val fail" "Energy (J)" "Time(S)"
2e-06 176 16 786 45 0 0.191589 0.005028963
3e-06 176 15 765 43 0 0.163025 0.005030870
0 176 15 767 42 0 0.196167 0.004992008
0 176 16 726 40 0 0.189819 0.005025148
3e-06 176 16 754 45 0 0.160645 0.005038977
1e-06 176 15 727 41 0 0.160706 0.005034924
0 176 14 765 43 0 0.192078 0.004984856
1e-06 176 15 788 44 0 0.188538 0.005030155
1e-06 176 15 726 40 0 0.190308 0.005050898
0 176 15 784 44 0 0.192139 0.005038023
4e-06 176 17 826 45 0 0.189636 0.004967928
1e-06 176 19 763 48 0 0.189819 0.005026817
3e-06 176 14 771 44 0 0.190918 0.005002022
1e-06 176 14 765 43 0 0.187561 0.005000830
2e-06 176 16 744 45 1 0.190918 0.005038023
2e-06 176 15 788 44 0 0.193054 0.005028009
0 176 15 744 42 0 0.190674 0.005113125
5e-06 176 16 750 43 0 0.160400 0.005119801
0 176 15 740 41 0 0.192993 0.005021095
0 176 15 784 44 0 0.158264 0.005025864
1e-06 176 15 797 47 0 0.188477 0.005023956
1e-06 176 9 741 42 0 0.188049 0.004912138
1e-06 176 17 752 43 1 0.160217 0.005067110
2e-06 176 15 743 41 0 0.189453 0.005066872
2e-06 176 15 788 44 0 0.157715 0.005073071
0 176 16 739 40 0 0.158936 0.005041122
3e-06 176 15 783 43 0 0.187195 0.005020857
4e-06 176 16 740 40 1 0.194031 0.005043030
2e-06 176 17 735 42 0 0.158691 0.005060911
2e-06 176 11 738 46 0 0.157532 0.004545927
2e-06 176 15 732 42 0 0.189148 0.005304813
