"Validation time(S)" "Commits" "Aborts" "Val Reads" "Val success" "Val fail" "Energy (J)" "Time(S)"
0.042356 25000000 637645 26287910 753031 6123 203.756958 5.881185055
0.039069 25000000 691367 25275846 727169 2200 202.332214 5.864714861
0.01169 25000000 39964 6632932 184040 29 201.780762 5.946614027
0.020261 25000000 286846 12568095 348291 1267 197.859375 5.764499903
0.008734 25000000 12719 4801382 124433 5 196.040405 5.711518049
0.040282 25000000 635097 25960165 746954 3339 195.311279 5.612467051
0.009622 25000000 20632 5300986 141306 2 205.423706 6.038266182
0.038593 25000000 670407 25107369 722938 2965 198.610413 5.754757166
0.040013 25000000 613003 24971196 709756 8382 203.616516 5.879878998
0.040865 25000000 660974 25657799 735159 6484 202.420349 5.869040012
0.042218 25000000 658054 26497222 758435 7833 200.937744 5.824515820
0.040752 25000000 649650 25581185 728708 8660 200.028015 5.785212994
0.04011 25000000 663194 26001187 751743 2140 195.664551 5.625052929
0.039725 25000000 692163 25484803 735971 2220 201.643127 5.839802027
0.040505 25000000 675894 25265385 721611 7077 201.946960 5.852810860
0.039396 25000000 673727 25394568 731026 2560 201.304138 5.823060989
0.039071 25000000 670271 25137285 722010 2541 200.115356 5.801970005
0.039851 25000000 680545 25597098 737810 2684 200.792053 5.788262129
0.042335 25000000 669147 26332772 756169 5689 198.816284 5.770382881
0.03982 25000000 617112 24903507 707739 6769 194.918518 5.647927999
