"Validation time(S)" "Commits" "Aborts" "Val Reads" "Val success" "Val fail" "Energy (J)" "Time(S)"
0.000712 4096 0 621912 3043 0 0.163574 0.005236864
0.00075 4096 0 623554 3060 0 0.176331 0.005291939
0.000855 4096 1 635649 3119 1 0.192932 0.005187035
0.00075 4096 0 626354 3067 0 0.193848 0.005765915
0.000816 4096 0 624481 3067 0 0.162292 0.005233049
0.000771 4096 1 626016 3082 0 0.193420 0.005180120
0.000804 4096 1 628806 3092 0 0.193298 0.005159855
0.000772 4096 1 629393 3094 0 0.162659 0.005208969
0.000774 4096 0 620347 3031 0 0.190613 0.005254030
0.000795 4096 0 628114 3087 0 0.187805 0.005177021
0.000784 4096 0 630110 3093 0 0.196167 0.005138159
0.000784 4096 1 627210 3084 0 0.192932 0.005177975
0.000808 4096 0 622936 3054 0 0.160034 0.005204916
0.000767 4096 1 623450 3057 1 0.190491 0.005223036
0.000805 4096 0 619086 3048 0 0.161621 0.005239010
0.000797 4096 0 629427 3079 0 0.192383 0.005148888
0.000852 4096 0 626313 3072 0 0.161377 0.005181074
0.0008 4096 1 629033 3090 0 0.192810 0.005156040
0.000812 4096 0 616694 3028 0 0.197449 0.005252123
0.000793 4096 3 627714 3082 0 0.192688 0.005223036
0.00082 4096 1 633105 3105 0 0.191650 0.005163908
0.000796 4096 0 627353 3086 0 0.194519 0.005218029
0.000843 4096 0 629492 3093 0 0.190369 0.005162954
0.000765 4096 0 623044 3054 0 0.191772 0.005143881
0.000809 4096 0 628335 3087 0 0.161743 0.005146027
0.000786 4096 1 630321 3099 0 0.189514 0.005123854
0.000798 4096 1 624356 3079 0 0.159729 0.005156040
0.00079 4096 0 621748 3055 0 0.193359 0.005292892
0.000814 4096 2 628944 3090 0 0.189392 0.005241156
0.000783 4096 1 619949 3041 0 0.160583 0.005220890
0.000807 4096 1 623619 3045 0 0.195679 0.005151987
