"Validation time(S)" "Commits" "Aborts" "Val Reads" "Val success" "Val fail" "Energy (J)" "Time(S)"
1.25992 4194304 2982 1011270072 3473186 606 304.081726 9.040994167
1.3037 4194304 2649 989022046 3396688 604 312.844971 9.414988041
1.25886 4194304 3521 1011702286 3474114 619 303.388306 9.026610851
1.25805 4194304 2867 1009282851 3466027 609 304.492737 9.068027020
1.33341 4194304 2868 1008369783 3462002 599 304.681396 9.142148972
1.29374 4194304 2952 1000871308 3436251 643 305.032776 9.155826807
1.30731 4194304 2923 1005747944 3452438 587 304.507935 9.155927181
1.33474 4194304 2985 1007223358 3458299 615 303.463867 9.153620005
1.33164 4194304 3345 1002847972 3442019 556 304.484192 9.210870981
1.37047 4194304 3241 1005747561 3453769 595 307.661438 9.242894888
1.32084 4194304 3650 1003127637 3444176 616 306.931641 9.160863876
1.29782 4194304 3095 1000533629 3435498 636 303.236938 9.131277084
1.33901 4194304 3147 1005906893 3452248 617 307.740356 9.187764883
1.33671 4194304 3029 1007490918 3459140 620 305.379089 9.155080080
1.3363 4194304 3154 1009264847 3465364 587 305.239990 9.113453865
1.29237 4194304 2671 997953178 3426850 598 304.774048 9.180780888
1.33632 4194304 3018 1008491026 3463027 584 306.267334 9.145100117
1.31488 4194304 3477 985747708 3385162 588 308.310242 9.439381838
1.28131 4194304 2946 1003136876 3444694 600 304.840088 9.088196039
1.26767 4194304 2550 1002286207 3442321 573 302.295044 9.121978998
1.28687 4194304 2737 1003111503 3444787 617 304.497375 9.088208914
1.28266 4194304 3029 1002906226 3443925 594 304.493347 9.099781990
1.26048 4194304 2669 1012481653 3476851 578 298.295715 8.975435019
1.29423 4194304 3340 996917870 3424413 578 305.752625 9.193740845
1.25563 4194304 3513 1009840756 3467700 596 299.365173 8.988088131
1.28318 4194304 2694 1001888088 3440759 639 303.209961 9.110139847
1.30677 4194304 2850 990709340 3400636 611 307.134949 9.267467976
1.27473 4194304 2977 1004639062 3450257 565 304.875366 9.074359894
1.30896 4194304 2657 992093690 3406797 595 304.088379 9.190052986
1.28867 4194304 2614 1003810100 3445683 590 303.582092 9.111690998
1.29202 4194304 2875 1010761520 3470323 594 306.295898 9.113174915
