"Validation time(S)" "Commits" "Aborts" "Val Reads" "Val success" "Val fail" "Energy (J)" "Time(S)"
0.331066 2488572 18118545 121530628 569121 2590 351.749207 4.544351101
0.332241 2489738 18339095 121543276 570361 2591 353.243286 4.570719004
0.333595 2488717 18245730 121366167 567686 2383 346.375427 4.541228056
0.332329 2489175 18069113 121381462 568601 2476 347.027161 4.526149035
0.334574 2490097 18158586 121332812 569198 2661 348.425903 4.574815989
0.333994 2488241 17628252 120933906 569279 2477 350.173401 4.673764944
0.333481 2488811 17833911 120953180 569272 2510 346.721558 4.603457928
0.33842 2488607 17823687 121281209 569427 2787 348.235901 4.702572107
0.337902 2488890 17973555 121156058 568419 2624 349.181335 4.696614027
0.335235 2488472 17652988 121066052 568018 2658 347.116455 4.617182016
0.334719 2488546 17433636 121017167 568178 2736 347.328064 4.606616974
0.338708 2488437 17690040 121623774 570959 2965 348.891357 4.714344025
0.334615 2488742 17848970 121123927 567899 2659 348.636719 4.633085966
0.333818 2489814 18085245 121460913 569662 2710 347.573792 4.649199009
0.335124 2489136 17730749 121441961 571078 2560 349.184631 4.660835028
0.331861 2488550 18159258 121569628 568697 2575 344.674438 4.545487881
0.340021 2489437 17851382 121795130 571889 2722 351.138000 4.736191034
0.334255 2488401 17848252 121489296 570036 2580 346.820618 4.620962143
0.335556 2489230 18067884 121257675 568281 2811 351.661255 4.699727058
0.334745 2487652 17656911 121015001 569893 2435 350.980896 4.665877104
0.338903 2488397 17643281 121336600 570389 2451 349.226074 4.731616974
0.340265 2487641 17845367 121321408 569356 2393 355.496521 4.743558884
0.333874 2486392 17278758 120852338 569453 2425 353.063904 4.660547018
0.332702 2486987 17628201 120997910 568124 2222 346.962708 4.632020950
0.338237 2488051 17828019 121315967 568996 3035 351.556580 4.771635056
0.333332 2489157 17681023 121153538 568267 2433 347.313354 4.588122129
0.334457 2489970 18501774 121813746 571008 2635 348.107300 4.605731010
0.332919 2489004 18321520 121505326 568333 2423 345.234802 4.544790030
0.334965 2487871 18022342 120818682 566652 2557 348.774597 4.598694086
0.334489 2489845 18392222 121556420 569043 2952 345.350281 4.523643970
0.337419 2488125 18022399 121608987 570074 2539 343.921631 4.665949106
