"Validation time(S)" "Commits" "Aborts" "Val Reads" "Val success" "Val fail" "Energy (J)" "Time(S)"
4.72442 100000000 1301436 228164702 62256737 697466 362.774231 7.173347950
4.65653 100000000 1312280 219364083 61931007 720224 361.200745 7.159687996
4.69545 100000000 1310527 228065361 62133548 717839 363.157654 7.170516014
4.72461 100000000 1322070 233009068 62149425 737594 364.013977 7.171037197
4.72116 100000000 1336442 226211041 62307794 751399 361.463440 7.142127037
4.675 100000000 1317677 224368595 62061087 739122 362.872375 7.139075041
4.71825 100000000 1330767 230379382 62057526 772883 366.172546 7.221961021
4.68364 100000000 1329908 219277432 62164431 736483 360.467651 7.122694016
4.69508 100000000 1340706 223188408 62151602 758646 361.820923 7.146872997
4.69148 100000000 1332517 224515331 62256102 754062 361.155396 7.129675150
4.72821 100000000 1341933 228070252 62267309 761583 364.670959 7.199128151
4.69162 100000000 1313911 219820969 62157945 723198 359.551697 7.109544992
4.71921 100000000 1331498 233720091 62275740 734622 360.820984 7.128264904
4.68848 100000000 1335884 225214443 62185041 751551 360.477112 7.127776146
4.68616 100000000 1348054 225561742 62021450 771567 360.728760 7.148304939
4.73987 100000000 1328343 234333948 62297498 748467 365.482727 7.184993029
4.7252 100000000 1343819 233032116 62223570 789819 361.967957 7.154315948
4.7303 100000000 1330355 228837702 62325024 747647 360.981201 7.147364855
4.69103 100000000 1334178 227451917 62098518 777360 361.068726 7.144504070
4.69079 100000000 1323245 225531913 62170456 725671 361.604614 7.149005890
4.66857 100000000 1322014 219561363 62080151 704733 359.944397 7.108071651
4.66315 100000000 1328458 221018168 62120257 743036 359.771179 7.094176598
4.66083 100000000 1324198 223063220 62091759 743119 360.739136 7.060176733
4.71978 100000000 1342961 234914538 62406132 765469 362.004822 7.117758191
4.7084 100000000 1301334 229173729 62333383 689999 361.597839 7.104485291
4.72161 100000000 1327196 231157596 62291301 752100 364.908264 7.159784075
4.70976 100000000 1335279 233304317 62081081 766017 361.832947 7.128324379
4.70539 100000000 1334300 226801901 62272665 753402 361.561279 7.121554167
4.72179 100000000 1327393 235255988 62280509 747250 362.498230 7.140179770
4.68833 100000000 1324743 226957332 62229986 740371 361.053589 7.106219419
