"Validation time(S)" "Commits" "Aborts" "Val Reads" "Val success" "Val fail" "Energy (J)" "Time(S)"
0.018468 50000000 1 332644 237521 0 154.634033 3.621317863
0.018153 50000000 0 334386 239851 0 152.460449 3.555201054
0.018078 50000000 0 335193 240580 0 151.783264 3.529908180
0.018211 50000000 0 335133 240907 0 152.570312 3.539931059
0.018138 50000000 2 335629 239987 2 151.805237 3.540502071
0.018031 50000000 1 332038 239097 0 151.279907 3.550524950
0.018376 50000000 1 333484 238454 0 153.658508 3.581328869
0.018314 50000000 2 331585 238683 2 153.695984 3.568041086
0.018043 50000000 1 332864 239554 1 154.794739 3.571637869
0.018318 50000000 2 332417 239451 1 152.720093 3.538784027
0.018182 50000000 2 332543 239679 1 152.681641 3.550382853
0.018073 50000000 1 331307 238786 0 152.564331 3.546916008
0.017977 50000000 1 332353 239041 0 153.497498 3.564043045
0.018033 50000000 0 332283 239437 0 153.044434 3.560606003
0.018123 50000000 6 334315 239964 3 152.466614 3.551912069
0.018349 50000000 5 336724 239939 1 152.583313 3.551853895
0.017826 50000000 1 331354 238155 1 153.542969 3.585949183
0.018105 50000000 4 332484 238722 2 153.129333 3.569715023
0.018193 50000000 3 334716 239937 2 152.772705 3.534504890
0.018654 50000000 3 333982 239372 1 153.412903 3.562415838
0.017351 50000000 1 351117 245829 0 151.675659 3.510671575
0.017055 50000000 1 345179 242892 1 154.198730 3.558467452
0.016768 50000000 1 340742 240146 0 153.758667 3.560703002
0.016842 50000000 3 339158 240597 3 154.226379 3.564217391
0.016958 50000000 0 345031 242354 0 152.730530 3.532888949
0.016869 50000000 1 340680 240753 1 153.308777 3.557481461
0.017077 50000000 3 343705 242040 1 151.665527 3.519345246
0.016995 50000000 0 342138 240985 0 153.826599 3.545127525
0.016959 50000000 2 341805 240774 2 153.737671 3.546262078
0.017031 50000000 1 343707 242044 1 154.572693 3.546789789
