"Validation time(S)" "Commits" "Aborts" "Val Reads" "Val success" "Val fail" "Energy (J)" "Time(S)"
0.000646 11263 2883 149492 4022 904 0.195740 0.003345966
0.000649 11263 2838 144981 3906 891 0.185059 0.003346205
0.000683 11263 2840 152070 4104 895 0.193481 0.003219128
0.000687 11263 2874 146833 3965 929 0.194885 0.003291130
0.000626 11263 2797 144871 3851 879 0.186462 0.003332853
0.000568 11263 2661 127722 3311 797 0.219604 0.005580187
0.000598 11263 2813 145943 3903 885 0.196106 0.003340006
0.000692 11263 2849 146805 3934 916 0.197632 0.003417015
0.000684 11263 2821 148595 3920 880 0.175110 0.003185987
0.000656 11263 2907 149321 4040 960 0.197327 0.003273964
0.000622 11263 2756 144567 3878 884 0.149231 0.003268003
0.000695 11263 2859 148758 4017 923 0.183960 0.003300905
0.000605 11263 2870 151549 4029 937 0.174072 0.003211021
0.000639 11263 2810 145708 3799 905 0.175476 0.003356218
0.000673 11263 2814 150848 4010 949 0.149292 0.003201962
0.000604 11263 2811 148742 3878 915 0.177612 0.003195047
0.00066 11263 2752 147505 3956 866 0.190735 0.003288031
0.000681 11263 2854 149408 4090 911 0.179077 0.003340006
0.000645 11263 2869 151465 4008 936 0.150391 0.003201962
0.000655 11263 2731 145480 3882 918 0.226318 0.003466845
0.000585 11263 2714 135478 3458 841 0.210449 0.004137993
0.000585 11263 2810 144539 3903 841 0.198120 0.003218889
0.000661 11263 2811 147332 3882 946 0.154724 0.003188133
0.000686 11263 2906 152661 4163 948 0.184082 0.003307819
0.000688 11263 2791 144113 3870 882 0.197510 0.003295183
0.00068 11263 2813 146328 3859 874 0.178711 0.003341913
0.000649 11263 2781 147627 4019 878 0.160278 0.003278971
0.000626 11263 2807 146146 3893 904 0.200684 0.003335953
0.000665 11263 2832 150096 3989 907 0.182434 0.003283978
0.000641 11263 2755 142065 3741 866 0.185425 0.003883123
0.000625 11263 2780 145833 3849 892 0.217163 0.003807068
