"Validation time(S)" "Commits" "Aborts" "Val Reads" "Val success" "Val fail" "Energy (J)" "Time(S)"
0.00313 54922 9439 832444 21041 2647 0.636292 0.011595011
0.002998 54922 9465 823683 20537 2768 0.663757 0.012678146
0.003047 54922 9419 835441 20906 2681 0.659546 0.011590004
0.00307 54922 9459 828428 20820 2729 0.637939 0.011550903
0.003086 54922 9470 828790 20954 2787 0.712158 0.013631105
0.003074 54922 9455 823838 20885 2661 0.667175 0.012441158
0.003044 54922 9419 830111 20755 2658 0.689392 0.011680126
0.003117 54922 9322 826978 20908 2610 0.664185 0.011559010
0.003093 54922 9418 830773 20903 2786 0.678467 0.011733055
0.003144 54922 9483 840064 21126 2682 0.685974 0.011511087
0.003057 54922 9619 842294 21228 2736 0.660034 0.011543989
0.003024 54922 9512 832477 21106 2673 0.674988 0.013818026
0.003025 54922 9380 830782 20998 2700 0.722107 0.013972998
0.003076 54922 9501 834880 21128 2658 0.683228 0.011527061
0.002916 54922 9416 824193 20929 2736 0.673828 0.013875961
0.003073 54922 9547 843532 21421 2772 0.662659 0.011877060
0.00299 54922 9472 833678 20941 2659 0.711304 0.014016867
0.003107 54922 9544 852069 21274 2812 0.714172 0.013772011
0.00318 54922 9221 827976 21012 2659 0.659424 0.011507034
0.00304 54922 9461 833454 21080 2712 0.683350 0.013569832
0.003003 54922 9451 828308 21000 2659 0.648987 0.011666059
0.002952 54922 9338 829936 20870 2664 0.651306 0.011629105
0.003109 54922 9436 830931 21020 2704 0.698059 0.014364958
0.003098 54922 9486 838213 21079 2808 0.652466 0.012899876
0.003091 54922 9494 837846 21001 2794 0.670898 0.011498928
0.002959 54922 9357 834042 21031 2748 0.649902 0.011546850
0.003082 54922 9426 837174 21115 2754 0.647644 0.011577845
0.003064 54922 9362 826000 20847 2765 0.692017 0.013366938
0.003051 54922 9384 829006 20827 2711 0.675293 0.012686968
0.003214 54922 9575 831142 21063 2673 0.684937 0.013289928
0.003033 54922 9377 832249 20933 2672 0.657837 0.011555910
