"Validation time(S)" "Commits" "Aborts" "Val Reads" "Val success" "Val fail" "Energy (J)" "Time(S)"
0.000822 21849 320 63449 11339 0 1.334839 0.022679806
0.000888 21849 320 63266 11305 1 1.359497 0.023722887
0.000871 21849 310 63475 11372 3 1.355530 0.023526192
0.000852 21849 304 63355 11314 1 1.373352 0.022652864
0.000807 21849 328 63737 11376 1 1.347900 0.022620916
0.00087 21849 309 63086 11296 0 1.352722 0.022650957
0.000887 21849 340 64073 11421 2 1.340454 0.022824049
0.000834 21849 322 63448 11291 2 1.353149 0.022830009
0.000811 21849 307 63655 11383 2 1.342834 0.022752047
0.000811 21849 318 63736 11347 4 1.356140 0.022713900
0.000857 21849 302 63766 11406 0 1.323608 0.022495031
0.000841 21849 309 63421 11330 1 1.313721 0.022546053
0.00084 21849 311 63513 11332 1 1.372864 0.023527145
0.000849 21849 304 63490 11344 1 1.353638 0.022585154
0.000886 21849 359 63697 11350 7 1.316528 0.022701979
0.000832 21849 337 63875 11392 3 1.362854 0.023042917
0.000835 21849 299 63304 11332 2 1.366455 0.022516966
0.00084 21849 320 63240 11303 2 1.349060 0.022706032
0.000779 21849 343 63221 11230 1 1.347473 0.022632837
0.000787 21849 337 63313 11311 2 1.328430 0.022385120
0.000843 21849 295 64133 11436 2 1.308716 0.022551060
0.000858 21849 318 63613 11327 1 1.324097 0.022413015
0.000772 21849 294 60118 10767 1 1.370789 0.024362087
0.000833 21849 310 63104 11269 0 1.367493 0.022579193
0.000876 21849 309 63241 11367 4 1.375366 0.022479057
0.000818 21849 310 63811 11374 2 1.297241 0.022576809
0.000847 21849 324 63613 11375 3 1.354614 0.022609949
0.000822 21849 307 63461 11374 2 1.327332 0.022526026
0.000813 21849 361 63830 11354 1 1.358765 0.022649050
0.00088 21849 333 63733 11375 8 1.349731 0.022610903
0.000814 21849 315 64212 11470 2 1.351746 0.022782087
