"Validation time(S)" "Commits" "Aborts" "Val Reads" "Val success" "Val fail" "Energy (J)" "Time(S)"
0.003347 87385 1282 325824 42772 0 252.775879 4.370713949
0.003313 87385 1315 324896 42647 2 261.766846 4.567955971
0.003295 87385 1334 323720 42446 0 266.835938 4.639083862
0.003158 87385 1292 317286 41555 1 253.932983 4.376852989
0.003218 87385 1332 326976 42776 0 264.257324 4.630440950
0.003241 87385 1284 325912 42733 1 258.549011 4.544016838
0.003343 87385 1365 329340 43157 2 260.187744 4.555474043
0.00327 87385 1285 323486 42422 0 247.717285 4.369940996
0.003264 87385 1364 327187 42880 2 247.695801 4.352624178
0.003234 87385 1395 329702 43199 0 233.868347 4.113257885
0.003145 87385 1326 318049 41668 0 261.489441 4.639498949
0.003312 87385 1299 327286 42910 1 263.405396 4.603335142
0.003259 87385 1371 327018 42796 1 258.859619 4.545953035
0.003269 87385 1399 326478 42837 1 263.324646 4.626106977
0.003294 87385 1409 330664 43299 1 262.060242 4.596495152
0.003223 87385 1256 317234 41546 0 264.061584 4.642752171
0.003345 87385 1303 325961 42704 2 248.668579 4.350789070
0.003233 87385 1356 326624 42857 1 259.758423 4.557757139
0.003246 87385 1273 324234 42512 0 249.342407 4.359929085
0.003236 87385 1357 328110 42972 0 246.799622 4.347773790
0.003142 87385 1293 322017 42150 0 261.179504 4.570785999
0.003219 87385 1345 320218 42030 1 260.071350 4.558116913
0.003292 87385 1306 326319 42818 1 263.485229 4.630488873
0.003201 87385 1265 320461 42006 2 235.700500 4.126541138
0.003323 87385 1362 327781 42993 0 251.971130 4.415924788
0.003391 87385 1290 328237 43028 1 235.278442 4.120082855
0.003225 87385 1300 323827 42413 0 258.838501 4.543271065
0.003175 87385 1269 325251 42646 1 260.652344 4.552114964
0.003398 87385 1695 340733 44776 4 252.707031 4.447363138
0.003199 87385 1303 319621 41889 0 248.713501 4.363924980
0.003184 87385 1382 327019 42833 0 260.374695 4.557510138
