"Validation time(S)" "Commits" "Aborts" "Val Reads" "Val success" "Val fail" "Energy (J)" "Time(S)"
0.004554 87385 6875 480472 57367 17 54.943604 0.976036787
0.004546 87385 6944 481112 57513 23 55.109680 0.977660179
0.004553 87385 6910 479027 57233 18 54.935364 0.972516060
0.004527 87385 7100 482312 57502 18 55.519653 0.985898018
0.004561 87385 6629 478213 56982 31 54.682495 0.981395006
0.004507 87385 7211 483438 57615 15 55.163147 0.985913992
0.004569 87385 6955 480109 57364 17 54.647888 0.976152182
0.004564 87385 7070 481498 57335 35 55.106445 0.994906902
0.004688 87385 6878 482257 57818 31 55.375183 0.995908976
0.004736 87385 7260 481326 57511 23 55.348877 0.987817049
0.004449 87385 6558 465542 55590 16 54.842285 0.983500957
0.004607 87385 7111 480451 57356 23 55.189697 0.983803988
0.004641 87385 6970 478074 57056 26 55.117249 0.985839844
0.004648 87385 7162 481986 57440 18 55.411255 0.987104177
0.004548 87385 7018 484064 57728 16 55.560791 0.986510992
0.004649 87385 7107 482238 57450 12 55.388428 0.989818096
0.004576 87385 6800 480027 57247 20 55.434204 0.992317915
0.004556 87385 6793 481170 57431 19 54.805542 0.977128029
0.004672 87385 7099 480003 57160 19 55.330627 0.987607956
0.004414 87385 6522 470368 56294 18 55.289612 0.978909969
0.004512 87385 6715 480911 57375 24 54.724976 0.973646879
0.004475 87385 6666 481378 57541 21 54.576355 0.977011919
0.004485 87385 7117 482194 57523 23 55.219238 0.982670784
0.004523 87385 6898 479095 57192 23 55.917603 0.999604225
0.004636 87385 6983 476635 56743 12 55.220276 0.986339092
0.004622 87385 6767 482412 57514 18 54.837524 0.969721079
0.004606 87385 7157 482331 57648 19 55.218689 0.985992193
0.004544 87385 7057 482570 57476 22 55.312439 0.985843182
0.004507 87385 6966 480832 57230 18 54.679626 0.983027935
0.004619 87385 6679 483162 57691 23 51.006592 0.904783010
0.004471 87385 7152 474394 56533 13 55.272095 0.981801987
