"Validation time(S)" "Commits" "Aborts" "Val Reads" "Val success" "Val fail" "Energy (J)" "Time(S)"
0.000118 2734 207 6812 1519 1 0.094238 0.002200842
0.000135 2734 218 7515 1674 1 0.459167 0.014719963
0.000144 2734 206 7533 1659 2 0.103577 0.002250910
0.000127 2734 217 7600 1698 2 0.104065 0.002266169
0.000111 2734 193 7657 1693 0 0.097473 0.002069950
0.000131 2734 232 7600 1699 1 0.097046 0.002237797
0.000128 2734 229 7460 1658 2 0.108459 0.002358913
0.000111 2734 227 7501 1669 0 0.097229 0.002084017
0.000119 2734 209 7576 1672 0 0.089172 0.002220869
0.000119 2734 228 7433 1647 2 0.064453 0.002178907
0.000121 2734 205 7644 1699 1 0.128052 0.002383947
0.000125 2734 228 7346 1630 4 0.067261 0.002070904
0.000118 2734 226 7532 1667 1 0.099426 0.002180815
1e-06 2734 0 20 4 0 0.122559 0.002882004
0.000131 2734 209 7617 1676 1 0.099731 0.002173901
0.000131 2734 254 7459 1657 6 0.088928 0.002148867
0.00012 2734 232 7509 1651 6 0.069702 0.002104044
0.000135 2734 215 7387 1629 2 0.099976 0.002216816
0.000143 2734 213 7595 1684 3 0.110107 0.002189159
4.8e-05 2734 33 3280 716 0 0.086487 0.002870083
0.000101 2734 226 7562 1684 2 0.108276 0.002284050
0.000121 2734 196 6944 1538 2 0.093079 0.002183914
0.000119 2734 193 6876 1511 1 0.093689 0.002184868
0.000124 2734 237 7437 1641 0 0.093445 0.002308130
0.000143 2734 236 7672 1685 3 0.092529 0.002085924
5.6e-05 2734 42 3028 672 0 0.098267 0.002354860
0.000109 2734 213 7427 1655 0 0.064148 0.002117157
0.000139 2734 212 7712 1691 1 0.100525 0.002147913
0.000138 2734 209 7610 1676 2 0.100403 0.002105951
0.000119 2734 223 7597 1671 2 0.110718 0.002283096
0.000119 2734 230 7470 1658 0 0.103882 0.001955986
