"Validation time(S)" "Commits" "Aborts" "Val Reads" "Val success" "Val fail" "Energy (J)" "Time(S)"
1e-05 132 23 1420 78 1 0.280151 0.005273104
5e-06 132 27 1419 79 0 0.315186 0.005992174
5e-06 132 22 1433 75 0 0.260742 0.005358934
1.1e-05 132 22 1420 73 0 0.268616 0.005369902
3e-06 132 22 1446 76 0 0.235413 0.005239964
1e-05 132 22 1424 73 0 0.274048 0.005311012
6e-06 132 22 1438 75 0 0.275330 0.005305052
6e-06 132 22 1442 77 0 0.257629 0.005236864
5e-06 132 22 1431 75 0 0.269409 0.005239964
8e-06 132 22 1435 75 0 0.263977 0.005236149
7e-06 132 23 1438 75 0 0.269775 0.005308151
8e-06 132 22 1450 78 0 0.271484 0.005378008
1.2e-05 132 23 1454 77 1 0.274536 0.005239010
3e-06 132 22 1455 78 0 0.269348 0.005295992
9e-06 132 21 1444 77 0 0.272217 0.005255938
4e-06 132 22 1456 79 0 0.270142 0.005311012
1e-05 132 23 1439 76 2 0.277222 0.005375147
9e-06 132 22 1431 75 0 0.226318 0.005237818
5e-06 132 22 1430 74 0 0.229065 0.005251169
1e-05 132 23 1427 75 1 0.281555 0.005379200
7e-06 132 20 1418 75 0 0.276123 0.005305052
3e-06 132 21 1429 74 0 0.271301 0.005244970
6e-06 132 22 1419 73 1 0.270996 0.005242109
9e-06 132 22 1445 76 0 0.265564 0.005300999
6e-06 132 22 1442 77 0 0.231384 0.005367994
4e-06 132 30 1442 80 1 0.310547 0.006297112
5e-06 132 26 1651 73 0 0.323975 0.006139994
4e-06 132 22 1453 77 0 0.264526 0.005368948
5e-06 132 30 1405 77 0 0.322266 0.006680965
5e-06 132 24 1435 75 0 0.276917 0.005228996
1.4e-05 132 22 1432 75 1 0.270752 0.005294085
