"Validation time(S)" "Commits" "Aborts" "Val Reads" "Val success" "Val fail" "Energy (J)" "Time(S)"
4.83175 200000 157722 3805519714 228738 157717 495.046326 7.648355961
4.88408 200000 158015 3860488180 231201 158013 503.584229 7.773250103
4.75948 200000 157465 3776076311 227762 157465 492.246582 7.645596027
4.81175 200000 157458 3823805297 230548 157456 499.487061 7.741285268
4.76397 200000 157612 3790878803 228806 157609 492.455261 7.648787141
4.80323 200000 158583 3817600433 229611 158580 496.674988 7.678854936
4.74095 200000 156031 3768179070 226198 156029 493.136169 7.690784421
4.73133 200000 156171 3757012598 226302 156170 492.739563 7.683999734
4.81371 200000 158342 3824485392 230646 158342 491.195618 7.633078760
4.77718 200000 156619 3792460183 227764 156619 494.448975 7.694999221
4.80184 200000 157887 3818599929 229524 157886 493.713806 7.652970226
4.64727 200000 153704 3668920276 222360 153700 492.031555 7.773830905
4.65839 200000 151613 3678870151 223713 151613 488.487976 7.748065805
