"Validation time(S)" "Commits" "Aborts" "Val Reads" "Val success" "Val fail" "Energy (J)" "Time(S)"
0.722256 15000000 2188702 236359175 5886190 217236 184.605652 3.522779942
0.716203 15000000 2170473 235093246 5877020 213624 184.048889 3.509480000
0.725588 15000000 2178761 237029594 5902021 220993 185.741638 3.531639814
0.723115 15000000 2187478 236224209 5879615 219520 184.256958 3.507261038
0.718837 15000000 2194208 234676197 5861200 213871 184.563965 3.515032053
0.72264 15000000 2152404 236053703 5894239 218806 184.393372 3.511154890
0.722399 15000000 2181378 235884489 5874645 218596 184.141663 3.508490086
0.719339 15000000 2162035 234851682 5875305 215797 182.824463 3.494843960
0.741903 15000000 2107046 239199440 5950213 227952 184.099243 3.518146992
0.739772 15000000 2127140 238923587 5941012 225549 185.034424 3.525021076
0.715837 15000000 2185780 234735727 5862515 215817 184.605164 3.506547928
0.72199 15000000 2184234 235690218 5871559 221309 184.341370 3.506675959
0.721586 15000000 2186422 235912153 5873440 218827 184.164429 3.515588999
0.721215 15000000 2091881 237132555 5929174 210439 182.484436 3.437327862
0.72225 15000000 2151760 237070827 5922850 214139 186.157898 3.521466970
0.71903 15000000 2187182 235495498 5869893 217213 184.245850 3.514524937
0.721028 15000000 2190752 235723441 5871893 219455 185.056641 3.513081789
0.71877 15000000 2188178 235055042 5864783 216536 184.285034 3.516886950
0.722912 15000000 2190884 236434351 5858658 218859 183.619141 3.513123035
0.723154 15000000 2146216 235658386 5897675 215856 184.871033 3.513059139
0.722648 15000000 2271666 236533449 5898762 222089 188.862427 3.596918320
0.720124 15000000 2279904 236559204 5890295 224238 188.369141 3.594057241
0.718762 15000000 2286200 236179947 5892044 221229 188.465637 3.595849864
0.721288 15000000 2284248 236700048 5891097 224804 190.231262 3.604394209
0.719268 15000000 2274030 236601223 5908697 219919 189.887512 3.599584322
0.721818 15000000 2279987 236626599 5902064 223619 190.213013 3.604093911
0.718409 15000000 2284932 235993003 5891337 220963 190.129211 3.602879079
0.718085 15000000 2269036 236108827 5897763 218755 189.250061 3.587078161
0.717607 15000000 2259214 235993390 5906015 215529 189.534241 3.586314484
0.720721 15000000 2285499 236487337 5892723 222616 189.437012 3.596572091
