"Validation time(S)" "Commits" "Aborts" "Val Reads" "Val success" "Val fail" "Energy (J)" "Time(S)"
0.742717 15000000 2566019 250509082 6097307 223164 217.050964 4.030036211
0.745936 15000000 2572639 250643223 6091185 225258 217.599426 4.035316944
0.741404 15000000 2569146 249600872 6070970 225360 216.960693 4.026362896
0.76041 15000000 2523579 252640586 6136885 239995 218.432556 4.043737888
0.761595 15000000 2508230 253910853 6154803 234133 218.987549 4.038216114
0.747341 15000000 2566750 251872987 6096879 226738 218.524536 4.032362938
0.745368 15000000 2557901 252310839 6108481 223988 218.291443 4.041118145
0.745557 15000000 2568854 250783142 6095252 225677 218.607361 4.034598112
0.744254 15000000 2565167 251024520 6087701 229119 217.457275 4.026581049
0.749893 15000000 2512415 252393071 6144569 231180 217.960449 4.030955791
0.741755 15000000 2567252 250125340 6084397 225617 216.863831 4.028649092
0.745915 15000000 2579029 250883846 6090563 228213 218.859314 4.052651882
0.743667 15000000 2575856 250316804 6087408 226354 218.030640 4.040028095
0.741908 15000000 2575629 250105121 6077212 228665 219.656433 4.030047894
0.743751 15000000 2575736 250546465 6079860 227633 218.327515 4.039072990
0.743279 15000000 2582829 250464762 6076392 228079 218.592407 4.038811922
0.750014 15000000 2519296 251367457 6123888 221933 216.954651 4.014545202
0.74228 15000000 2568103 250780300 6095562 225542 217.254517 4.022746086
0.740266 15000000 2572135 249782595 6073714 221718 216.988220 4.023280859
0.757211 15000000 2510792 252660716 6147021 235292 217.565552 4.028701067
0.748789 15000000 2526575 254277560 6169211 226576 215.379883 3.956266451
0.749121 15000000 2528029 253820445 6168240 223903 215.588379 3.951320625
0.748722 15000000 2529987 253951673 6164961 225911 215.490417 3.954278858
0.749941 15000000 2554427 254301260 6156173 225621 217.522400 3.981961948
0.747348 15000000 2517800 253251301 6176747 215889 217.173523 3.959449476
0.748818 15000000 2526359 253791162 6175711 225991 217.570801 3.967503721
0.750739 15000000 2524295 254221825 6186037 226902 215.731812 3.970092680
0.751812 15000000 2534621 253739459 6175340 226303 218.538940 3.974828565
0.751587 15000000 2549961 254486974 6169162 227652 217.425354 3.974585235
0.750711 15000000 2530608 254373884 6170327 226188 216.250671 3.968551919
