"Validation time(S)" "Commits" "Aborts" "Val Reads" "Val success" "Val fail" "Energy (J)" "Time(S)"
0.064064 25000000 473101 19227990 524752 24934 146.741638 2.649806976
0.06542 25000000 464401 19481272 535650 25595 147.284119 2.660056114
0.072755 25000000 521289 21871162 604643 29278 145.541626 2.632462025
0.07239 25000000 534026 21881983 603748 29942 146.211121 2.647068024
0.072559 25000000 469685 22041439 612097 26574 141.291687 2.523170948
0.071446 25000000 544744 21593526 596687 28716 147.090149 2.649821997
0.074514 25000000 509050 21948774 603768 31032 146.081055 2.640760899
0.07333 25000000 507507 21637189 594433 31099 145.942627 2.628322124
0.074578 25000000 515919 22115017 609866 31335 144.157104 2.627455950
0.073259 25000000 513668 21893630 603380 30888 146.255981 2.626535892
0.071795 25000000 531392 21600969 595695 28114 147.512695 2.650301933
0.073176 25000000 489596 21716237 594831 29812 147.027344 2.647337198
0.072425 25000000 537511 21676342 599910 28635 146.514648 2.638602018
0.07149 25000000 532753 21482401 594315 28682 146.402161 2.637531996
0.07154 25000000 532180 21622494 599032 29018 147.791870 2.648917198
0.072326 25000000 532494 21775196 600996 28453 146.641235 2.637806177
0.071926 25000000 522528 21533919 595623 28925 146.965454 2.645989895
0.072876 25000000 514793 21833018 602877 29359 146.158508 2.636351109
0.072033 25000000 528237 21694174 600673 28533 146.286377 2.627820015
0.071865 25000000 531831 21636241 596834 28660 146.147583 2.641419172
0.07064 25000000 574900 21735602 601097 29397 156.044495 2.848994360
0.070386 25000000 591170 21732828 601625 29836 159.056580 2.896124228
0.06641 25000000 553813 20492156 560745 26033 157.867615 2.843625377
0.070229 25000000 580125 21585864 597866 28556 157.346069 2.861744113
0.069391 25000000 572041 21424975 590080 26984 160.133179 2.884080953
0.068311 25000000 571406 21153718 578248 27678 158.902954 2.863010952
0.070731 25000000 584705 21822670 601603 29620 157.792175 2.868596681
0.071122 25000000 580974 21915869 606475 29682 157.913452 2.857316782
0.070589 25000000 581086 21717206 600463 29802 157.481995 2.859856018
0.070937 25000000 588700 21820024 603779 30162 157.598877 2.864551388
