"Validation time(S)" "Commits" "Aborts" "Val Reads" "Val success" "Val fail" "Energy (J)" "Time(S)"
0.002607 12898 423698 766493 813 171 231.511902 5.088000000
0.002806 12674 442765 803031 875 171 232.286438 5.105000000
0.002791 12744 423141 779631 843 167 232.124939 5.099000000
0.003148 12895 432503 919305 903 187 233.094299 5.091000000
0.003248 13057 442265 855298 878 153 232.782593 5.097000000
0.002429 12356 442893 719791 831 163 231.811707 5.093000000
0.002792 13055 416604 818902 877 178 233.647827 5.102000000
0.002955 12886 399114 852345 900 167 233.788696 5.085000000
0.002988 13269 396232 801765 848 139 234.206238 5.112000000
0.003002 12591 449601 796739 795 167 232.508179 5.089000000
0.0031 12591 433650 892184 879 154 232.824707 5.101000000
0.002166 12606 437608 657740 802 173 232.677246 5.100000000
0.003071 13250 416718 856154 853 177 233.784119 5.123000000
0.003053 12898 444710 853259 870 170 233.044983 5.101000000
0.002926 13139 442271 761945 826 177 233.053406 5.081000000
0.003533 12451 463072 952513 887 158 233.605835 5.103000000
0.003317 13006 446122 837596 864 154 233.554260 5.096000000
0.003158 12692 412384 845096 877 154 232.249939 5.085000000
0.003151 13407 442631 887702 875 169 231.754211 5.103000000
0.002911 12473 451361 807219 875 154 233.245178 5.100000000
