"Validation time(S)" "Commits" "Aborts" "Val Reads" "Val success" "Val fail" "Energy (J)" "Time(S)"
0.002632 12530 438684 735927 824 136 232.105774 5.090000000
0.002833 12898 448679 804185 831 180 233.131958 5.110000000
0.003215 12576 447998 874936 826 151 232.943054 5.092000000
0.003041 12615 450681 825675 809 173 232.347717 5.108000000
0.003709 13004 434660 928341 887 163 232.936890 5.101000000
0.002784 13055 432803 804424 891 163 232.697266 5.103000000
0.003123 12368 441956 815477 858 159 233.123474 5.095000000
0.002796 12582 423547 805469 828 154 233.374329 5.104000000
0.002843 12751 429840 793610 825 156 233.032959 5.087000000
0.003596 13462 412115 940819 961 160 232.047668 5.087000000
0.003708 12606 431160 966390 925 203 233.176880 5.098000000
0.002918 12452 444134 838110 865 174 233.789795 5.105000000
0.003266 13007 417126 811091 844 187 233.491333 5.107000000
0.003455 12352 441669 904137 902 150 233.464417 5.098000000
0.003241 13315 433882 836800 805 183 233.028748 5.095000000
0.003385 13275 442366 914933 866 162 233.392944 5.112000000
0.003628 12675 471415 928655 862 169 232.497986 5.095000000
0.002811 13003 436101 836532 892 162 234.188049 5.114000000
0.002355 12264 430866 721041 857 154 232.885315 5.118000000
0.002602 13244 444167 828899 879 149 233.650024 5.119000000
