"Validation time(S)" "Commits" "Aborts" "Val Reads" "Val success" "Val fail" "Energy (J)" "Time(S)"
0.002078 63 1148045 361911 23 11 292.100342 7.096000000
0.005188 70 1243527 949403 32 9 315.467468 7.932000000
0.009603 70 1343289 2193423 30 14 313.452209 7.509000000
0.007843 63 1334322 1371455 22 14 317.770874 7.715000000
0.011855 64 1381628 2695251 28 6 313.665588 7.498000000
0.011141 64 1383407 2004432 27 11 338.092834 8.218000000
0.015517 64 1371834 2734896 25 9 324.410889 7.805000000
0.017059 63 1148644 3151788 35 11 327.579468 7.349000000
0.020415 64 1179864 4281863 30 9 331.695190 7.767000000
0.019462 64 1393024 4074867 35 9 351.810852 8.280000000
0.025367 64 1237910 4658686 26 14 297.166504 7.043000000
0.011985 64 1278942 2088574 27 13 332.106140 7.831000000
0.0067 63 1214630 1039439 27 12 293.279236 7.071000000
0.010569 64 1371856 2276196 28 15 339.974121 8.071000000
0.019273 64 1252946 3870669 30 8 331.315796 7.871000000
0.009387 64 1316805 1734818 28 15 326.131226 7.722000000
0.00322 63 1334414 541384 24 10 314.151306 7.394000000
0.001997 70 1113266 334602 30 11 327.509155 8.164000000
0.023935 64 1243374 5279431 26 11 328.597351 7.724000000
0.0091 63 1024397 1786913 29 13 302.928528 7.289000000
