"Validation time(S)" "Commits" "Aborts" "Val Reads" "Val success" "Val fail" "Energy (J)" "Time(S)"
0.003692 71 1069746 636029 34 9 318.532898 7.824000000
0.00722 63 1399670 1314422 25 10 325.838867 7.749000000
0.00463 63 1213178 772372 23 12 312.731079 7.585000000
0.04137 64 1282459 7241806 31 12 327.283081 7.886000000
0.002896 64 1260548 457188 27 12 302.121887 7.091000000
0.028131 64 1213065 5002220 33 11 335.548889 7.818000000
0.010939 63 1295850 1777462 26 12 304.285461 7.419000000
0.00674 64 1045544 1475706 31 6 314.493774 7.655000000
0.003058 63 1232696 489017 26 8 295.567017 7.052000000
0.006908 64 1424908 1187395 22 15 330.868713 7.693000000
0.013285 64 1254130 3103098 26 15 314.577881 7.343000000
0.010445 64 1279201 1825004 33 11 329.832275 7.952000000
0.039673 64 1148296 6204252 37 8 308.491516 7.336000000
0.023701 85 1100601 4970166 38 11 338.893005 7.708000000
0.003907 64 1326409 719748 27 13 297.549438 7.245000000
0.010049 87 1151250 1869992 38 17 257.025513 5.746000000
0.031112 63 1263618 5562912 27 13 302.014954 7.098000000
0.003623 63 1474741 669808 27 8 344.970032 7.907000000
0.019286 63 1312045 3455410 26 14 319.424927 7.511000000
0.023815 64 1094022 4530419 29 9 311.920715 7.300000000
