"Validation time(S)" "Commits" "Aborts" "Val Reads" "Val success" "Val fail" "Energy (J)" "Time(S)"
0.003409 57 1263624 592656 23 9 290.416809 7.070000000
0.009533 64 1199504 1949848 31 8 295.634033 6.970000000
0.025125 64 1343820 5029648 31 8 337.215759 7.926000000
0.011232 64 1241972 2206108 27 10 356.237000 8.285000000
0.004315 63 1336272 707783 23 16 315.451172 7.381000000
0.009219 63 1320143 1578633 28 11 312.992126 7.468000000
0.001909 63 1226879 346590 21 13 309.183777 7.140000000
0.002672 70 1232156 439297 24 19 331.292664 8.010000000
0.020638 64 1257243 3821277 33 13 292.123962 6.877000000
0.003259 63 1321449 593326 29 8 334.672852 7.870000000
0.021616 64 1356412 4290450 32 12 322.836792 7.572000000
0.006293 64 1230325 1030058 30 6 329.553406 8.052000000
0.018654 63 1259068 3499352 30 8 331.662292 7.761000000
0.010851 64 1191602 2068006 32 10 308.184204 7.250000000
0.004889 70 1036772 960877 32 13 281.721680 6.715000000
0.003447 71 1022347 620920 33 9 307.059448 7.570000000
0.002889 63 1300863 461833 26 10 317.514648 7.526000000
0.00643 64 1084064 1177197 27 11 307.705872 7.452000000
0.006115 64 1253661 1054652 28 11 335.404663 7.822000000
0.007251 70 1540707 1303198 31 18 324.992798 7.843000000
