"Validation time(S)" "Commits" "Aborts" "Val Reads" "Val success" "Val fail" "Energy (J)" "Time(S)"
0.01093 64 1256052 2413369 28 12 321.206970 7.832000000
0.007454 64 1277030 1399035 30 12 310.514526 7.402000000
0.002204 64 1058498 444989 29 9 310.494507 7.579000000
0.013286 64 1246108 2337196 30 10 313.825378 7.512000000
0.007702 64 1142697 1658391 34 4 328.131531 7.864000000
0.003387 71 1041062 570004 29 15 316.100037 7.795000000
0.008471 64 1081885 1510936 28 12 307.261780 7.363000000
0.005744 63 1084040 963042 25 13 277.026367 6.667000000
0.02673 71 1149049 4880794 32 11 311.713135 7.636000000
0.009235 64 1118702 1852665 30 9 300.021912 7.194000000
0.002446 63 1197268 397503 26 13 293.117310 7.125000000
0.001844 63 1283056 329994 22 10 300.423584 7.091000000
0.004811 64 1191928 1030154 28 7 308.844238 7.469000000
0.016979 63 1292739 3292902 32 6 321.039551 7.554000000
0.010999 63 1252976 1807297 25 11 297.973511 7.211000000
0.003836 63 1523988 721321 30 7 351.763306 8.065000000
0.003743 64 1357440 797168 23 14 311.222595 7.571000000
0.002655 64 1222757 444330 25 12 297.788208 7.270000000
0.010812 64 1169551 2123690 33 7 321.641418 7.583000000
0.025771 64 1356031 4585139 27 15 327.128540 7.678000000
