"Validation time(S)" "Commits" "Aborts" "Val Reads" "Val success" "Val fail" "Energy (J)" "Time(S)"
0.009534 64 1185029 1696526 30 11 310.192932 7.443000000
0.01232 64 1361856 2468900 28 8 335.705322 7.946000000
0.007285 64 1218724 1478308 28 7 314.727661 7.652000000
0.003453 64 1372803 698007 25 11 333.255798 7.865000000
0.006884 64 1162552 1404134 29 6 312.793945 7.390000000
0.018807 64 1199050 3554736 35 7 329.952698 7.731000000
0.005018 64 1074171 1082129 28 10 324.238770 7.842000000
0.00836 64 1233578 1764916 29 12 324.716064 7.742000000
0.006875 70 1190071 1056252 28 11 296.835571 6.961000000
0.025126 63 1366420 4608196 27 10 319.014587 7.522000000
0.001758 64 1135241 327533 28 13 324.189270 7.833000000
0.010722 63 1435703 1790207 15 25 319.475464 7.527000000
0.003816 64 1201507 669238 36 2 323.503357 7.917000000
0.001553 70 1476932 276898 33 16 329.225098 7.899000000
0.033982 63 1370141 7763369 26 13 314.419312 7.666000000
0.005648 64 1407407 1174189 26 11 337.325317 7.994000000
0.008452 70 1084156 1807637 31 5 330.654419 8.121000000
0.031836 64 1244323 6411990 29 15 308.095520 7.323000000
0.032237 64 1143775 6818091 31 10 317.704285 7.477000000
0.009463 64 1206320 2055574 28 8 296.942688 7.001000000
