"Validation time(S)" "Commits" "Aborts" "Val Reads" "Val success" "Val fail" "Energy (J)" "Time(S)"
0.163313 1000000 734 108197519 28374 734 355.296570 5.830417871
0.16233 1000000 766 106343725 28173 766 358.963989 5.941113949
0.163654 1000000 793 108071768 28303 793 344.552246 5.735790968
0.163653 1000000 873 108800453 28428 873 337.211426 5.601096651
0.161075 1000000 795 106918351 28302 795 334.865234 5.568359596
0.163998 1000000 858 109355861 28732 858 341.237061 5.613183840
0.163428 1000000 825 108488137 28657 825 338.273926 5.619689161
0.163061 1000000 834 108399218 28690 834 345.287170 5.632184899
0.162028 1000000 797 107927933 28422 797 346.267761 5.632638282
0.158491 1000000 824 105817578 28487 824 335.003906 5.462319205
0.162213 1000000 792 107565472 28247 792 344.641113 5.695327746
0.164083 1000000 837 109200372 28676 837 337.657410 5.643343493
0.162085 1000000 815 108178052 28443 815 345.252380 5.641981784
0.163955 1000000 837 108857270 28805 837 342.074219 5.621998571
0.161297 1000000 799 107312967 28478 799 340.547119 5.560413304
0.165122 1000000 862 109868032 29094 862 337.352966 5.516755154
0.163659 1000000 861 108130640 28369 861 336.068115 5.542824529
0.165649 1000000 827 110306100 28571 827 351.940308 5.772988115
0.161101 1000000 898 107177388 28354 898 336.715454 5.515054190
0.166566 1000000 775 110730541 29260 775 343.480164 5.701939641
