"Validation time(S)" "Commits" "Aborts" "Val Reads" "Val success" "Val fail" "Energy (J)" "Time(S)"
0.45489 80000000 236381 111811220 2877163 232122 386.776550 6.507364035
0.453355 80000000 242717 108748608 2877492 237802 372.881287 6.316672087
0.407272 80000000 212592 84949010 2771511 207698 331.314941 5.674782991
0.449903 80000000 219537 103800811 2909698 214761 354.783142 6.058107201
0.445097 80000000 245170 100634188 2889018 240635 348.316528 5.993325442
0.45888 80000000 250903 109893434 2945517 246484 363.820129 6.145605374
0.455632 80000000 226291 104219247 2920233 221880 357.453064 6.032025165
0.430582 80000000 204052 101939257 2784538 199956 368.903809 6.497940962
0.433991 80000000 225160 94349869 2877201 220165 330.262146 5.689828421
0.480789 80000000 248491 121293676 2964670 244132 378.197754 6.411325487
0.448237 80000000 236409 105963829 2904868 232154 362.474548 6.229124493
0.439139 80000000 244956 94934862 2885933 240627 343.313049 5.921371471
0.459269 80000000 215522 109372219 2957161 211319 359.844849 6.068377727
0.443186 80000000 279121 99061385 2921131 274613 345.377136 5.952737613
0.430655 80000000 218188 96835117 2887836 213779 337.459839 5.771019489
0.41443 80000000 228723 86767726 2862244 224249 315.919678 5.389063732
0.470431 80000000 240686 114181613 2954665 236016 382.976196 6.520426777
0.477487 80000000 241681 117083759 2971455 237187 379.196167 6.384506155
0.454411 80000000 235098 102475388 2905880 229961 353.573853 5.986982669
0.443113 80000000 227355 97515566 2908450 222965 341.831848 5.840419685
