"Validation time(S)" "Commits" "Aborts" "Val Reads" "Val success" "Val fail" "Energy (J)" "Time(S)"
2.96772 750000 37440 1953640053 534644 37438 336.507324 5.357096910
2.99254 750000 36997 1962448049 534947 36997 339.409180 5.388755083
2.9322 750000 37856 1941997264 531635 37856 336.865234 5.261593103
2.95332 750000 36875 1958491321 532537 36875 334.828247 5.327238544
3.01288 750000 37215 1990540378 536109 37214 340.191162 5.399686049
2.964 750000 36601 1957201137 532778 36599 336.738281 5.313204867
2.924 750000 36572 1934650992 531346 36572 331.847778 5.234325027
2.96055 750000 37445 1958402154 533775 37442 336.475647 5.305925072
2.90609 750000 37357 1932438759 531354 37357 331.404846 5.230160083
2.9493 750000 37195 1953126076 536687 37195 334.621643 5.269035259
2.89457 750000 36242 1923424141 530625 36242 331.513428 5.224957326
2.99077 750000 36304 1984741990 535455 36303 343.618958 5.382378580
2.96322 750000 36772 1957064382 532061 36772 338.792419 5.302809575
2.96507 750000 36894 1960604306 533514 36894 335.571533 5.336690998
2.94017 750000 37398 1948945651 535433 37398 334.183716 5.276247638
2.96477 750000 36542 1958958963 533347 36542 337.452942 5.315224623
2.94871 750000 37604 1931024342 528260 37602 338.605225 5.376396850
2.91839 750000 37002 1937894056 531295 37001 333.439758 5.263865833
2.96058 750000 37481 1962386011 535061 37481 337.408325 5.327076710
2.94159 750000 37691 1951217009 532163 37690 336.264221 5.256149746
