"Validation time(S)" "Commits" "Aborts" "Val Reads" "Val success" "Val fail" "Energy (J)" "Time(S)"
0.004171 93699 11 62479 62479 0 1.072510 0.036446095
0.00413 93699 12 62170 62170 0 1.057251 0.036592007
0.00405 93697 9 61970 61970 0 1.144043 0.036816120
0.004045 93695 16 60673 60673 0 1.095520 0.037158012
0.004041 93699 12 61904 61904 0 1.064819 0.037789106
0.004158 93699 19 61911 61911 0 1.014526 0.035424948
0.004088 93699 12 62116 62116 0 1.068481 0.036844015
0.004244 93699 13 62361 62361 0 1.164795 0.036844015
0.00423 93699 17 62807 62807 0 1.052917 0.036885023
0.00409 93699 7 62386 62386 0 1.052795 0.036781073
0.004293 93699 14 62543 62543 0 1.086426 0.036918879
0.003991 93699 12 61896 61896 0 1.050476 0.036912203
0.004191 93699 12 62047 62047 0 1.081421 0.037270069
0.004333 93699 12 62784 62784 0 1.052979 0.036092997
0.004235 93699 14 62130 62130 0 1.185852 0.036991119
0.004083 93699 12 62282 62282 0 1.050964 0.036688089
0.004244 93699 8 63193 63193 0 1.050964 0.036590815
0.004276 93699 9 62165 62165 0 1.041687 0.036813974
0.004375 93699 12 62905 62905 0 1.053223 0.036455154
0.004106 93699 12 62052 62052 0 1.055359 0.036870956
0.004102 93699 14 62319 62319 0 1.054077 0.036880970
0.004228 93699 15 62190 62190 0 1.055176 0.036535978
0.004059 93699 14 62203 62203 0 1.165466 0.036786079
0.004227 93699 14 62736 62736 0 1.044128 0.036974907
0.00417 93699 16 62320 62320 0 1.038513 0.036854982
0.003953 93699 11 62211 62211 0 1.053589 0.036823034
0.004157 93699 15 61597 61597 0 1.055542 0.036931038
0.004129 93699 17 62171 62170 1 1.053467 0.036858082
0.004125 93695 9 62129 62129 0 1.053894 0.035935879
0.004197 93699 14 62269 62269 0 1.045715 0.037085056
0.004263 93699 10 62283 62283 0 1.059937 0.036271095
