"Validation time(S)" "Commits" "Aborts" "Val Reads" "Val success" "Val fail" "Energy (J)" "Time(S)"
0.000106 10000 3 17280 864 3 0.491455 0.009168148
8e-05 10000 3 16919 845 3 0.543701 0.010445118
8.8e-05 10000 1 16059 803 0 0.524597 0.009133101
0.000108 10000 4 17564 878 3 0.536987 0.010435104
7.7e-05 10000 0 16015 801 0 0.541809 0.010429144
0.000101 10000 0 17439 872 0 0.489807 0.009130955
8.7e-05 10000 2 16289 815 2 0.546997 0.010116100
0.000116 10000 0 18384 921 0 0.542297 0.009168863
0.000103 10000 3 17856 894 2 0.564758 0.010065079
0.000103 10000 0 17308 867 0 0.562500 0.010501146
9.7e-05 10000 4 17726 889 4 0.577087 0.011311054
7.9e-05 10000 1 18422 922 1 0.492310 0.009114027
0.000116 10000 1 17980 899 1 0.528076 0.009361982
0.00011 10000 0 17035 852 0 0.536682 0.009112120
9.4e-05 10000 2 15508 776 2 0.533386 0.009119034
8.5e-05 10000 1 17725 889 0 0.535461 0.009137869
9.7e-05 10000 1 16910 847 0 0.486511 0.009137869
9e-05 10000 0 18656 935 0 0.516541 0.010051012
0.000108 10000 3 16324 817 3 0.510681 0.010020018
0.000118 10000 3 17915 896 3 0.513733 0.010272980
0.000106 10000 2 20278 1016 2 0.521057 0.009820700
9.9e-05 10000 4 18911 945 3 0.556274 0.011533764
9.4e-05 10000 0 17921 900 0 0.498169 0.009293403
9.2e-05 10000 1 17375 871 1 0.549805 0.010292485
0.000101 10000 0 17312 867 0 0.485962 0.009201655
9.2e-05 10000 0 17842 893 0 0.537964 0.009202651
9.4e-05 10000 5 18022 901 5 0.535706 0.009122885
0.0001 10000 3 18882 945 2 0.542542 0.009120800
9.3e-05 10000 1 18069 903 1 0.492554 0.009096111
8.6e-05 10000 1 16278 814 0 0.522461 0.009412601
