"Validation time(S)" "Commits" "Aborts" "Val Reads" "Val success" "Val fail" "Energy (J)" "Time(S)"
0.006868 1000000 74 1287381 64452 66 49.408203 0.855972052
0.007373 1000000 93 1387588 69484 77 52.082214 0.931278944
0.006938 1000000 80 1292784 64730 68 49.380859 0.855965137
0.008014 1000000 111 1475454 73855 95 52.126526 0.953683138
0.006783 1000000 77 1269583 63570 66 50.495422 0.857085943
0.006809 1000000 77 1278302 64006 65 49.747986 0.859255075
0.006888 1000000 82 1287160 64446 69 50.496399 0.857082129
0.007033 1000000 70 1322791 66236 63 50.510864 0.856820107
0.008301 1000000 100 1518788 76034 87 52.718445 0.977352142
0.007094 1000000 99 1303197 65245 84 50.869324 0.869526863
0.006887 1000000 77 1271070 63636 67 49.412781 0.855854988
0.007145 1000000 83 1344107 67309 71 51.139587 0.859436989
0.006726 1000000 97 1288522 64521 77 50.405212 0.860660076
0.007596 1000000 95 1411565 70670 79 52.608704 0.938977003
0.006732 1000000 78 1281614 64177 59 49.487671 0.856963873
0.007337 1000000 85 1362374 68210 73 49.794128 0.857516050
0.009076 1000000 139 1663691 83260 127 58.263916 1.108817101
0.006849 1000000 84 1281490 64179 72 50.558411 0.857981920
0.008368 1000000 120 1547711 77467 106 54.967407 1.020551920
0.006953 1000000 82 1302042 65191 64 49.486694 0.858355045
0.006468 1000000 69 1269994 63597 54 50.157410 0.858090422
0.006933 1000000 93 1364445 68306 74 50.381775 0.858661942
0.006498 1000000 98 1273808 63773 78 50.730408 0.857717008
0.0066 1000000 99 1294831 64826 84 50.235718 0.857155666
0.006398 1000000 71 1256557 62921 63 50.704712 0.858024720
0.011524 1000000 186 2205435 110367 159 61.212708 1.185527550
0.00639 1000000 81 1256573 62914 66 50.259338 0.858707208
0.006464 1000000 93 1269174 63534 76 50.958191 0.855535847
0.006518 1000000 80 1282236 64196 66 50.422607 0.855755574
0.006494 1000000 92 1277556 63969 78 49.390625 0.857554372
