"Validation time(S)" "Commits" "Aborts" "Val Reads" "Val success" "Val fail" "Energy (J)" "Time(S)"
0.329679 1000000 1586284 143015083 1065271 218763 276.885681 5.280102015
0.331015 1000000 1588078 143239513 1067303 219303 277.778625 5.293006182
0.331763 1000000 1586109 142953584 1065311 219533 277.529297 5.284947157
0.33145 1000000 1585928 142899965 1065479 218882 278.201904 5.273036957
0.329133 1000000 1581911 140988230 1049325 216964 281.143677 5.432369947
0.329355 1000000 1580123 142640349 1065213 217978 277.455444 5.275455952
0.330176 1000000 1586037 142885707 1065171 219607 275.524414 5.280366898
0.331218 1000000 1586305 142999607 1065276 218707 278.842285 5.274315119
0.329249 1000000 1584910 142878363 1066101 218454 276.628357 5.267889023
0.329858 1000000 1582401 142375497 1059692 218934 277.009583 5.315325975
0.330241 1000000 1584436 142877136 1065127 218460 277.441711 5.269432068
0.329477 1000000 1580301 142623108 1064059 218166 279.128662 5.306987047
0.329031 1000000 1583896 142738367 1063411 219470 276.526794 5.280468941
0.32974 1000000 1584469 142950612 1065395 218368 279.911438 5.274641037
0.3295 1000000 1590209 143111608 1064839 220258 281.458374 5.293754816
0.329638 1000000 1580017 142810930 1065330 218145 279.573792 5.273391008
0.329413 1000000 1587113 143087183 1066934 219073 279.822388 5.277490139
0.331874 1000000 1590519 142714767 1064270 219390 281.306458 5.316784859
0.330072 1000000 1584860 143015879 1066658 218240 277.610596 5.286576033
0.329721 1000000 1582091 142552767 1061658 218426 277.238403 5.298789978
0.328613 1000000 1583351 143038434 1066266 218255 279.494568 5.284435178
0.328515 1000000 1583006 142252124 1058881 218800 280.253296 5.322648871
0.329003 1000000 1584945 142166654 1059817 217917 279.942871 5.331726335
0.327893 1000000 1583349 142875618 1065219 218637 278.522827 5.265481942
0.329415 1000000 1589902 141583038 1053206 218754 282.761841 5.431168308
0.328916 1000000 1586089 143158341 1066693 218562 279.519531 5.276758348
0.32921 1000000 1585662 143013284 1066453 218715 278.257141 5.277324460
0.328992 1000000 1581464 142160171 1059279 218042 280.811584 5.348209263
0.328884 1000000 1584601 141355743 1051400 217871 283.724060 5.397299167
0.328073 1000000 1585236 142804560 1064834 218081 279.051331 5.280461564
