"Validation time(S)" "Commits" "Aborts" "Val Reads" "Val success" "Val fail" "Energy (J)" "Time(S)"
3.34698 2072084 37920 2576952485 116204 21814 3935.135437 60.635875500
5.50254 3509556 2117751 4219565509 1948497 108819 3845.665527 60.633232762
2.1948 1838975 24994 1702327965 76567 15645 3967.811646 60.629021199
10.5794 9759475 15385992 8129929214 4265774 418432 3390.194214 60.647006107
1.3289 1488075 16096 1029874386 45594 9932 3964.164429 60.634972541
3.67953 2107277 39645 2860300874 124466 22893 3896.549377 60.637797386
3.40627 2804237 34044 2644715687 117322 19156 3883.800293 60.633576892
5.16534 2797807 834697 4029503432 526946 65061 3905.747620 60.637854464
1.07442 1641735 13851 839013069 38338 8514 3955.126831 60.638141410
7.27253 6688130 8775639 5594027465 2654791 399203 3634.004456 60.635011586
7.59876 3551903 823479 5863009980 559530 55097 3859.186279 60.633932424
6.09783 2534390 56129 4724859869 197409 31411 3915.134094 60.637401047
4.06508 2590793 42012 3141751995 137709 24531 3880.441528 60.644051719
1.26685 1846857 13742 978458036 44042 8105 3899.236877 60.634573262
1.41777 1978807 16883 1097388706 49510 10309 3951.590820 60.636165347
5.57597 2908021 54482 4312904374 190478 30348 3922.211121 60.648978399
1.59875 1786974 17570 1233796219 56127 10611 3928.637329 60.633464071
1.74555 1748493 19040 1340505240 62535 11115 3959.719849 60.636451659
2.47067 2023988 26017 1915516036 85034 14642 3901.669861 60.632004547
1.56085 1892083 17224 1195868021 54479 10264 3952.018738 60.638194015
