"Validation time(S)" "Commits" "Aborts" "Val Reads" "Val success" "Val fail" "Energy (J)" "Time(S)"
0.001262 4096 0 757155 3855 0 0.227478 0.004743099
0.001275 4096 2 756786 3862 2 0.177856 0.003350973
0.00123 4096 0 755014 3844 0 0.187622 0.004790068
0.001171 4096 1 755566 3849 1 0.156128 0.003970861
0.00119 4096 0 754338 3840 0 0.177612 0.005055904
0.001222 4096 0 755440 3847 0 0.164429 0.004608154
0.001231 4096 1 752535 3829 1 0.215759 0.005358934
0.001218 4096 1 756895 3852 0 0.157349 0.003185987
0.001227 4096 0 755660 3849 0 0.197205 0.005397081
0.001228 4096 0 755283 3847 0 0.142212 0.003910780
0.001198 4096 0 753985 3834 0 0.164856 0.003510952
0.001273 4096 1 756608 3846 1 0.212830 0.005167007
0.001217 4096 0 756031 3848 0 0.160583 0.003276110
0.001189 4096 1 758158 3863 1 0.171448 0.005145073
0.001225 4096 2 759619 3873 0 0.156799 0.003260136
0.001207 4096 0 753696 3839 0 0.177368 0.004081964
0.001191 4096 0 760821 3875 0 0.171570 0.005094051
0.00123 4096 0 755924 3850 0 0.180603 0.004609108
0.00123 4096 0 757710 3863 0 0.206604 0.004904985
0.001192 4096 1 756386 3853 1 0.151001 0.003283024
0.00118 4096 0 758215 3863 0 0.160156 0.003261805
0.001161 4096 3 755679 3843 1 0.216553 0.004696131
0.001198 4096 0 757445 3856 0 0.203796 0.004946947
0.001199 4096 1 760362 3873 1 0.169739 0.004723072
0.001205 4096 2 757307 3854 1 0.128662 0.003223896
0.001195 4096 0 757613 3857 0 0.164368 0.003388882
0.00119 4096 1 752636 3830 0 0.160950 0.003772020
0.001188 4096 0 757877 3854 0 0.157776 0.003244877
0.00116 4096 1 758072 3856 1 0.210571 0.004976034
0.001238 4096 2 750758 3827 1 0.207703 0.005012989
0.001258 4096 1 753615 3833 1 0.155762 0.003307104
