"Validation time(S)" "Commits" "Aborts" "Val Reads" "Val success" "Val fail" "Energy (J)" "Time(S)"
0.002091 4096 0 1480615 3800 0 0.410583 0.008936882
0.00215 4096 1 1471034 3764 0 0.410583 0.009075880
0.002118 4096 1 1479758 3807 1 0.473450 0.009730101
0.002131 4096 2 1476456 3797 2 0.460266 0.010421991
0.002165 4096 5 1479188 3813 4 0.468079 0.011711836
0.002127 4096 1 1483594 3827 0 0.466370 0.010337114
0.002146 4096 1 1476809 3797 1 0.477661 0.011240959
0.002103 4096 0 1475355 3791 0 0.403381 0.008859873
0.002119 4096 2 1481383 3810 2 0.433289 0.010089874
0.002092 4096 2 1472004 3775 2 0.432373 0.010292053
0.00217 4096 0 1475519 3787 0 0.495911 0.010539055
0.002181 4096 2 1475201 3782 2 0.450317 0.008961916
0.002144 4096 3 1478933 3800 2 0.446472 0.008894920
0.002145 4096 0 1478812 3795 0 0.454956 0.010982990
0.00213 4096 0 1472853 3782 0 0.454529 0.010934830
0.002123 4096 2 1477378 3786 2 0.453918 0.008928061
0.00212 4096 5 1476052 3792 5 0.489075 0.011399984
0.002116 4096 1 1479267 3794 1 0.455811 0.009361029
0.002119 4096 1 1473274 3775 1 0.482361 0.010004997
0.002088 4096 2 1485778 3833 2 0.485352 0.011381865
0.002124 4096 0 1476033 3796 0 0.455933 0.008985996
0.002123 4096 2 1477677 3797 1 0.453064 0.008889914
0.00215 4096 2 1480648 3801 2 0.406067 0.009305954
0.002113 4096 1 1480083 3807 0 0.407410 0.008966923
0.002189 4096 2 1475737 3790 1 0.432007 0.010141850
0.002132 4096 1 1479959 3810 1 0.488770 0.010937929
0.002139 4096 0 1482456 3809 0 0.451660 0.010685921
0.002167 4096 4 1487096 3825 3 0.470032 0.010276079
0.002129 4096 3 1477896 3792 2 0.489746 0.010736942
0.002157 4096 4 1483728 3804 3 0.453613 0.010324955
0.002137 4096 0 1473833 3779 0 0.476990 0.011546135
