"Validation time(S)" "Commits" "Aborts" "Val Reads" "Val success" "Val fail" "Energy (J)" "Time(S)"
1.73291 4194304 604 1152343637 4085892 598 251.662231 4.854764938
1.73835 4194304 576 1152257638 4085516 566 248.359131 4.861922979
1.74199 4194304 613 1151571080 4083180 607 248.622253 4.868734837
1.73694 4194304 665 1152163448 4085236 656 248.463745 4.860510111
1.76351 4194304 636 1150957820 4080182 623 248.895813 4.880259037
1.7344 4194304 645 1151855522 4083910 639 246.841492 4.848441124
1.74053 4194304 649 1152474019 4086537 639 248.615417 4.849031925
1.74403 4194304 623 1147994780 4070395 615 250.235168 4.902412176
1.72914 4194304 703 1151854707 4083991 695 250.253235 4.870568037
1.74769 4194304 621 1150884786 4080376 611 248.002258 4.866641045
1.73513 4194304 697 1152050596 4084562 690 246.962708 4.842685938
1.72323 4194304 631 1150542809 4079390 621 246.903259 4.840048075
1.74096 4194304 609 1151164660 4081505 604 247.995850 4.865620136
1.73287 4194304 576 1150518554 4079532 566 247.515869 4.871308088
1.74166 4194304 717 1150162331 4077833 714 246.146301 4.860047102
1.7398 4194304 660 1151617878 4083166 652 246.898560 4.856152058
1.7527 4194304 610 1148023381 4070151 604 248.330383 4.898007870
1.73618 4194304 641 1152343162 4086004 636 247.970459 4.853996038
1.73179 4194304 634 1151752058 4083854 628 246.498779 4.838301897
1.73057 4194304 669 1152080073 4084819 659 246.701721 4.837466002
1.74625 4194304 653 1148356646 4071739 652 248.488159 4.902534008
1.7397 4194304 669 1152092611 4085040 662 248.230713 4.837113857
1.72852 4194304 647 1152000884 4084689 642 246.788269 4.836738110
1.72958 4194304 628 1152157335 4084880 620 246.432617 4.835878134
1.73056 4194304 680 1151754051 4083767 672 249.201843 4.845795870
1.73222 4194304 608 1152159689 4085497 606 249.645081 4.841252804
1.7601 4194304 638 1143603980 4054545 630 253.594543 4.980961084
1.72951 4194304 625 1151989359 4084521 620 247.280762 4.837896109
1.73214 4194304 643 1152301713 4085636 638 246.754578 4.841671944
1.7409 4194304 680 1151272694 4082008 672 248.081116 4.859331846
1.75029 4194304 646 1147756979 4069592 635 252.900330 4.925801992
