"Validation time(S)" "Commits" "Aborts" "Val Reads" "Val success" "Val fail" "Energy (J)" "Time(S)"
0.002116 14134 1756 599493 3017 337 2.413635 0.018064022
0.002129 14164 1667 607370 3024 348 2.311646 0.016896963
0.002088 14148 1420 586720 2951 307 2.270142 0.014697790
0.002083 14156 1515 590982 2998 298 2.337646 0.016636848
0.00208 14132 1770 601009 2954 398 2.056091 0.017304897
0.002092 14129 1632 595118 2980 344 2.005493 0.013436794
0.002087 14096 1469 594250 3018 288 2.049988 0.016343117
0.002116 13996 1929 618695 3068 404 2.278687 0.016968012
0.002102 14142 1578 599979 3005 330 2.102234 0.016960144
0.002085 14135 1517 591798 3031 314 2.053101 0.016401052
0.002078 14129 1626 602130 2978 327 2.046387 0.015889168
0.002071 14276 1928 613291 3031 399 2.134827 0.017108917
0.002071 14149 1569 588008 2910 319 2.056396 0.016268015
0.002114 14132 1613 609390 3032 347 2.070557 0.014625072
0.002073 14168 1702 598214 2985 326 2.149109 0.017297029
0.002133 14147 1493 591409 2967 295 2.085022 0.016076803
0.002085 14131 1726 597464 3012 346 2.112122 0.017806053
0.002128 14181 1851 616236 3015 396 2.101562 0.015325069
0.002083 14066 1542 593218 2931 315 2.215698 0.014650822
0.00214 14131 1619 599218 3027 333 2.324524 0.016113997
0.002059 14097 1738 589624 2935 362 2.125122 0.017919064
0.002058 14126 1490 587120 2947 284 2.201599 0.016146898
0.002046 14164 1482 597455 2961 321 2.041809 0.015619040
0.002086 14104 1491 592867 2985 300 2.064270 0.016042948
0.002103 14184 1529 599824 2957 348 2.007568 0.013543844
0.002077 14127 1595 598003 2976 340 2.095520 0.017237186
0.002053 14190 1645 603677 2986 336 2.085632 0.016120911
0.002067 14167 1469 593799 2968 296 2.082458 0.016340017
0.002135 14185 1568 592803 2944 343 2.051697 0.016538858
0.002111 14149 1524 593106 3009 271 2.052246 0.016365051
0.002092 14153 1785 602178 3049 374 2.059753 0.016764164
