"Validation time(S)" "Commits" "Aborts" "Val Reads" "Val success" "Val fail" "Energy (J)" "Time(S)"
0.779649 8526 574201347 90876 2754 14 349.594666 5.357000000
1.068114 8885 534698560 110449 2292 11 337.887817 5.274000000
0.836132 9072 565425824 99654 2364 12 344.620789 5.389000000
0.938386 9434 586269701 101613 2929 16 344.128601 5.334000000
0.905407 9742 563138901 113053 2337 16 348.436646 5.355000000
0.805370 8796 590963760 95315 2372 10 342.838257 5.354000000
0.794767 7146 330704743 86181 2669 28 330.889038 5.279000000
0.492087 7352 607461292 91785 2271 14 355.601746 5.391000000
0.809475 10015 571882844 93980 2743 16 351.630615 5.424000000
0.780031 8361 590163758 83138 2325 9 347.262756 5.336000000
0.793704 8526 585499651 104286 2890 20 346.549316 5.299000000
0.702766 7689 581904158 87367 2353 19 343.255249 5.380000000
0.703988 7937 385914905 93738 2643 16 337.750671 5.315000000
0.785062 7882 584641835 94690 2848 20 346.504822 5.328000000
0.769232 7879 572407168 106537 2651 21 338.919373 5.327000000
0.720948 8980 561615673 95597 2811 23 348.151489 5.327000000
0.955540 9255 568947710 120139 2882 22 349.190674 5.386000000
0.626065 7781 611176716 92557 2330 17 346.770813 5.419000000
0.944631 8761 575596027 101808 2146 14 343.208069 5.302000000
0.817454 9419 557342960 108378 2566 10 341.688171 5.310000000
0.304480 8290 563642609 19358 360 11 342.110718 5.128000000
0.335195 9211 545782663 32456 372 8 339.789795 5.098000000
0.317283 8526 585373239 27271 393 12 336.787659 5.106000000
0.289751 10332 560029357 20127 355 12 339.751892 5.136000000
0.555412 8647 552054855 24514 352 11 339.345276 5.178000000
0.288177 9656 547173707 18303 319 6 335.673767 5.093000000
0.347087 9825 566789651 14922 318 10 336.682739 5.131000000
0.365757 9220 568512798 29860 336 14 338.685608 5.115000000
0.254743 10100 561751154 15391 320 6 338.297607 5.130000000
0.282202 8963 538395112 12140 320 9 334.661194 5.156000000
0.278585 8295 583934713 25956 337 16 340.803955 5.132000000
0.307697 9565 558082622 24710 409 8 338.913269 5.141000000
0.273818 10201 554739300 27850 358 8 333.173584 5.101000000
0.221748 7491 585412863 17754 352 9 340.759216 5.135000000
0.505494 8408 560901754 27195 390 13 340.177490 5.143000000
0.116794 9487 567141780 8930 332 6 342.818909 5.148000000
0.324749 8546 549556128 25271 303 9 337.178711 5.127000000
0.352231 8675 563626629 12165 327 8 336.377808 5.073000000
0.244721 9176 582609493 17311 310 10 337.571106 5.127000000
0.287689 8921 546579061 26870 342 10 336.739258 5.115000000
