"Validation time(S)" "Commits" "Aborts" "Val Reads" "Val success" "Val fail" "Energy (J)" "Time(S)"
0.063641 121 1572215364 24650 92 0 1305.883972 20.174000000
0.061064 100 1037562345 1804 87 1 1002.636292 15.927000000
0.101901 121 2034815162 13888 90 7 1100.017944 17.045000000
0.180950 126 997442716 55973 113 2 1225.088989 21.115000000
0.155673 132 2533651965 99156 114 2 1354.327087 20.596000000
0.075901 134 1335891358 59234 108 2 1388.782349 21.816000000
0.144633 85 782625933 8856 72 4 948.864502 15.607000000
0.098336 83 2151511055 20476 57 0 1071.733826 16.685000000
0.233616 126 1735267282 2844650 114 3 999.175110 16.091000000
0.092446 134 1377672066 2487550 117 2 1365.665100 21.712000000
0.069602 71 2187776190 8112 47 2 975.188477 14.951000000
0.147192 81 1336047464 8408 66 1 957.234741 15.368000000
0.152071 134 2665399973 3530362 129 7 1354.232117 21.050000000
0.156511 134 2286778514 7037445 116 3 1015.208130 15.752000000
0.105038 83 2045349075 145804 59 1 1031.612427 15.910000000
0.084386 96 831724465 3269705 60 1 1030.711670 16.246000000
0.087655 83 1367823669 6544756 70 1 1145.727478 17.564000000
0.102437 111 2454899483 4206404 89 2 1145.531860 17.782000000
0.052400 85 2007657575 1308 59 0 1131.195679 17.660000000
0.174218 120 1539165630 3327287 85 1 1110.927551 17.516000000
0.127163 100 786395526 5176 58 1 768.447327 11.976000000
0.101858 81 836909677 3451 39 2 1000.002991 16.516000000
0.064055 100 1625154315 2541 53 2 1005.878601 15.787000000
0.038082 71 1223625286 1043 43 2 1106.132812 16.859000000
0.033634 127 2503081854 1323 51 0 1191.998657 18.902000000
0.036059 71 1298197547 1078 30 1 839.946655 14.075000000
0.123081 71 1773558828 2554 32 2 868.919434 13.483000000
0.070827 90 2192023886 1505 51 1 1095.132019 16.940000000
0.037493 83 2531632321 1575 43 2 1074.884033 16.505000000
0.036833 78 1068976953 990 38 0 980.348572 15.232000000
0.041207 121 1050919978 14510 61 4 1142.863953 18.010000000
0.030364 96 949777691 4390 53 1 1043.428528 16.184000000
0.027730 78 864524363 900 41 0 1034.019409 17.162000000
0.038446 81 1445277037 1171 38 0 836.311157 13.752000000
0.069830 121 2395053020 1696027 48 3 1248.398499 18.911000000
0.077533 111 1796272818 26138 46 0 1034.471863 16.393000000
0.093581 127 2295773616 6848080 64 0 1196.563416 18.292000000
0.102424 111 1618360974 15958 49 4 913.543274 14.269000000
0.048754 71 849899461 5943 29 0 941.330017 14.541000000
0.015732 71 2143827988 1091 34 1 917.554321 14.383000000
