"Validation time(S)" "Commits" "Aborts" "Val Reads" "Val success" "Val fail" "Energy (J)" "Time(S)"
0.722356 7768 578587592 92115 2369 11 344.071655 5.323000000
0.812960 9220 587482136 98068 2200 9 345.639343 5.333000000
0.746910 8399 561700966 101170 2626 12 350.246277 5.383000000
0.732941 8952 544983950 91065 2415 28 345.564270 5.310000000
1.088867 7085 346748339 123557 2408 28 338.347229 5.340000000
0.718369 7586 588566354 86897 2489 20 341.654358 5.304000000
0.785558 7287 336140722 99901 2545 12 328.438904 5.300000000
0.778807 7366 351794152 101109 2524 17 329.121155 5.309000000
0.958985 9421 537142448 118601 2836 22 342.326416 5.297000000
0.823256 8921 553713305 88823 2193 7 340.989075 5.324000000
0.700595 7959 397932926 92389 2348 11 336.946960 5.291000000
0.534970 8562 597104342 86423 2453 16 344.703613 5.349000000
0.930507 9690 565640804 125303 2602 16 344.419617 5.350000000
0.746439 9341 568935141 94871 2045 8 343.951660 5.334000000
0.698292 8677 579141871 111668 2569 17 352.503174 5.434000000
0.926711 9472 539527589 123469 2485 15 341.733276 5.345000000
0.985678 10348 564449107 125307 2842 13 349.114319 5.319000000
1.062135 10259 542130568 136345 2777 20 345.962280 5.380000000
1.018981 9003 555707542 112723 3244 23 348.123474 5.359000000
0.825631 7749 581561762 94019 2050 18 337.705261 5.286000000
0.164648 8699 583527481 16835 317 7 339.660278 5.171000000
0.344022 8586 583923468 19222 356 8 338.630981 5.161000000
0.371263 9050 562279651 24564 387 10 342.245056 5.121000000
0.366456 9368 566554867 21384 401 2 338.361633 5.118000000
0.273846 8527 585919767 28092 369 8 339.162903 5.112000000
0.309743 7437 598633245 16222 371 12 338.951233 5.113000000
0.274818 8604 570589457 15893 407 13 341.379944 5.139000000
0.457253 8546 552415371 18651 351 14 337.075134 5.072000000
0.193785 8295 578903769 13534 354 10 341.745605 5.165000000
0.552414 8496 563492906 21942 379 7 335.598633 5.090000000
0.271862 8996 554614790 21763 427 6 338.372986 5.087000000
0.270523 8320 293110343 28938 467 14 322.318237 5.100000000
0.189606 8489 595239518 11129 294 4 343.037109 5.137000000
0.422715 10100 563674745 16736 362 12 342.856812 5.146000000
0.295862 10362 532309285 21875 371 5 336.509644 5.122000000
0.438114 7849 564886914 24183 363 12 338.194275 5.148000000
0.397351 9236 571274323 22608 380 8 342.341370 5.143000000
0.285326 9142 577992073 12474 312 7 340.295837 5.142000000
0.174527 8221 575187258 15462 352 8 337.940491 5.109000000
0.333241 8708 568740695 22965 345 15 335.924805 5.110000000
