"Validation time(S)" "Commits" "Aborts" "Val Reads" "Val success" "Val fail" "Energy (J)" "Time(S)"
0.044643 67 1608078198 1270 45 0 813.532715 13.154000000
0.099226 100 1686321460 12789 75 0 1013.971375 17.136000000
0.116445 78 1169355330 8530 62 0 1190.731689 18.292000000
0.168403 134 2289509830 7476623 115 1 1199.819702 19.182000000
0.132934 96 787787709 8485 73 0 1152.617554 18.157000000
0.044954 71 1935215152 3832314 51 2 1033.417725 15.967000000
0.105311 96 1903289990 8000 82 0 1172.410889 18.137000000
0.068289 96 2235368963 3253186 71 1 1019.220276 16.656000000
0.116891 127 1185610272 188844 107 1 1239.680054 19.417000000
0.028500 66 1739704142 1683 49 0 927.218994 14.526000000
0.106397 81 2050155558 3303335 63 2 1044.174805 16.189000000
0.209735 127 1329852889 4126153 104 2 1336.564636 20.775000000
0.163117 96 2092622079 4368830 79 1 1121.869995 17.728000000
0.102078 75 762695946 4370 59 0 971.469543 16.903000000
0.080191 85 826947209 787385 54 0 967.901794 15.254000000
0.236805 134 2642870961 7196810 126 7 1356.331177 20.954000000
0.192566 92 1806342924 25843 69 0 1013.395447 16.069000000
0.100295 134 1035341273 55663 110 7 1313.671692 20.827000000
0.086581 121 1837069669 3012170 100 1 949.370850 14.998000000
0.160694 90 2112885628 10114 73 0 1145.422424 17.666000000
0.062400 66 1190621729 962 27 1 888.277527 15.090000000
0.073529 83 895999152 2925 43 1 1080.956177 16.662000000
0.196860 127 1430154514 3949 75 2 1379.210083 21.216000000
0.053389 81 905922183 8466 36 0 903.223083 14.385000000
0.153870 127 2646974919 5131 70 4 1327.110657 20.386000000
0.085391 120 676437546 1028 62 1 834.765015 12.848000000
0.122696 110 1669597962 4104568 55 0 974.350952 14.972000000
0.054415 70 891985128 3510 41 0 901.290466 14.563000000
0.072700 134 3077207515 4881 62 4 1374.564331 20.925000000
0.075050 96 983859519 2390516 49 1 1082.334351 16.926000000
0.021755 127 2292829487 2399 58 1 1294.478943 19.680000000
0.018343 64 1657560628 1688553 25 1 825.253662 13.680000000
0.118462 134 1246868684 2555670 68 3 1283.616394 20.377000000
0.052098 83 1150923705 3397 47 1 1073.097351 16.696000000
0.064320 121 1010684072 2356 59 4 1079.104431 18.387000000
0.036482 83 936830424 711 41 2 937.510559 14.675000000
0.085971 96 2856892468 563841 52 0 1273.172607 19.319000000
0.030239 83 711110951 3298521 52 0 939.169922 15.097000000
0.036253 78 1783884043 1377 43 0 871.826294 13.704000000
0.057576 132 1425657896 3244749 46 1 1176.435364 18.085000000
