"Validation time(S)" "Validation time(S) CPU" "Validation time(S) GPU" "Commits" "Aborts" "Val Reads" "CPU Val Reads" "GPU Val Reads" "Wasted Val Reads" "GPU employment times" "Val success" "Val fail" "Snapshot ext. calls" "Energy (J)" "Time(S)"
2.562244 2.509955 0.000706 85 2.92397e+09 10842418 10741042 101376 865525 6 46 0 8 9971.582946777 65.498000000
2.896968 2.850339 0.050377 114 1242866743 22459500 8435820 14023680 973399 13 50 0 5 5730.422058105 45.305000000
1.986814 1.961663 0.034986 112 1295683966 17973870 8376942 9596928 6455 7 38 0 4 4672.918090820 32.073000000
4.525392 4.471805 0.030027 71 2.15223e+09 20016005 11511685 8504320 125547 9 28 0 4 8704.525451660 56.859000000
2.006455 1.981023 0.018386 67 1103855774 9275634 4612338 4663296 41757 4 21 0 1 3544.336853027 23.509000000
4.177300 4.109296 0.067751 103 1543156059 24873738 12562186 12311552 367561 12 50 0 8 8416.246337891 57.825000000
2.105583 2.062874 0.045206 108 1148771109 17711450 7506266 10205184 634126 11 43 0 5 5101.549072266 37.127000000
3.815125 3.785457 0.015692 86 1656606787 14313822 10010974 4302848 1066573 8 37 0 4 4193.672485352 30.905000000
1.906344 1.861633 0.019985 90 1701748834 9215017 4292649 4922368 373397 8 32 0 10 4074.730529785 28.373000000
0.109681 0.074260 0.019486 63 1570412872 9299302 4737382 4561920 253430 6 26 0 11 6697.388458252 45.094000000
2.093273 2.038020 0.033111 61 3.06925e+09 16415047 8293703 8121344 34659 7 26 0 1 9540.251770020 60.356000000
2.351388 2.260541 0.034873 64 1873396688 15812226 8006274 7805952 47124 7 33 0 3 5458.545532227 39.081000000
5.548234 5.489508 0.031514 88 2.67989e+09 21608629 13318325 8290304 1114444 11 41 0 5 7504.941101074 49.281000000
3.929425 3.905363 0.020345 89 1788341563 20872324 15972484 4899840 628206 10 35 0 4 7543.897094727 51.069000000
0.047105 0.004973 0.033181 100 1396007101 8015517 265885 7749632 691839 10 33 0 10 5457.862243652 42.071000000
0.018349 0.001585 0.017997 53 1647877036 4642727 92071 4550656 1146 2 21 0 2 5584.199218750 41.641000000
0.253819 0.209389 0.034627 92 1523140112 13351076 4407460 8943616 1769911 7 31 0 5 7881.923522949 54.344000000
5.120439 5.099900 0.015442 64 1695875772 17946551 14240695 3705856 114476 6 26 0 3 6671.614685059 44.191000000
2.131316 2.050216 0.052503 91 1736570759 18293435 4247227 14046208 10691 8 40 0 3 6145.594482422 45.895000000
2.140989 2.140642 0.015165 64 1072405144 15984233 12323433 3660800 340982 4 24 0 2 3555.034790039 26.015000000
4.656865 4.608963 0.030972 93 1308268370 21251382 13039926 8211456 484494 9 52 0 6 6602.282409668 55.225000000
1.110355 1.077987 0.019857 92 1756778611 8683648 4515968 4167680 1397364 8 34 0 5 9589.360656738 66.453000000
6.738620 6.704416 0.001718 66 2.391e+09 16586122 16236938 349184 351776 5 25 0 2 9060.450134277 67.932000000
4.502730 4.457225 0.057622 83 1516656106 23738493 9613437 14125056 1631253 11 34 0 4 5208.724060059 37.340000000
1.154827 1.105601 0.086479 64 1513611684 27051856 5875536 21176320 830487 12 16 0 4 5415.675964355 38.023000000
3.077854 3.044709 0.056671 117 1019367266 22007561 8603401 13404160 286016 9 50 0 10 4537.386779785 30.868000000
5.958150 5.941551 0.076052 76 1892205344 33524402 18318002 15206400 427299 11 62 0 7 10259.211425781 70.172000000
5.267283 5.254834 0.035733 74 2.9952e+09 20843035 15334939 5508096 603382 6 38 0 3 7830.200500488 48.857000000
4.376370 4.345638 0.014157 76 1239705464 19482634 15821834 3660800 264530 7 47 0 4 7433.834075928 53.864000000
1.425906 1.382204 0.065221 63 1738721664 17300058 4515418 12784640 46938 8 22 0 1 6126.409606934 45.707000000
2.477674 2.411945 0.032403 110 1654702891 19306896 11557264 7749632 276889 12 41 0 7 6832.751464844 45.744000000
1.856350 1.833906 0.014777 80 1652565091 7904242 3792882 4111360 243686 7 19 0 5 5714.270935059 43.908000000
1.303532 1.267752 0.051638 93 1173759007 20893314 8255106 12638208 584732 10 50 0 4 5926.560363770 41.198000000
2.367682 2.330822 0.017653 55 934931820 15539974 11642630 3897344 128333 6 25 0 2 3887.744750977 30.088000000
1.949904 1.914845 0.018197 77 1176313131 12157101 7651501 4505600 2944 7 34 0 1 3539.253234863 27.372000000
0.109421 0.075772 0.021669 98 2047026308 10111262 4614430 5496832 1641924 9 39 0 4 9109.977722168 64.043000000
3.049520 3.005549 0.031845 81 1802819410 17097072 8378736 8718336 2554573 11 37 0 4 7157.087707520 46.830000000
1.905509 1.832642 0.068890 113 1684748143 21304602 8182042 13122560 972033 12 35 0 4 6197.164306641 43.611000000
2.183011 2.126819 0.038163 109 2.72402e+09 13426617 4359097 9067520 108099 8 35 0 5 7602.535400391 51.401000000
0.053106 0.020813 0.016264 64 2.20131e+09 3895476 54452 3841024 876739 3 19 0 2 6562.120361328 47.161000000
4.279724 4.243804 0.030822 67 1642225702 16178506 8834378 7344128 320092 6 24 0 4 7801.264648438 50.951000000
5.370445 5.299019 0.020923 91 1331262206 16753521 11605873 5147648 700813 8 50 0 9 5415.750732422 39.584000000
4.232299 4.205717 0.000630 56 1621431551 10998345 10919497 78848 695695 6 14 0 5 6491.688842773 43.584000000
1.886268 1.853499 0.015734 59 2.34912e+09 7430977 3612481 3818496 1443132 4 15 0 4 9246.210632324 61.697000000
0.044193 0.002604 0.065952 86 2.34312e+09 8392675 113635 8279040 408451 7 35 0 5 9206.252441406 64.967000000
0.090332 0.028794 0.073863 91 1252498987 19229848 824472 18405376 1401038 12 30 0 6 4923.494567871 34.866000000
5.548413 5.534179 0.014820 65 1450813289 19780915 15906099 3874816 3878 5 20 0 1 6410.130310059 46.163000000
4.131531 4.114544 0.016835 75 1249540515 12235925 8113301 4122624 228505 6 23 0 6 5802.352294922 38.515000000
3.235260 3.189345 0.018692 84 1545085403 12262857 7892425 4370432 342576 7 28 0 4 8078.090209961 52.912000000
3.455048 3.425645 0.022614 76 1443941517 14315895 8976759 5339136 6932 5 29 0 4 6149.063720703 40.064000000
