"Validation time(S)" "Validation time(S) CPU" "Validation time(S) GPU" "Commits" "Aborts" "Val Reads" "CPU Val Reads" "GPU Val Reads" "Wasted Val Reads" "GPU employment times" "Val success" "Val fail" "Snapshot ext. calls" "Energy (J)" "Time(S)"
4.309617 4.272960 0.045047 66 1763838101 26598013 14951037 11646976 328465 11 39 0 4 7813.953247070 48.717000000
2.891676 2.858033 0.034207 69 1402143066 17614419 7972435 9641984 949951 8 21 0 3 4857.484741211 32.210000000
5.808567 5.745453 0.025301 100 2121245890 20130311 13552135 6578176 1467694 9 29 0 7 5816.639099121 40.846000000
4.084412 4.028396 0.025587 73 1225803029 14298866 7968498 6330368 249633 6 23 0 5 6693.567810059 45.142000000
3.166630 3.114134 0.018796 76 1874813111 13027019 7980747 5046272 218419 8 30 0 3 10155.098266602 70.186000000
2.067668 1.979039 0.060946 98 2070031313 23075554 8297186 14778368 1226076 13 50 0 12 7963.386230469 53.885000000
1.927120 1.886401 0.031201 97 1650059263 11610236 4187260 7422976 123822 8 27 0 9 4729.697265625 32.652000000
8.276677 8.211575 0.029311 116 1584478257 26806810 18696730 8110080 1031298 10 35 0 2 9066.135253906 65.339000000
4.247038 4.232599 0.030771 46 1196642768 26251559 18749735 7501824 70897 6 25 0 0 6268.342590332 48.946000000
4.825218 4.737370 0.053700 60 2.37431e+09 35914335 23298655 12615680 73968 11 30 0 0 8275.957641602 59.608000000
4.355779 4.304976 0.038642 69 2.34445e+09 20704278 10848278 9856000 1488243 9 33 0 3 8054.665527344 58.251000000
2.217741 2.145523 0.035478 82 777702543 16443903 7308799 9135104 260214 8 23 0 2 3454.242248535 23.844000000
5.759817 5.735627 0.043782 93 1488067974 19724251 12301275 7422976 6798 7 47 0 4 7149.247741699 48.338000000
3.376897 3.309143 0.030982 102 1880354537 18291938 10508514 7783424 345024 8 57 0 4 10788.459777832 73.655000000
2.753972 2.716215 0.028088 86 1227413496 14346610 7205234 7141376 1350074 9 35 0 10 5393.452148438 40.918000000
2.085227 2.038536 0.027700 71 1846654849 11153436 4676636 6476800 273946 6 22 0 2 5741.069946289 37.911000000
3.992174 3.967374 0.014073 91 1133803776 10906034 7459250 3446784 802397 6 33 0 4 4393.430023193 32.884000000
1.831304 1.751954 0.045301 96 1139135444 14237183 3525119 10712064 841 7 38 0 1 5157.066345215 38.280000000
1.212151 1.130858 0.061485 125 1356633951 16198898 4473074 11725824 1027274 10 50 0 7 4466.293334961 35.954000000
3.322413 3.267421 0.045777 92 1468062085 23168459 11701707 11466752 333233 10 41 0 4 6082.894287109 44.404000000
4.246148 4.209886 0.021220 66 1793411816 15433171 10859987 4573184 1362083 9 22 0 5 7697.490539551 54.609000000
3.825184 3.796997 0.029995 56 2.70216e+09 15674807 7316919 8357888 16158 6 27 0 6 7568.890991211 46.404000000
0.211068 0.173470 0.039850 80 1671384733 18304907 8572811 9732096 251083 9 23 0 5 6974.856872559 44.499000000
2.348601 2.340474 0.019657 52 1345646350 9773205 4693141 5080064 80168 4 15 0 0 5761.631774902 41.687000000
2.031691 1.979938 0.019633 114 1219845947 9110428 4762524 4347904 1203998 6 42 0 7 6251.987915039 42.411000000
1.164477 1.118427 0.068463 101 742869607 22751842 5056098 17695744 632900 11 33 0 1 2253.193664551 17.813000000
1.930932 1.878595 0.030564 79 1487431840 12156382 3697118 8459264 227594 6 30 0 1 5614.354248047 40.790000000
1.933253 1.889565 0.040318 98 2.82008e+09 14053405 4242461 9810944 564496 7 33 0 11 8474.009094238 52.815000000
1.411622 1.397309 0.014224 84 1040358104 6300953 2854169 3446784 373733 5 39 0 6 4129.633789062 29.734000000
6.362067 6.361897 0.024094 68 2.70614e+09 25656910 19551822 6105088 397803 6 43 0 3 8832.710571289 60.757000000
2.263342 2.201123 0.035577 83 1100600887 17543994 9050938 8493056 872852 9 30 0 7 4172.150573730 30.224000000
2.297421 2.233535 0.044649 91 1759755654 20090288 8950192 11140096 940288 8 49 0 7 9210.525970459 61.780000000
3.776721 3.715950 0.036122 68 1438874660 16031793 7459889 8571904 238507 8 24 0 4 6794.807128906 42.985000000
4.065019 4.040368 0.017896 58 2.4546e+09 12238190 8126830 4111360 520540 7 14 0 1 6217.118835449 42.648000000
0.107375 0.091590 0.017492 60 2.3031e+09 4427636 282484 4145152 214046 3 24 0 2 6315.867309570 49.752000000
2.105218 2.090070 0.015001 98 1951086959 8588873 4883017 3705856 900015 6 22 0 4 6742.102050781 48.060000000
0.017109 0.000379 0.016589 56 3.506e+09 3795410 33234 3762176 275275 4 19 0 2 7686.083068848 58.298000000
0.463598 0.435572 0.014154 90 3.99303e+09 8378069 4559573 3818496 723913 5 33 0 7 8577.953186035 66.042000000
2.803018 2.768737 0.028575 69 1543251609 14446464 7214976 7231488 674295 6 33 0 4 7235.279541016 49.267000000
6.493552 6.408913 0.032548 104 2.20058e+09 20432787 12885907 7546880 969402 10 38 0 6 8817.563781738 58.066000000
0.059821 0.036457 0.036568 109 1653967307 10018564 297732 9720832 743440 7 28 0 4 4130.560302734 31.346000000
6.199735 6.133072 0.074158 92 2.74727e+09 31295484 13014012 18281472 840358 15 32 0 4 8481.202392578 52.134000000
5.140402 5.139169 0.001555 53 1747685334 15627158 15334294 292864 6429 5 30 0 1 7040.733337402 49.738000000
4.791368 4.770982 0.015312 67 1433485433 19759398 16076070 3683328 118440 5 25 0 3 4892.386474609 34.049000000
4.265876 4.236029 0.014755 82 2.18115e+09 14553696 10836576 3717120 96181 6 24 0 3 6479.438781738 41.555000000
2.197404 2.162664 0.001117 79 1180786085 4495818 4360650 135168 277165 4 11 0 4 3888.262786865 25.711000000
2.223760 2.188346 0.020775 90 1635560984 9958487 4450391 5508096 33409 6 29 0 4 6173.749084473 42.822000000
4.401028 4.386583 0.014276 82 1916683536 15577416 11747656 3829760 145982 5 22 0 4 7177.075195312 47.973000000
2.441248 2.401711 0.035985 75 1767767704 15072120 5249912 9822208 315356 8 41 0 7 -1302274.188842773 59.962000000
0.030999 0.001536 0.015234 100 1917480394 3798271 92415 3705856 391909 5 23 0 6 7152.385559082 56.398000000
