"Validation time(S)" "Validation time(S) CPU" "Validation time(S) GPU" "Commits" "Aborts" "Val Reads" "CPU Val Reads" "GPU Val Reads" "Wasted Val Reads" "GPU employment times" "Val success" "Val fail" "Snapshot ext. calls" "Energy (J)" "Time(S)"
1.999187 1.952166 0.041044 86 2.32101e+09 18850155 8216939 10633216 820348 9 35 0 2 7723.462219238 52.864000000
3.720552 3.678214 0.047521 129 2.46993e+09 23058498 11659330 11399168 1815534 15 43 0 9 8517.569274902 58.657000000
3.984525 3.898113 0.052972 113 2.4428e+09 23890791 10925927 12964864 2384514 14 50 0 14 12509.356384277 87.592000000
5.321254 5.201887 0.135994 108 2.31531e+09 48699607 14074071 34625536 936995 17 48 0 3 8523.208465576 52.946000000
2.212470 2.171299 0.066165 111 1518511775 24840530 6367570 18472960 1145679 13 37 0 12 8241.007232666 59.093000000
4.180501 4.123831 0.031236 68 3.7614e+09 16924521 9512809 7411712 178255 7 30 0 3 9855.408935547 66.627000000
5.014515 4.902664 0.073092 117 3.00196e+09 31445340 10595676 20849664 561435 11 36 0 6 12089.605712891 81.682000000
2.863497 2.831973 0.048199 100 2.73164e+09 21440742 9624806 11815936 813270 10 30 0 5 9428.217926025 69.883000000
4.768951 4.671648 0.123820 78 2.90787e+09 44837993 17849449 26988544 1136698 16 32 0 2 9887.902832031 63.473000000
2.386540 2.270219 0.122297 169 1782280522 39173615 7307759 31865856 1191007 18 51 0 8 6542.855834961 46.908000000
0.197718 0.111643 0.064454 115 1716121758 17768371 455603 17312768 2644809 13 40 0 11 6764.042663574 52.694000000
5.604889 5.505772 0.107966 136 2.22516e+09 42157615 16712239 25445376 1067715 18 42 0 11 11579.175109863 73.087000000
3.448288 3.259600 0.161195 168 1952723182 42026450 9698770 32327680 1147585 23 55 0 9 7867.041320801 54.063000000
2.313051 2.210568 0.111551 144 3.18974e+09 34623364 4751236 29872128 948399 19 43 0 8 11707.594604492 75.859000000
2.590402 2.496590 0.071934 130 3.79123e+09 21305540 7811268 13494272 882036 14 39 0 9 10412.966918945 65.014000000
5.550060 5.431946 0.097431 107 1873969243 36780475 13599163 23181312 1084103 19 45 0 8 -1301472.248840332 66.727000000
2.139063 2.011919 0.104539 110 1581579502 33881050 4696026 29185024 438811 15 34 0 7 5969.469604492 37.762000000
0.326670 0.218566 0.131575 174 1218903717 36214669 3504013 32710656 1571533 18 61 0 19 5216.542968750 32.580000000
4.304478 4.242546 0.037773 104 2.77996e+09 20921659 11583803 9337856 1235937 14 37 0 9 9598.928222656 59.662000000
5.210403 5.056554 0.098280 108 2094855674 38597467 12667739 25929728 1190741 19 58 0 7 9646.958312988 66.259000000
4.166910 4.087360 0.053993 119 2111197460 24865924 12024964 12840960 296535 13 48 0 5 8696.040039062 59.695000000
1.298682 1.156531 0.143089 95 1820198694 37919810 5637186 32282624 1204778 18 36 0 8 7140.518493652 47.776000000
2.101400 1.980576 0.157904 135 1585200143 46066930 5403890 40663040 2151964 22 49 0 4 7037.854919434 50.139000000
4.253226 4.164810 0.124457 131 1607188141 44413429 9404917 35008512 958238 17 45 0 2 7038.307800293 52.081000000
3.974363 3.848454 0.127707 115 2054372968 40010096 9034096 30976000 1064271 16 44 0 6 9767.873840332 61.471000000
4.273143 4.120286 0.108681 154 1956071187 38823432 11237896 27585536 2965696 21 50 0 17 8158.343200684 59.459000000
2.432916 2.296300 0.108783 87 2.72627e+09 34574291 5389267 29185024 220680 16 38 0 1 7643.615417480 47.027000000
4.392088 4.293798 0.084624 125 2133152914 31393769 8708073 22685696 1367660 16 37 0 7 8618.315429688 60.499000000
2.287955 2.167340 0.090386 123 1909936091 26193227 4904267 21288960 3611639 17 29 0 10 9787.867431641 64.166000000
2.398612 2.347891 0.113334 100 1875208530 31152617 6371817 24780800 1461655 15 34 0 5 9114.085083008 64.070000000
1.131124 1.023164 0.086748 98 1026329064 26848309 5491765 21356544 2227730 14 23 0 5 5801.091003418 38.116000000
0.320749 0.140642 0.133822 118 2.8885e+09 35388575 853151 34535424 866131 18 38 0 5 9058.690643311 62.331000000
1.419086 1.308105 0.127150 115 1963574924 37279136 8206752 29072384 1587627 16 49 0 8 8305.569458008 56.260000000
2.440432 2.347871 0.084591 76 2.35666e+09 30113588 8768308 21345280 785167 13 29 0 2 9492.710876465 67.310000000
3.740708 3.603981 0.203881 145 2.58374e+09 58819994 17605018 41214976 3183381 26 67 0 10 10108.255004883 67.377000000
2.637686 2.544263 0.121655 140 5.32359e+09 41865822 8400478 33465344 1466453 19 53 0 3 14881.091613770 126.929000000
4.209296 4.152640 0.088068 102 1609977832 34315987 10391251 23924736 1229560 14 44 0 7 8055.544128418 54.344000000
4.283843 4.195464 0.096200 98 4.03939e+09 34410470 10282982 24127488 869383 14 35 0 5 15723.994445801 99.259000000
0.302960 0.242012 0.135992 82 1933810472 40951933 2192509 38759424 1381967 14 33 0 4 7443.794860840 52.240000000
2.169788 2.056027 0.125401 114 2.30718e+09 39421136 5054672 34366464 1043593 16 43 0 3 8525.472412109 59.337000000
