"Validation time(S)" "Validation time(S) CPU" "Validation time(S) GPU" "Commits" "Aborts" "Val Reads" "CPU Val Reads" "GPU Val Reads" "Wasted Val Reads" "GPU employment times" "Val success" "Val fail" "Snapshot ext. calls" "Energy (J)" "Time(S)"
0.267976 0.135992 0.141383 120 2.79372e+09 32873501 985117 31888384 256833 18 36 0 8 8861.033630371 59.591000000
4.144608 3.963898 0.199076 182 2.25944e+09 57947846 12272326 45675520 1798638 31 70 0 5 10820.082397461 69.012000000
2.386289 2.297818 0.098772 139 1702165362 33527150 8768878 24758272 1179328 18 71 0 10 -1301005.706787109 60.504000000
3.281426 3.166767 0.149332 163 1517471390 48920769 9541825 39378944 1264714 26 66 0 7 8495.292358398 51.847000000
4.032079 3.869796 0.124634 118 2.61823e+09 38044058 9636250 28407808 2548137 19 43 0 9 8457.806091309 55.113000000
2.353886 2.281949 0.113800 147 2.97924e+09 41061911 10176023 30885888 1177449 20 48 0 11 11149.470520020 72.838000000
2.105629 2.019770 0.067448 106 2.33383e+09 21050575 4492495 16558080 1167733 13 52 0 11 8493.640441895 57.005000000
0.355489 0.296775 0.106772 96 2.43049e+09 30143809 6444353 23699456 812777 13 33 0 8 9096.013488770 57.167000000
3.658829 3.601844 0.071065 100 2.2331e+09 30284370 12183122 18101248 2283646 15 41 0 6 8910.193481445 59.669000000
1.440210 1.350735 0.082868 167 1393986834 25173955 2950083 22223872 1209104 18 48 0 4 6019.829711914 40.330000000
3.286127 3.198235 0.082133 75 3.34308e+09 32342293 8845589 23496704 1757053 14 33 0 3 11953.245849609 76.212000000
0.913385 0.864836 0.098336 86 2.8561e+09 27987570 6281842 21705728 697837 10 31 0 1 8843.482055664 56.745000000
2.343601 2.283468 0.083463 137 2117158636 28999383 5964503 23034880 1058352 16 35 0 8 7079.093627930 48.792000000
3.561329 3.502234 0.094475 90 1815225300 33217447 8008615 25208832 181694 15 43 0 1 9020.476684570 69.071000000
2.322259 2.171323 0.115948 139 2.76671e+09 39283266 4883010 34400256 1734332 18 43 0 13 11001.713867188 70.293000000
4.465292 4.377342 0.095423 136 3.48796e+09 33510711 12413239 21097472 1434091 16 42 0 10 10082.288818359 64.720000000
2.208770 2.141091 0.093487 108 2.37209e+09 34611073 11497345 23113728 516402 14 39 0 8 10090.353546143 70.039000000
3.755396 3.667306 0.081535 110 2.62964e+09 29837811 9247219 20590592 149320 11 42 0 3 7935.013427734 56.715000000
4.519040 4.471628 0.089970 110 2.27378e+09 34022109 9905885 24116224 1319995 16 37 0 7 8066.098632812 53.151000000
6.468633 6.329333 0.155243 120 2.61673e+09 53505657 18452089 35053568 868057 23 40 0 4 7464.638366699 48.512000000
0.222783 0.176158 0.101961 82 1890217293 22452340 1805428 20646912 778493 10 21 0 4 9045.562744141 67.975000000
2.502922 2.402611 0.073180 76 2.78065e+09 27376437 7799605 19576832 319307 10 22 0 2 8755.256958008 57.197000000
1.557629 1.411671 0.115151 96 2.16797e+09 42778624 13773824 29004800 362754 19 46 0 3 8945.043487549 58.814000000
2.468059 2.331487 0.135875 94 1829270564 43154409 9193449 33960960 1209978 22 54 0 4 8994.457397461 59.590000000
0.195578 0.120501 0.047546 86 1606848019 11984404 461332 11523072 655302 8 26 0 9 7177.355346680 47.530000000
6.776541 6.674254 0.100428 105 2.33053e+09 42555420 14305308 28250112 2561691 16 48 0 6 8999.881896973 59.717000000
2.594883 2.485481 0.084043 120 1686213088 27092469 5319157 21773312 1586206 13 43 0 10 7945.539550781 53.334000000
2.639521 2.439913 0.176776 98 2.54421e+09 58188241 16342481 41845760 1648468 20 41 0 2 10340.646362305 66.310000000
3.847652 3.665577 0.109922 131 1743655791 37828616 9263112 28565504 3319292 27 63 0 13 8269.088439941 52.577000000
0.110523 0.030293 0.070791 122 1710380927 18869259 790539 18078720 1777229 14 41 0 7 8005.718688965 51.858000000
2.471276 2.352262 0.093694 119 2.77919e+09 32331214 9510350 22820864 1757721 20 44 0 10 9125.708923340 60.800000000
5.691332 5.578882 0.072011 113 3.6264e+09 31779664 13723472 18056192 1532025 16 35 0 8 11689.769897461 73.474000000
3.080426 2.967839 0.106328 113 1528652433 38933473 8700897 30232576 688262 17 44 0 5 6531.471252441 46.079000000
4.082491 4.042077 0.063088 80 4.07496e+09 26377066 8861546 17515520 1488696 12 35 0 7 10375.891723633 67.057000000
2.659680 2.467643 0.128763 133 2.35275e+09 40700715 7956267 32744448 1246379 20 39 0 5 10039.531250000 65.915000000
2.324808 2.202273 0.155931 133 1701942375 43377826 6229154 37148672 2241838 19 41 0 4 7853.146362305 52.547000000
2.670496 2.518007 0.154436 144 1564701971 57460371 17033875 40426496 623020 27 50 0 6 10093.008422852 65.537000000
2.457736 2.332160 0.147821 143 1867360521 39950951 6553191 33397760 1448668 18 50 0 9 6140.556640625 38.889000000
1.316336 1.194292 0.055684 113 1624668943 21504447 5892543 15611904 2443250 14 26 0 6 6672.468872070 43.900000000
2.482799 2.375861 0.113394 135 2.9127e+09 37574072 7690680 29883392 684745 15 42 0 2 8606.257934570 59.311000000
