"Validation time(S)" "Commits" "Aborts" "Val Reads" "Val success" "Val fail" "Energy (J)" "Time(S)"
0.08763 25000000 3727546 14965274 472458 696 86.891968 1.323962927
0.058969 25000000 5699379 16244282 517371 1059 88.819824 1.377681971
0.085682 25000000 7107832 14376382 452015 504 92.897461 1.411137819
0.058172 25000000 4692093 15808632 497476 508 88.565002 1.349679947
0.091265 25000000 8901512 16477022 526378 1123 94.818665 1.473361015
0.089308 25000000 7001227 14839118 468183 697 91.275330 1.400522947
0.086755 25000000 9767160 14648140 462227 781 98.866577 1.534627914
0.123797 25000000 6716427 15019801 473820 568 91.822754 1.405435085
0.086532 25000000 9589083 14451034 454653 473 96.617371 1.491948843
0.127009 25000000 7371919 16402813 525684 782 93.130615 1.428329945
0.077532 25000000 6960235 15732581 504205 950 92.865967 1.437480927
0.089675 25000000 10265189 15725446 499833 807 96.868713 1.514944077
0.058314 25000000 4841525 15934769 505263 828 88.538147 1.366348982
0.094579 25000000 10622364 14551718 456588 531 98.175415 1.518566847
0.079234 25000000 6128943 16185732 514883 1330 89.135498 1.377638102
0.040836 25000000 7623218 15378096 493025 1257 93.724792 1.427203894
0.087723 25000000 5720815 15037764 478504 925 89.899048 1.383301020
0.101241 25000000 3576195 14084053 439051 476 86.740295 1.326308966
0.102611 25000000 7573515 14622544 463062 724 92.481384 1.407573938
0.120562 25000000 7876741 13881486 434137 406 95.424683 1.464138031
