"Validation time(S)" "Commits" "Aborts" "Val Reads" "Val success" "Val fail" "Energy (J)" "Time(S)"
0.960542 15000000 26406241 231614613 6484695 119025 127.998047 2.075834990
0.989615 15000000 29767738 227436572 6428038 335316 132.187012 2.131285191
1.10197 15000000 31357405 234910207 6582506 170410 139.286743 2.237739086
0.978243 15000000 18795841 230895069 6481250 144685 115.330200 1.860653877
1.04645 15000000 25590117 230512042 6437266 112322 126.832458 2.058442116
1.24504 15000000 34401986 231902920 6496449 223202 143.680908 2.279174089
1.16579 15000000 41276288 231338544 6492443 229710 147.790344 2.374269009
1.10935 15000000 34902932 228915903 6431902 285149 139.961426 2.226430178
1.18397 15000000 47502926 224770516 6361142 432655 155.773193 2.506808043
1.33642 15000000 33920030 230609560 6482080 288094 139.793945 2.223625898
1.09662 15000000 30722814 225957814 6344981 240333 135.400452 2.185147047
1.16539 15000000 29743357 225913687 6378032 325297 132.729004 2.096117973
1.23363 15000000 39513166 226476617 6403039 513533 148.075134 2.332170010
1.22587 15000000 30743968 228866786 6433539 174908 138.659790 2.192469835
1.20674 15000000 37589500 227960755 6405110 162662 142.173340 2.280916929
1.22614 15000000 43206204 231377920 6527605 349616 150.867065 2.400414944
1.3275 15000000 56996391 224673553 6329543 390894 163.318054 2.586929083
1.40116 15000000 40840006 228656216 6409351 312653 151.639465 2.379241943
1.11697 15000000 29586945 231460053 6481912 203623 133.860535 2.112643003
1.19274 15000000 28152707 226713833 6368930 112466 131.904907 2.113466024
