"Validation time(S)" "Commits" "Aborts" "Val Reads" "Val success" "Val fail" "Energy (J)" "Time(S)"
0.132665 25000000 1984335 25495839 652077 3376 161.301453 2.662194014
0.142328 25000000 2162778 24766034 634401 1942 160.515747 2.658184052
0.177282 25000000 1465166 27214163 697534 3166 158.427307 2.625102043
0.13156 25000000 2613649 26601435 682786 2124 161.263306 2.668356895
0.106773 25000000 2733549 24965657 639492 2346 161.784180 2.668242931
0.162308 25000000 1466870 28123843 723781 3442 158.516296 2.619051218
0.156099 25000000 2893167 31840935 821997 3517 160.418213 2.625757933
0.21326 25000000 1531511 28817171 742025 2243 158.235352 2.620583057
0.170483 25000000 1569063 24320250 621949 1620 159.371887 2.645462990
0.09612 25000000 672766 27324628 701496 2586 158.755493 2.604552031
0.101518 25000000 2882325 28912783 745039 3040 161.587036 2.652498960
0.105516 25000000 2418125 24413812 622761 2161 162.155579 2.673156023
0.160757 25000000 8325344 25394571 649891 5025 170.130005 2.792349100
0.07636 25000000 1824348 25731971 659481 2520 161.813599 2.648216009
0.141513 25000000 2512744 32711831 842778 4216 160.689331 2.632266998
0.13743 25000000 2410891 27008414 693566 2439 160.612305 2.647039175
0.115694 25000000 1680094 28467272 731011 2555 159.459900 2.599330902
0.150089 25000000 1711053 27460620 704430 2196 159.522339 2.668706894
0.128449 25000000 1866192 26899996 685548 1652 159.405640 2.628303051
0.141132 25000000 1846672 23734188 606119 1025 161.707947 2.690134048
