"Validation time(S)" "Commits" "Aborts" "Val Reads" "Val success" "Val fail" "Energy (J)" "Time(S)"
0.007213 50000000 1 114699 80884 1 208.058533 7.238063097
0.007029 50000000 0 110703 79777 0 206.765320 7.183460236
0.007051 50000000 0 112723 80701 0 207.520447 7.238966942
0.007002 50000000 0 113330 81068 0 206.053223 7.165359020
0.006846 50000000 0 112343 80881 0 206.411072 7.179057837
0.006872 50000000 0 114375 81111 0 209.984009 7.259361982
0.007022 50000000 0 112028 80428 0 206.734131 7.183319807
0.006876 50000000 1 114583 81334 1 208.102356 7.232815027
0.006816 50000000 0 112675 80857 0 204.535217 7.133882999
0.006814 50000000 0 115929 81555 0 208.643494 7.263624907
0.007039 50000000 0 113498 80888 0 207.805603 7.239169121
0.007323 50000000 1 114988 81363 1 207.209534 7.215911150
0.006711 50000000 0 110946 77896 0 214.664917 7.599030972
0.006791 50000000 0 113034 80110 0 208.908020 7.282160997
0.006978 50000000 0 115780 81282 0 209.683655 7.314553022
0.006992 50000000 0 111832 80172 0 207.622314 7.171518087
0.006914 50000000 0 111347 78423 0 213.386230 7.495326042
0.007129 50000000 0 112697 80585 0 203.974304 7.143373013
0.007142 50000000 0 114562 80742 0 207.475342 7.212328911
0.007162 50000000 1 112154 80601 1 206.815186 7.187308073
0.006741 50000000 0 111122 79726 0 210.979065 7.197901964
0.00691 50000000 2 112569 80637 2 215.810059 7.215776920
0.005977 50000000 0 118810 81948 0 211.961731 7.410088371
0.005927 50000000 0 114558 80734 0 207.116638 7.177701233
0.005736 50000000 0 112653 78819 0 210.363525 7.348706629
0.005915 50000000 0 114068 80754 0 206.189209 7.155733122
0.005989 50000000 0 116007 81641 0 205.773743 7.147145519
0.006074 50000000 1 115175 80938 1 206.802307 7.175554892
0.005942 50000000 0 115673 81009 0 207.403809 7.224170755
0.005941 50000000 0 115716 81294 0 206.635803 7.178954098
0.005928 50000000 0 114496 80510 0 207.423950 7.188599706
0.005718 50000000 2 114542 80922 2 206.767639 7.178960670
