"Validation time(S)" "Commits" "Aborts" "Val Reads" "Val success" "Val fail" "Energy (J)" "Time(S)"
0.128599 150000000 43819 6286631 1708297 34223 226.253601 6.786032915
0.127782 150000000 43100 6003240 1698171 33651 227.850281 6.789453983
0.127995 150000000 44962 6008268 1670304 35677 227.542114 6.812165022
0.131593 150000000 44735 6617786 1729250 35116 229.197021 6.785064936
0.129111 150000000 43595 6098887 1699898 34436 225.867676 6.844234943
0.129848 150000000 43665 6171452 1704499 34314 228.087769 6.815685987
0.129603 150000000 43769 6337608 1695416 34611 227.843384 6.793747902
0.129296 150000000 43897 6298471 1699880 34643 228.197205 6.818854094
0.128477 150000000 43210 6149578 1686236 33801 226.694458 6.907273054
0.133681 150000000 44592 6378168 1730030 34995 226.931091 6.871541977
0.129357 150000000 44162 6149793 1706821 34565 227.874817 6.816200972
0.130019 150000000 44374 6334195 1718441 34821 225.487305 6.774808168
0.128547 150000000 44270 6167510 1707240 35137 225.624084 6.719442129
0.128111 150000000 44449 5929246 1689490 34644 221.254639 6.727448940
0.127137 150000000 43858 6133559 1674165 34768 225.078918 6.746454954
0.129411 150000000 45084 6175974 1719887 35352 226.619263 6.761519909
0.126023 150000000 43469 6139951 1663616 34536 223.399658 6.862090111
0.131331 150000000 43429 6212092 1711992 33746 227.339844 6.793232918
0.130603 150000000 45057 6198920 1724610 35713 229.594055 6.886904001
0.128925 150000000 43594 6041834 1702917 34142 226.247681 6.780742168
0.130242 150000000 43338 6399582 1712002 33961 233.707214 6.823297977
0.129138 150000000 42294 6327728 1694954 33212 225.121704 6.730183149
0.129625 150000000 42669 6297552 1697862 33497 226.269409 6.768485265
0.131534 150000000 42825 6621962 1707434 33842 232.287720 6.927444167
0.12585 150000000 42501 5953283 1669861 33408 225.323669 6.726684976
0.126941 150000000 42654 6034641 1671745 33752 227.005615 6.777315819
0.126187 150000000 42658 6264763 1657251 33052 226.116089 6.769277930
0.130815 150000000 41875 6314574 1710555 32900 226.865845 6.774975814
0.128981 150000000 42334 6262069 1701176 33122 225.169922 6.728488769
0.13083 150000000 42517 6221114 1720024 33389 229.477356 6.830545966
0.131237 150000000 44113 6318216 1727662 34956 229.451355 6.860802443
