"Validation time(S)" "Commits" "Aborts" "Val Reads" "Val success" "Val fail" "Energy (J)" "Time(S)"
2.49859 100000000 373967 121618036 34539582 229160 331.845032 9.899364948
2.5114 100000000 369739 127535785 34471212 223213 345.758484 10.322046995
2.52818 100000000 377253 127472611 34806171 225516 338.740112 10.117504835
2.5371 100000000 368371 127915995 34515920 219166 338.319885 10.062008142
2.4885 100000000 369678 125560838 34152980 221653 334.749573 10.039382935
2.55481 100000000 372330 131545974 34787719 219590 344.285645 10.251754999
2.45531 100000000 366622 121932817 33676366 218860 336.407166 10.074790955
2.49005 100000000 373067 118787607 34654743 216993 329.289612 9.842351913
2.51038 100000000 371436 125196634 34451312 223751 332.124084 9.901278019
2.50887 100000000 373687 123957639 34498313 227543 337.981018 10.088542938
2.52791 100000000 372976 126895229 34716056 218848 334.267395 10.178137064
2.49843 100000000 376442 124714401 34582037 239362 332.041443 9.887267113
2.5193 100000000 374303 124733800 34782317 230008 338.338989 10.088603020
2.49803 100000000 372381 126698755 34321700 224113 333.101196 9.993616104
2.52137 100000000 373989 132230238 34737006 225953 334.454163 9.969587088
2.5061 100000000 373526 126390440 34587937 214916 338.970398 10.164661884
2.47966 100000000 369979 124674489 34239511 216776 334.229919 10.025751114
2.49597 100000000 367686 127661420 34164324 217757 332.222839 10.003218174
2.51157 100000000 372809 125771477 34599120 223293 342.179504 10.219794035
2.52343 100000000 375786 128337726 34817449 230208 342.873718 10.211730957
2.52879 100000000 373257 128630759 34594975 225334 349.843994 10.174674988
2.51847 100000000 373661 128895606 34818227 213860 335.754272 10.060789801
2.52673 100000000 369932 127980244 34655525 209403 336.270935 10.034716520
2.48999 100000000 370937 125075544 34503695 207049 336.523682 10.021676193
2.50262 100000000 369435 131520785 34474036 212149 340.529297 10.146930082
2.47624 100000000 366698 127977062 34147118 198087 333.982056 9.963675193
2.5229 100000000 371096 130359666 34604935 213814 337.567993 10.055712574
2.48796 100000000 370115 123533984 34451423 206216 335.397278 9.994440518
2.51447 100000000 372006 127902152 34623428 211398 336.777466 10.047304010
2.4763 100000000 363620 127012895 34095631 207587 342.971741 10.278988817
2.51591 100000000 371309 126932897 34774887 209390 337.651733 10.057955769
