"Validation time(S)" "Commits" "Aborts" "Val Reads" "Val success" "Val fail" "Energy (J)" "Time(S)"
0.242847 35000000 2 4896683 3627874 1 151.818542 4.914415121
0.242858 35000000 6 4944549 3610658 3 151.752197 4.968305826
0.245227 35000000 3 4949298 3648993 1 152.502258 4.936493874
0.245798 35000000 11 5024126 3642331 5 153.287598 4.968756914
0.244898 35000000 6 5007325 3635587 4 151.207886 4.993304968
0.249444 35000000 6 5101247 3679245 4 151.806641 4.996415854
0.242969 35000000 5 4939933 3633482 3 150.268555 4.911478996
0.242624 35000000 10 4907608 3629126 4 156.242676 4.918384790
0.24282 35000000 11 4925211 3626987 4 151.520874 4.924422026
0.24907 35000000 7 5104530 3685799 5 154.301880 5.000834942
0.245895 35000000 4 5040213 3647372 3 153.956421 4.998865128
0.244812 35000000 4 4989316 3626710 2 151.573059 5.004023075
0.246209 35000000 9 5025301 3632992 3 154.675842 5.023481846
0.244298 35000000 6 4918932 3644985 3 151.697632 4.911185026
0.245808 35000000 7 5030842 3644560 2 153.178345 4.972775936
0.246578 35000000 8 5032094 3660925 3 151.813904 4.951145887
0.242372 35000000 9 4868260 3616456 4 151.266785 4.895904064
0.243776 35000000 2 4933610 3627618 0 151.332520 4.915601015
0.23812 35000000 8 4795692 3540315 3 154.929932 5.051084995
0.242115 35000000 6 4942633 3605204 1 150.770081 4.978520870
0.245452 35000000 5 4924135 3631427 2 160.786499 4.958441973
0.243192 35000000 7 4910153 3623274 5 159.012695 4.957928181
0.242332 35000000 9 4960497 3619361 4 152.022522 4.916365291
0.24473 35000000 2 5013483 3658545 0 151.071045 4.924027804
0.242884 35000000 7 4949838 3626543 5 153.620056 4.936814495
0.241886 35000000 6 4921093 3616113 2 151.342346 4.881854626
0.243863 35000000 7 4990171 3647227 2 152.076843 4.910681616
0.2428 35000000 4 4961030 3632616 3 151.569763 4.897937706
0.244158 35000000 4 5001697 3653091 2 151.875549 4.906638902
0.244961 35000000 10 5016509 3660077 4 153.015564 4.914785762
0.24187 35000000 3 4936655 3619841 0 149.259399 4.905290359
0.241826 35000000 4 4925952 3617821 1 151.249329 4.875885896
