"Validation time(S)" "Commits" "Aborts" "Val Reads" "Val success" "Val fail" "Energy (J)" "Time(S)"
0.001917 54920 3179 543557 12493 1070 0.573792 0.013663054
0.001846 54920 3090 524059 12323 1023 0.581543 0.014090061
0.001879 54920 3228 543655 12596 1070 0.543823 0.013823986
0.001855 54920 3130 550842 12868 1047 0.568604 0.013880968
0.001879 54920 3240 536858 12276 1037 0.533325 0.013448954
0.001898 54920 3145 541339 12475 1120 0.538696 0.013505936
0.001947 54920 3133 548698 12727 1110 0.568665 0.013781071
0.001875 54920 3094 526670 12245 1062 0.537476 0.013645887
0.001914 54920 3012 545054 12741 1009 0.543030 0.013445854
0.001876 54920 3177 540305 12488 1034 0.538696 0.013673067
0.001908 54920 3196 545951 12572 1074 0.592957 0.013763905
0.001933 54920 3169 551508 12806 1015 0.586304 0.013911963
0.001859 54920 3116 540850 12422 1117 0.536377 0.013596058
0.001885 54920 3238 540394 12367 1119 0.538513 0.013566971
0.00198 54920 3141 543309 12601 1083 0.562561 0.013551950
0.001877 54920 3191 536930 12355 1082 0.536743 0.013486862
0.001874 54920 3166 545520 12572 1052 0.568481 0.013710022
0.001935 54920 3083 544485 12565 1053 0.540894 0.013639927
0.001915 54920 3178 545902 12555 1128 0.537720 0.013708115
0.001935 54920 3122 540034 12506 1145 0.536316 0.013408899
0.001908 54920 3124 544521 12494 1043 0.535217 0.013739824
0.001928 54920 3169 546418 12531 1115 0.553040 0.013775110
0.001887 54920 3106 548072 12709 1058 0.567993 0.013839006
0.001977 54920 3122 544796 12642 1065 0.540833 0.013574123
0.001937 54920 3071 539411 12589 1023 0.569702 0.013645887
0.001927 54920 3078 549172 12876 1035 0.535217 0.013393164
0.001952 54920 3092 539173 12506 1129 0.535522 0.013460159
0.001942 54920 3096 550995 12700 1018 0.612122 0.013572931
0.001869 54920 3245 540790 12299 1076 0.540710 0.013627052
0.001875 54920 3093 539873 12511 1026 0.552307 0.013542891
0.001896 54920 3069 542902 12698 999 0.538391 0.013501167
0.001966 54920 3239 547900 12623 1139 0.592590 0.013683081
0.001822 54920 3222 533130 12279 1097 0.578857 0.013479948
0.001882 54920 3080 534777 12312 1076 0.551575 0.013309002
