"Validation time(S)" "Commits" "Aborts" "Val Reads" "Val success" "Val fail" "Energy (J)" "Time(S)"
0.948429 23428127 231384 381925046 6302779 70248 357.122559 10.716168880
0.951556 23428127 212129 383382716 6321379 66280 352.992004 10.624094009
0.954688 23428127 236663 382227586 6294970 66975 354.811646 10.665555000
0.954183 23428127 224459 384765921 6297919 77315 353.752075 10.618894100
0.961633 23428127 215508 383370401 6336601 64418 346.446716 10.613140821
0.965734 23428127 226786 383554043 6320859 67243 342.314941 10.348198891
0.975446 23428127 233667 386319258 6344207 70945 348.777466 10.674011946
0.950872 23428127 222047 382628958 6300751 79164 345.497437 10.558872223
0.969039 23428127 216797 383271361 6327341 67015 351.818542 10.654676914
0.97926 23428127 234444 384543014 6316251 70974 343.147461 10.341359138
0.963999 23428127 233807 383042166 6312648 71545 344.046570 10.343087912
0.962935 23428127 227241 383994371 6341009 79208 337.957764 10.238922119
0.980898 23428127 215460 382845101 6333604 65675 340.842651 10.309052229
0.990298 23428127 213059 384314141 6364617 63202 349.355896 10.737025023
0.954312 23428127 227922 383942326 6323598 81939 337.432190 10.196079969
0.952515 23428127 232180 384138930 6332102 72933 338.825317 10.258991003
0.949954 23428127 235494 383345927 6301963 74075 336.855774 10.243897915
0.950645 23428127 219994 382415251 6310376 69021 345.082214 10.613801956
0.987276 23428127 248047 384515692 6338049 77007 343.099243 10.383516073
0.977476 23428127 231421 384119336 6318661 77203 339.781006 10.313313007
0.964352 23428127 237901 383213972 6316253 80732 343.846497 10.357082129
0.959789 23428127 239335 382493427 6284320 75180 352.394836 10.804825068
0.950072 23428127 220012 381936402 6292282 67755 342.214233 10.690154076
0.951375 23428127 219262 382670631 6315166 74976 339.631775 10.231034994
0.966271 23428127 227649 383767605 6314118 76960 349.850464 10.666768074
0.966224 23428127 235022 384078684 6313257 80068 339.862183 10.264197826
0.953738 23428127 212620 382872806 6321736 62679 347.383850 10.667930126
0.948859 23428127 234306 381705040 6308969 79499 348.605530 10.689534903
0.967922 23428127 224281 383785575 6326945 67351 339.204956 10.284461975
0.983804 23428127 218870 385681765 6353937 64577 341.941895 10.399170160
0.95405 23428127 232283 383623794 6330341 72665 337.074646 10.230895996
0.9787 23428127 225220 382523968 6309282 66578 384.359314 10.483268023
