"Validation time(S)" "Commits" "Aborts" "Val Reads" "Val success" "Val fail" "Energy (J)" "Time(S)"
0.000381 11261 1010 89478 2168 361 0.145081 0.003439903
0.000407 11261 994 92718 2272 341 0.154663 0.003430128
0.000378 11261 989 91122 2253 335 0.150391 0.003425837
0.000356 11261 1019 93230 2282 351 0.180359 0.003444910
0.000422 11261 985 91969 2298 313 0.150757 0.003417969
0.000381 11261 987 91531 2249 346 0.145081 0.003412008
0.000391 11261 996 93838 2301 323 0.149048 0.003421068
0.000354 11261 969 92664 2264 309 0.179749 0.003414869
0.000366 11261 994 91117 2210 355 0.145630 0.003420115
0.000372 11261 1008 95635 2352 330 0.152100 0.003404856
0.000367 11261 972 90691 2217 359 0.152954 0.003427029
0.000389 11261 1018 94668 2320 338 0.144592 0.003407001
0.000362 11261 978 89341 2211 325 0.151489 0.003437996
0.000401 11261 1028 91550 2208 372 0.180481 0.003445148
0.000383 11261 990 94370 2337 329 0.151672 0.003420830
0.000384 11261 1003 95061 2352 347 0.152100 0.003448009
0.000358 11261 988 91218 2281 340 0.147278 0.003486872
0.000382 11261 994 93429 2308 331 0.147278 0.003424168
0.000371 11261 1035 92724 2255 359 0.150940 0.003429890
0.000361 11261 966 89153 2252 303 0.151917 0.003422976
0.000405 11261 1023 94179 2212 377 0.147705 0.003458977
0.000353 11261 959 91300 2264 326 0.158020 0.003417015
0.000381 11261 1000 91254 2233 348 0.178162 0.003422022
0.000402 11261 994 92920 2260 368 0.148132 0.003443003
0.0004 11261 979 91326 2276 341 0.146973 0.003432035
0.000379 11261 1003 92775 2275 380 0.150452 0.003438950
0.000394 11261 1016 94334 2359 331 0.146118 0.003417969
0.000408 11261 1010 93993 2320 353 0.145813 0.003435135
0.000369 11261 983 95065 2341 348 0.146545 0.003438950
0.000373 11261 1016 91099 2266 339 0.150940 0.003412962
0.00036 11261 1009 91056 2237 331 0.151489 0.003415108
0.000364 11261 985 90574 2193 310 0.166992 0.003386021
0.000384 11261 1009 93374 2252 344 0.146362 0.003387928
0.000365 11261 976 91905 2248 329 0.194641 0.003381014
