"Validation time(S)" "Commits" "Aborts" "Val Reads" "Val success" "Val fail" "Energy (J)" "Time(S)"
0.002147 87383 678 243595 27723 0 56.251953 1.529622793
0.00209 87383 578 238571 27123 0 55.523010 1.509172201
0.002023 87383 556 236294 26878 0 55.817688 1.508614063
0.002143 87383 643 244553 27881 0 55.564941 1.501144886
0.002444 87383 1679 280639 32247 0 61.338440 1.719153881
0.002194 87383 696 242888 27648 0 54.740295 1.506050110
0.002052 87383 560 234740 26572 0 55.640808 1.530753136
0.002058 87383 516 235611 26691 0 54.422852 1.488286972
0.002153 87383 670 241308 27428 0 58.333008 1.627555132
0.002135 87383 679 240532 27356 0 54.812927 1.508177996
0.00207 87383 668 243144 27608 0 55.141296 1.513828993
0.002069 87383 677 240831 27463 0 54.377319 1.510560036
0.002062 87383 665 239616 27264 0 54.443542 1.490858078
0.002183 87383 827 247930 28266 0 55.392944 1.523823023
0.002113 87383 700 243338 27706 0 54.728027 1.518520117
0.002198 87383 718 241688 27504 0 54.779175 1.501056910
0.002202 87383 644 245292 27996 0 58.794434 1.640584946
0.002276 87383 850 252035 28723 0 55.656067 1.529250145
0.002224 87383 699 245563 27963 0 55.335938 1.530591011
0.002194 87383 676 248293 28389 0 54.915588 1.520868778
0.002036 87383 527 235553 26753 0 54.579407 1.498990059
0.002139 87383 666 243165 27629 0 56.836182 1.570827961
0.002055 87383 486 235162 26674 0 54.805176 1.512677193
0.00213 87383 671 247753 28249 0 55.435852 1.537217855
0.002024 87383 525 236244 26860 0 54.634766 1.497368097
0.002201 87383 747 243896 27760 0 55.065063 1.517445087
0.002074 87383 780 242828 27636 0 55.445862 1.523494005
0.002191 87383 782 246862 28110 0 55.182556 1.514105082
0.00217 87383 701 246004 28012 0 54.569702 1.513131857
0.002121 87383 742 247904 28264 0 56.164062 1.541800976
0.00209 87383 680 244325 27781 0 54.738708 1.509778976
