"Validation time(S)" "Commits" "Aborts" "Val Reads" "Val success" "Val fail" "Energy (J)" "Time(S)"
0.000324 87383 20 31697 3998 0 311.981506 8.494395971
0.000546 87383 121 55167 7021 0 307.951965 8.317631006
0.000443 87383 113 43437 5539 0 314.049133 8.541761875
0.000604 87383 130 61285 7805 0 308.340454 8.398916006
0.00064 87383 109 64474 8229 0 302.056885 8.471042871
0.000494 87383 70 48049 6091 0 307.706116 8.603710890
0.000572 87383 100 55161 7036 0 303.475952 8.464104891
0.000717 87383 94 71676 9131 0 305.793945 8.460404873
0.000574 87383 61 57142 7253 0 301.103760 8.482078075
0.000338 87383 51 36317 4586 0 302.567810 8.472182035
0.000238 87383 13 21834 2752 0 304.989990 8.594755173
0.000215 87383 24 21554 2717 0 300.120178 8.468613148
0.00033 87383 97 33743 4287 0 300.265198 8.444356918
0.000394 87383 88 39853 5098 0 308.801025 8.667209864
0.001078 87383 266 109186 13916 0 310.773682 8.692655087
0.000274 87383 22 29083 3680 0 301.383850 8.451884031
0.000273 87383 20 23828 3003 0 300.991882 8.464839935
0.000296 87383 22 27520 3475 0 315.270874 8.818432093
0.000334 87383 20 34272 4312 0 301.192627 8.479006052
0.000438 87383 88 40561 5148 0 312.636841 8.693490982
0.000588 87383 85 57433 7285 0 301.178589 8.434563875
0.000589 87383 86 63485 8066 0 301.529785 8.498786926
0.000456 87383 85 50811 6466 0 300.199829 8.463502884
0.000333 87383 42 33908 4277 0 304.604980 8.571647167
0.000853 87383 118 87800 11136 0 312.156982 8.625669003
0.000338 87383 100 33184 4218 0 309.794678 8.694825888
0.000412 87383 102 38697 4915 0 299.099792 8.424948931
0.000583 87383 86 58832 7445 0 311.720276 8.677927971
0.000329 87383 71 34444 4365 0 304.395996 8.585881948
0.000534 87383 77 52220 6622 0 296.360779 8.349880219
0.000315 87383 16 28023 3530 0 300.403931 8.458951950
