"Validation time(S)" "Commits" "Aborts" "Val Reads" "Val success" "Val fail" "Energy (J)" "Time(S)"
0.000524 21847 214 50158 7456 0 0.604675 0.014337778
0.000524 21847 277 49537 7405 0 0.591309 0.014233112
0.000564 21847 262 49967 7481 0 0.602539 0.014428854
0.000534 21847 244 48368 7184 0 0.597534 0.014182091
0.000544 21847 207 48692 7256 0 0.594055 0.014183044
0.000555 21847 269 49319 7337 0 0.586182 0.014183998
0.000555 21847 217 49445 7337 0 0.563538 0.014018059
0.000537 21847 283 49287 7341 0 0.592529 0.014252186
0.000555 21847 219 48872 7273 1 0.564636 0.014017820
0.00054 21847 195 49047 7287 0 0.590759 0.014023781
0.000579 21847 275 49611 7401 0 0.584290 0.014282942
0.000566 21847 304 50802 7578 0 0.574585 0.014505148
0.000552 21847 276 50543 7559 0 0.588562 0.014281034
0.000567 21847 279 49995 7455 0 0.587036 0.014262915
0.000523 21847 234 48587 7205 0 0.586304 0.014116049
0.000536 21847 181 48910 7246 0 0.563049 0.014140129
0.000561 21847 208 49800 7398 0 0.565735 0.014301062
0.000547 21847 218 49223 7313 0 0.588806 0.014198065
0.000547 21847 240 49015 7309 0 0.590515 0.014067173
0.000532 21847 254 49025 7307 0 0.599182 0.014235020
0.000515 21847 225 48744 7236 0 0.588928 0.014120817
0.000528 21847 272 49870 7402 0 0.585327 0.014350891
0.000533 21847 277 50139 7455 0 0.583069 0.014443159
0.000529 21847 273 49149 7287 0 0.596619 0.014384985
0.000553 21847 252 49745 7433 0 0.584473 0.014287949
0.000562 21847 256 49894 7438 0 0.589050 0.014204025
0.000549 21847 172 48816 7242 0 0.588928 0.014008045
0.000589 21847 290 50647 7579 0 0.593689 0.014433146
0.000533 21847 211 48631 7201 0 0.590759 0.014071226
0.000611 21847 294 52389 7815 0 0.588501 0.014688969
0.000501 21847 268 48818 7273 1 0.576233 0.014273167
