"Validation time(S)" "Commits" "Aborts" "Val Reads" "Val success" "Val fail" "Energy (J)" "Time(S)"
6e-06 176 14 746 43 0 0.154846 0.004554987
6e-06 176 15 680 43 0 0.222229 0.005050898
6e-06 176 15 740 44 0 0.155701 0.004645109
9e-06 176 16 743 44 0 0.187561 0.004678965
3e-06 176 15 737 44 0 0.156433 0.004559994
4e-06 176 15 692 41 0 0.155884 0.004614830
5e-06 176 14 753 44 0 0.154724 0.004452944
2e-06 176 16 763 44 0 0.188110 0.004526138
4e-06 176 15 734 44 0 0.160034 0.004564047
5e-06 176 16 732 43 0 0.155701 0.004585028
4e-06 176 15 741 46 0 0.156067 0.004585981
4e-06 176 15 741 44 0 0.157654 0.004585981
7e-06 176 15 734 44 0 0.156799 0.004572868
3e-06 176 15 744 44 0 0.155273 0.004579067
6e-06 176 15 677 41 0 0.155396 0.004631996
3e-06 176 15 732 43 0 0.154297 0.004581928
5e-06 176 15 736 45 0 0.154785 0.004590988
5e-06 176 15 740 44 0 0.158264 0.004584789
2e-06 176 15 733 43 0 0.181824 0.004585028
8e-06 176 15 775 46 0 0.156616 0.004391193
3e-06 176 15 734 44 0 0.156433 0.004589081
2e-06 176 15 759 45 0 0.154236 0.004583836
5e-06 176 15 734 44 0 0.184570 0.004584074
3e-06 176 14 706 43 0 0.157715 0.004544020
3e-06 176 15 735 44 0 0.159241 0.004585028
6e-06 176 15 736 45 0 0.157837 0.004618883
8e-06 176 12 753 40 0 0.155945 0.004266024
4e-06 176 15 715 43 0 0.154053 0.004623890
4e-06 176 15 775 45 0 0.150269 0.004501104
4e-06 176 15 735 44 0 0.153564 0.004581928
2e-06 176 16 752 45 0 0.158813 0.004673958
