"Validation time(S)" "Commits" "Aborts" "Val Reads" "Val success" "Val fail" "Energy (J)" "Time(S)"
0.60357 100000000 627050 228122501 3366045 621870 657.446289 18.049019098
0.637194 100000000 574677 252566094 3453159 569409 719.469971 19.467221022
0.53761 100000000 628381 221725731 3329267 622408 620.610535 16.966640949
0.624984 100000000 575125 274450017 3658908 568392 674.222473 18.078039059
0.567755 100000000 643416 239978446 3301362 636417 644.096130 17.457524627
0.57808 100000000 682984 208954509 3306049 677422 631.887512 17.122956567
0.585339 100000000 622873 247329778 3373112 617231 666.295410 18.020069644
0.598294 100000000 602521 247565680 3477987 597147 664.595093 17.956453556
0.566181 100000000 627399 231385190 3433323 622878 649.063171 17.704369150
0.596516 100000000 625577 235733993 3358403 620117 646.326599 17.461208018
0.567541 100000000 620755 235503652 3418177 615423 628.762756 16.983738464
0.647387 100000000 577289 265592632 3528419 573436 711.212402 19.166554882
0.610886 100000000 621610 245154787 3343066 616754 666.899597 18.087009716
