"Validation time(S)" "Commits" "Aborts" "Val Reads" "Val success" "Val fail" "Energy (J)" "Time(S)"
2.14167 200000 46980 1696270299 114968 46980 351.990417 8.559555054
2.01607 200000 43598 1527930758 103668 43598 353.201843 9.274976969
2.07193 200000 45708 1612489798 109299 45708 342.875122 8.808459044
2.03245 200000 45026 1598052785 108265 45026 339.266357 8.661092179
2.16984 200000 48606 1727086046 117242 48605 343.657166 8.486734345
2.20076 200000 47991 1752009654 119173 47991 340.914490 8.510427046
2.19989 200000 48520 1747198106 117723 48520 342.842346 8.453654651
2.17397 200000 47657 1729709326 116866 47657 343.424683 8.477236196
2.16287 200000 47906 1714595737 116514 47906 339.673645 8.462565658
2.17074 200000 48700 1730108543 117898 48700 340.068726 8.409482078
2.16341 200000 48268 1721498159 117412 48268 336.425598 8.434498322
2.16969 200000 48155 1728309222 117523 48155 344.678589 8.454385807
2.14784 200000 47418 1708963348 116003 47417 343.593933 8.562247996
