"Validation time(S)" "Commits" "Aborts" "Val Reads" "Val success" "Val fail" "Energy (J)" "Time(S)"
0.036932 25000000 392416 10496043 259877 27652 211.882996 6.310671091
0.037072 25000000 384567 10525344 262684 26257 210.324341 6.320971966
0.035425 25000000 406339 10172771 256426 23148 210.526550 6.273906946
0.036961 25000000 387907 10570582 263608 26431 212.152893 6.301210165
0.015666 25000000 42 4408327 106317 27 216.050781 6.532827139
0.036661 25000000 387307 10584011 262742 26989 211.055847 6.283654928
0.036613 25000000 393663 10595191 259917 29800 210.311340 6.306970119
0.026095 25000000 198564 7564283 187471 12987 214.093262 6.419968843
0.036517 25000000 400876 10483435 260670 26427 211.476074 6.313635111
0.035104 25000000 410792 10083574 256671 19984 211.413757 6.303404093
0.018361 25000000 7133 5037221 120023 1950 206.238770 6.259345055
0.03733 25000000 391254 10565215 261114 28582 211.074585 6.278999805
0.036737 25000000 397631 10455458 258879 27809 212.402527 6.304876089
0.034553 25000000 413172 10087186 255310 21372 216.431702 6.317692041
0.036756 25000000 382257 10602358 265188 25483 209.462646 6.255579948
0.034634 25000000 407588 10214611 258146 21918 209.293213 6.272276878
0.037164 25000000 390168 10544512 262437 27290 211.964600 6.311094999
0.036781 25000000 392882 10514371 258847 29543 211.434875 6.298844814
0.034804 25000000 408614 10086623 255312 22435 209.799438 6.306231976
0.037353 25000000 396491 10573297 258833 30267 212.912537 6.312259912
0.034094 25000000 420918 10233486 258591 22914 221.837158 6.518400309
0.033869 25000000 416621 10231770 259956 21810 221.100098 6.480187932
0.0341 25000000 417273 10326576 261258 23028 219.519348 6.483403425
0.033879 25000000 422552 10270065 259939 22723 222.414490 6.551518282
0.033826 25000000 415800 10251940 258832 22509 219.677673 6.492609291
0.033593 25000000 417548 10143605 257641 20292 220.622009 6.470826671
0.034077 25000000 417398 10263008 259636 23131 221.297913 6.488012961
0.033814 25000000 416565 10223269 259504 21516 221.440491 6.489278755
0.034136 25000000 416234 10323228 259782 23921 220.230896 6.487661119
0.033871 25000000 414233 10271031 260152 21792 221.781860 6.476587899
