"Validation time(S)" "Commits" "Aborts" "Val Reads" "Val success" "Val fail" "Energy (J)" "Time(S)"
0.545975 15000000 1041489 182566677 4256095 144071 244.745544 7.212260962
0.554211 15000000 1071638 183354733 4249146 152435 245.277710 7.282399893
0.538998 15000000 1051066 181660032 4226566 140720 239.544983 7.128808975
0.549487 15000000 1039570 183564975 4265563 145826 249.422485 7.237448215
0.539511 15000000 1090184 181016891 4221485 140977 245.559937 7.274960041
0.554445 15000000 1056920 183466093 4264384 153469 242.689697 7.283176899
0.534262 15000000 1037012 180679876 4212606 133840 241.377258 7.169273853
0.538414 15000000 1091993 180390248 4199636 140799 242.649231 7.272881031
0.535049 15000000 1093345 179918099 4200392 137144 243.684387 7.224047899
0.532278 15000000 1103540 179678081 4189532 139878 244.512390 7.227385044
0.529286 15000000 1078901 179301495 4185318 132155 242.341736 7.148086071
0.539414 15000000 1113221 180322878 4179719 143500 247.114624 7.299911022
0.551265 15000000 1017006 183267550 4279530 145156 248.531067 7.218044996
0.546227 15000000 1044286 182947683 4254871 145297 246.161499 7.230455875
0.538783 15000000 1116725 179664673 4172452 143977 248.350464 7.249464035
0.531086 15000000 1089784 179152606 4180989 140160 244.762207 7.159548044
0.558159 15000000 1024522 184649394 4289160 145436 244.881531 7.273974895
0.561088 15000000 1031084 184900973 4285206 153198 246.060547 7.263646126
0.535086 15000000 1101873 179799503 4189201 140246 247.293152 7.246454000
0.534133 15000000 1108783 180006001 4191999 139658 247.482361 7.257818937
0.543336 15000000 1079277 181972378 4237722 141202 245.894836 7.223973746
0.540766 15000000 1102985 181111301 4209604 143294 248.104675 7.233274062
0.538251 15000000 1081312 181199849 4226070 137691 244.966187 7.204389840
0.538342 15000000 1092762 181478622 4214563 139269 245.924377 7.227860086
0.532964 15000000 1054502 180732920 4227611 132832 241.587219 7.112832011
0.537744 15000000 1100888 181101720 4215676 142774 246.896606 7.207885726
0.541119 15000000 1106485 181132901 4206416 144157 249.445251 7.287255569
0.53297 15000000 1038129 181344789 4233825 130157 243.062988 7.113758633
0.538943 15000000 1043138 180947813 4239041 127780 243.449707 7.100471017
0.537176 15000000 1129427 180828820 4211135 144958 248.390015 7.253692417
