"Validation time(S)" "Commits" "Aborts" "Val Reads" "Val success" "Val fail" "Energy (J)" "Time(S)"
0.001439 6997 74679 475413 384 44 152.075073 5.073000000
0.001368 7077 71621 444223 374 47 151.827271 5.071000000
0.001221 6554 70713 413398 345 47 152.560242 5.072000000
0.001228 6815 77805 429339 369 57 151.081909 5.089000000
0.001511 6383 71307 516971 383 38 150.370361 5.069000000
0.001361 6727 73703 465942 371 61 152.187073 5.082000000
0.00144 7301 78056 476969 371 57 152.888428 5.090000000
0.001333 6494 72613 457713 353 45 151.611084 5.090000000
0.001529 6667 70945 501884 353 57 151.425354 5.070000000
0.001374 7115 80098 464237 389 42 151.704163 5.080000000
0.001562 6519 72415 476549 368 41 151.212463 5.084000000
0.001463 7076 80368 475627 395 67 153.716309 5.080000000
0.001442 6519 79815 461028 386 46 151.747803 5.075000000
0.001264 6815 71767 439139 369 50 153.592957 5.102000000
0.001368 6765 72210 466282 353 47 151.353638 5.090000000
0.001582 7443 77730 512939 386 64 152.702393 5.069000000
0.001269 6815 73714 467669 381 54 152.861145 5.089000000
0.001325 6651 71975 461613 371 44 151.321838 5.078000000
0.001276 7352 80172 483366 380 52 152.799927 5.091000000
0.001368 6563 74119 491054 398 64 150.767517 5.068000000
