"Validation time(S)" "Commits" "Aborts" "Val Reads" "Val success" "Val fail" "Energy (J)" "Time(S)"
0.001464 7076 69921 514832 407 51 153.265015 5.092000000
0.001141 6591 70007 406768 367 44 151.330261 5.090000000
0.001499 6559 71323 506747 355 56 152.427368 5.082000000
0.001215 6951 75725 448988 387 47 152.087463 5.078000000
0.001338 7304 79639 475295 411 61 152.840576 5.081000000
0.001521 7338 77696 496463 384 47 152.638855 5.084000000
0.001357 6815 78278 455881 381 52 152.387695 5.096000000
0.001348 6803 71262 471665 383 63 152.740662 5.094000000
0.001241 6519 77016 425801 390 49 152.487671 5.112000000
0.001472 7423 79900 478604 388 59 154.579163 5.103000000
0.00125 7112 78699 411195 342 52 151.896790 5.075000000
0.001569 7041 76517 556386 381 52 152.231445 5.078000000
0.001256 6414 76584 445814 374 53 152.035767 5.090000000
0.001348 6988 71660 465529 392 56 151.950745 5.071000000
0.001155 6968 70942 399269 378 47 152.817383 5.068000000
0.001087 6383 74362 399327 322 55 153.062439 5.107000000
0.001418 6890 75717 480004 406 41 152.495178 5.090000000
0.001545 7115 78682 529610 410 58 151.387573 5.084000000
0.001189 6988 75296 398972 362 59 151.416687 5.082000000
0.001117 6414 78416 413456 330 43 153.304749 5.099000000
