"Validation time(S)" "Commits" "Aborts" "Val Reads" "Val success" "Val fail" "Energy (J)" "Time(S)"
0.001754 6951 75801 584114 428 46 153.025574 5.081000000
0.001382 6519 70545 464381 375 39 152.365112 5.107000000
0.001478 6669 71549 509693 400 47 151.531799 5.074000000
0.001634 7078 67885 555054 398 55 152.380310 5.082000000
0.001385 6547 69983 473201 364 61 151.156372 5.080000000
0.001299 7059 74923 440044 371 52 152.557617 5.085000000
0.001303 6803 77212 447924 379 51 152.330444 5.083000000
0.001116 6414 69504 413708 345 43 151.819275 5.087000000
0.001669 7428 78463 552585 395 54 153.369690 5.088000000
0.001297 6535 67396 443787 366 56 152.484131 5.081000000
0.001376 6547 71287 487653 405 57 153.394897 5.078000000
0.001428 6283 68388 487642 388 53 151.398926 5.085000000
0.001483 6667 74900 504976 363 49 151.828796 5.078000000
0.001135 7112 70700 374451 358 52 151.899841 5.089000000
0.001495 7304 78210 493558 381 57 152.523315 5.084000000
0.001236 6729 72541 427091 356 50 151.668030 5.096000000
0.001335 6538 74347 471290 388 63 151.220032 5.084000000
0.0016 6563 75619 504505 372 55 150.724426 5.072000000
0.001294 7443 72782 428011 399 59 152.360901 5.092000000
0.001389 6985 72745 448346 374 44 152.138916 5.076000000
