"Validation time(S)" "Commits" "Aborts" "Val Reads" "Val success" "Val fail" "Energy (J)" "Time(S)"
0.001357 6653 73748 458671 367 48 151.618652 5.098000000
0.001314 7112 71767 466486 357 50 153.504211 5.097000000
0.001555 6651 74551 513215 387 48 154.158569 5.094000000
0.001404 6815 77720 497585 387 54 152.759155 5.089000000
0.001369 6555 70189 478441 386 53 150.838989 5.084000000
0.00141 6383 71188 481383 391 41 152.203857 5.082000000
0.001309 7250 71031 450630 386 51 153.088135 5.088000000
0.001222 7329 78303 422258 370 48 153.132751 5.083000000
0.001311 6953 74965 439898 386 69 150.633179 5.078000000
0.00146 7352 81071 503807 409 54 152.529541 5.092000000
0.001204 7244 76109 414716 384 59 152.247925 5.072000000
0.001431 7099 75873 465588 399 59 152.501038 5.084000000
0.001555 6575 71379 482523 389 49 151.000061 5.085000000
0.001302 6591 77335 445709 381 54 151.743591 5.079000000
0.001357 6992 75570 469402 368 57 153.085327 5.069000000
0.001301 7250 78257 440437 368 34 153.126221 5.084000000
0.001262 6729 76580 458027 364 56 152.220093 5.094000000
0.001627 7120 71947 520573 393 58 152.741577 5.081000000
0.001449 7078 72523 527175 395 43 151.521545 5.087000000
0.00133 7076 80065 455025 362 53 151.991516 5.078000000
