"Validation time(S)" "Commits" "Aborts" "Val Reads" "Val success" "Val fail" "Energy (J)" "Time(S)"
0.006237 53 372339 1216937 11 6 188.551575 6.060000000
0.001536 53 345335 313286 8 5 188.253601 5.931000000
0.004036 53 374132 853359 9 6 184.400452 5.870000000
0.002614 53 350973 494940 7 8 173.092712 5.520000000
0.004594 53 361811 935440 10 6 185.794434 5.921000000
0.006336 53 377488 1297090 8 8 189.097168 6.033000000
0.00489 53 386958 1013644 6 8 185.850525 5.937000000
0.002297 53 336252 462328 10 9 186.772034 5.918000000
0.019187 53 381354 3777436 11 6 196.750244 6.309000000
0.019055 53 391674 3584904 11 6 202.563782 6.533000000
0.00131 53 304139 261523 8 9 187.252502 5.985000000
0.006237 53 389581 1203638 9 6 196.854492 6.291000000
0.002858 53 387913 563384 10 4 187.532043 5.984000000
0.003346 53 357873 678823 10 6 181.310913 5.829000000
0.009456 53 386711 1874348 12 7 180.260803 5.766000000
0.00224 53 389744 454932 10 6 192.540710 6.171000000
0.009121 53 363449 1857282 7 8 186.468140 5.956000000
0.005583 53 357724 1289200 6 9 183.877930 5.852000000
0.003337 53 408346 670872 8 8 200.624084 6.443000000
0.014724 53 389912 2810185 9 6 202.311768 6.483000000
