"Validation time(S)" "Commits" "Aborts" "Val Reads" "Val success" "Val fail" "Energy (J)" "Time(S)"
0.001482 6668 66982 533860 407 44 150.961853 5.092000000
0.001571 7322 72810 517465 405 57 153.589844 5.089000000
0.001328 6516 72303 457967 367 53 150.921875 5.080000000
0.001285 6997 77878 447646 376 46 153.704529 5.090000000
0.001494 6668 73443 533271 395 55 152.983154 5.099000000
0.001328 7078 77161 442996 371 53 152.359436 5.080000000
0.001249 6520 72332 447143 352 54 152.592285 5.068000000
0.001359 6968 74131 474577 394 53 152.516113 5.093000000
0.001604 7321 72815 532987 392 56 152.418518 5.086000000
0.001368 6951 69907 463085 366 45 153.674072 5.102000000
0.001386 7076 82024 468699 418 48 153.854370 5.084000000
0.001382 6988 77556 489308 384 48 152.732849 5.079000000
0.001407 6925 73713 491093 381 61 152.943909 5.080000000
0.001337 6648 69751 445885 339 56 151.762634 5.073000000
0.001494 7005 66325 520323 391 47 153.207703 5.095000000
0.001353 6727 70908 462385 400 48 153.072632 5.092000000
0.001539 6705 80380 458327 353 48 151.735718 5.101000000
0.001646 6981 71892 514398 412 54 152.525879 5.077000000
0.001185 6895 77480 431339 364 35 152.238342 5.082000000
0.001358 6499 72144 461214 352 55 152.712585 5.099000000
