"Validation time(S)" "Commits" "Aborts" "Val Reads" "Val success" "Val fail" "Energy (J)" "Time(S)"
0.006445 53 323133 1194737 9 7 167.349731 5.320000000
0.008113 53 380267 1771188 8 7 183.006042 5.841000000
0.00438 53 367716 831247 8 6 184.169434 5.828000000
0.019363 53 372161 4030402 8 7 182.128052 5.788000000
0.007318 53 316106 1722795 7 7 175.746582 5.581000000
0.003072 53 358863 594311 11 6 186.604187 5.967000000
0.004642 53 383050 896499 6 7 188.797485 6.062000000
0.002058 53 304969 384352 7 7 169.682861 5.398000000
0.005403 53 397133 1079786 8 6 185.554260 5.922000000
0.003942 53 383649 745990 8 6 184.283936 5.869000000
0.006236 53 369609 1228781 11 5 175.278992 5.583000000
0.004299 53 323650 872446 10 8 183.913269 5.834000000
0.00431 53 385011 882554 9 6 187.996094 5.999000000
0.004794 53 373442 920809 10 6 191.094666 6.064000000
0.005526 53 383485 1283002 7 6 195.543335 6.305000000
0.005209 53 365801 976083 8 5 186.324402 5.980000000
0.00723 53 370888 1599775 7 7 192.807434 6.143000000
0.003993 53 315816 792693 8 9 189.544434 6.074000000
0.002729 53 357513 567674 7 7 189.961853 6.067000000
0.005526 53 360781 1160250 8 7 187.608643 5.956000000
