"Validation time(S)" "Commits" "Aborts" "Val Reads" "Val success" "Val fail" "Energy (J)" "Time(S)"
0.013046 53 387041 2583802 11 6 196.247314 6.303000000
0.008742 53 385197 1794130 10 6 181.959595 5.819000000
0.002701 52 453530 474619 11 6 175.615906 5.823000000
0.00514 53 393420 979970 9 8 191.614441 6.149000000
0.002178 53 337992 425063 7 9 175.332642 5.427000000
0.018816 53 362856 3668742 7 7 186.199707 5.983000000
0.015051 53 373606 3040262 10 7 184.261047 5.909000000
0.003479 53 365881 688899 10 6 177.573914 5.661000000
0.001203 53 325965 234808 7 7 186.892761 5.903000000
0.011627 53 329346 2265057 9 7 184.340393 5.823000000
0.010598 53 357743 2184684 11 6 170.991272 5.490000000
0.003055 53 297283 644530 9 7 184.481201 5.801000000
0.003607 53 358277 724008 9 7 183.079773 5.879000000
0.005347 53 359066 1090572 12 5 174.032837 5.543000000
0.00658 53 374815 1348586 11 6 184.686829 5.837000000
0.006185 53 372784 1275722 9 6 189.385925 6.000000000
0.009654 53 345861 2000936 11 4 183.575806 5.828000000
0.018324 53 373317 3781870 11 7 185.295715 5.854000000
0.007136 53 382697 1435408 11 5 195.654297 6.260000000
0.003769 53 354804 713589 8 5 178.853699 5.661000000
