"Validation time(S)" "Commits" "Aborts" "Val Reads" "Val success" "Val fail" "Energy (J)" "Time(S)"
0.001204 6744 74383 429611 367 44 156.893005 5.084000000
0.001483 6803 77586 508323 346 53 152.718384 5.103000000
0.001247 6847 77910 453813 339 51 152.314331 5.093000000
0.001323 6651 76440 461160 391 53 151.611450 5.090000000
0.001512 7343 75957 492018 399 53 153.119812 5.090000000
0.001581 7024 70559 489783 374 42 151.357056 5.077000000
0.001431 6887 76073 507893 371 58 150.284424 5.071000000
0.00129 6729 76969 449778 377 42 151.016785 5.081000000
0.001393 6538 72680 471462 377 51 153.323608 5.096000000
0.001605 7230 78693 514896 375 42 152.879700 5.079000000
0.001355 6559 71747 459687 375 45 152.728271 5.073000000
0.00119 7112 75326 420892 383 60 152.274719 5.087000000
0.001623 7348 71195 549046 417 58 152.682617 5.088000000
0.001193 6748 69075 405104 364 52 151.705688 5.096000000
0.001359 7115 80161 458057 365 49 151.963989 5.093000000
0.001367 6500 72340 466345 376 56 151.847351 5.090000000
0.001474 7338 70187 470624 385 55 152.686035 5.089000000
0.001268 6903 70744 463738 394 74 152.666626 5.089000000
0.001582 6729 73482 535396 373 42 152.030334 5.095000000
0.001313 6491 68658 448485 390 63 152.393677 5.101000000
