"Validation time(S)" "Commits" "Aborts" "Val Reads" "Val success" "Val fail" "Energy (J)" "Time(S)"
2.3735 750000 11501 1449187160 365074 11501 403.810486 10.541212082
2.13282 750000 11593 1408215482 362807 11593 387.614014 9.568844080
2.19786 750000 11060 1369031939 353638 11060 391.379578 10.161566019
2.09713 750000 11556 1377906078 354599 11556 375.820251 9.542409944
2.1706 750000 11520 1433827285 363689 11520 388.128906 9.740043632
2.1452 750000 11462 1426119454 363172 11462 376.166748 9.631061234
2.13988 750000 11799 1416870904 360033 11799 384.704651 9.671740061
2.16052 750000 11909 1419990399 359378 11909 386.864990 9.715576025
2.14757 750000 11357 1421513159 364624 11356 381.464294 9.587189838
2.10913 750000 11254 1405290092 359196 11254 381.284363 9.608142540
2.13239 750000 11827 1417266065 360209 11827 384.415222 9.655969271
2.16684 750000 11781 1440417752 362492 11781 373.783813 9.546581741
2.14791 750000 11685 1424734067 363260 11685 390.196289 9.734088825
2.15961 750000 11562 1428999416 363379 11562 385.662048 9.639820905
2.15173 750000 11339 1416522146 358294 11339 378.790833 9.733715676
2.13586 750000 11656 1413617193 362413 11656 384.439575 9.560626285
2.16895 750000 11539 1437463511 365503 11539 383.468567 9.699771182
2.1436 750000 11254 1382942502 351486 11254 388.175171 9.907008584
2.13887 750000 11595 1419979279 362788 11595 381.233643 9.540778962
2.19652 750000 11682 1455020839 365498 11682 384.150024 9.816743702
