"Validation time(S)" "Commits" "Aborts" "Val Reads" "Val success" "Val fail" "Energy (J)" "Time(S)"
3.28192 50000000 1141484 795846180 23187583 1115061 422.865662 12.088608980
3.29703 50000000 1062134 863847782 23277567 1038901 433.391052 12.393042088
3.25006 50000000 982321 814097054 23544808 957655 428.686218 12.000378132
3.30503 50000000 1036234 852199667 23772554 1011116 432.602905 12.135505069
3.42259 50000000 1267777 909705075 23611650 1242156 452.660950 12.748460857
3.48101 50000000 1271872 934312531 23833801 1245969 457.259949 12.833015898
3.44036 50000000 1110350 922437443 23707886 1082449 448.488098 12.611414758
3.22405 50000000 1271563 817766351 23015749 1248276 435.475525 12.216188712
3.44711 50000000 945708 918303448 24193099 921824 442.457031 12.402181626
3.42225 50000000 1106609 903797135 23907577 1080945 446.232483 12.412043332
3.39935 50000000 1061396 898010156 23827616 1033115 444.496826 12.434406113
3.29724 50000000 1061367 858933845 23446864 1036485 436.534973 12.177885459
3.28287 50000000 978608 815450298 23628619 954194 431.197266 12.058960618
3.25384 50000000 1124982 797558793 23497744 1099806 436.993225 12.145025531
3.57151 50000000 1183419 1001599255 24191522 1155129 472.351868 13.110184461
3.37683 50000000 1144397 880704028 23624485 1119692 442.394531 12.341797751
3.40804 50000000 1213462 902412399 23574693 1188592 452.020325 12.741860104
3.34086 50000000 1028607 889117614 23332495 1002145 451.270691 12.618754715
3.35771 50000000 1018641 882446798 23938841 995103 439.451904 12.292085208
3.44369 50000000 1039130 927497006 24045078 1014951 451.243652 12.529096870
