"Validation time(S)" "Commits" "Aborts" "Val Reads" "Val success" "Val fail" "Energy (J)" "Time(S)"
0.513288 22362283 38 7657182 7657175 7 253.681763 9.078883171
0.51469 22362283 32 7721353 7721350 3 252.331238 9.023689747
0.527559 22362281 36 7850544 7850541 3 255.488220 9.101709843
0.512946 22362283 27 7653701 7653694 7 250.779053 9.043012857
0.515754 22362283 39 7662512 7662511 1 251.456482 9.287312984
0.517467 22362283 42 7728668 7728664 4 244.051636 9.044890881
0.514525 22362283 41 7626124 7626122 2 262.581726 9.683958054
0.509312 22362283 45 7567213 7567211 2 250.851807 9.226428032
0.514307 22362281 57 7644468 7644463 5 246.732971 9.149711132
0.517165 22362283 36 7688736 7688731 5 248.628235 9.119627953
0.513681 22362283 34 7650391 7650389 2 246.445984 9.163221836
0.53081 22362283 50 7923686 7923683 3 244.861450 9.133512020
0.517022 22362283 34 7728013 7728010 3 248.090027 9.079695225
0.511159 22362283 34 7593908 7593907 1 252.407104 9.259025812
0.51024 22362283 37 7593546 7593545 1 250.906555 9.251892090
0.532702 22362283 38 7946934 7946933 1 247.122742 9.129913807
0.516 22362283 24 7579886 7579885 1 251.133240 9.281961918
0.521568 22362283 36 7805438 7805433 5 243.529907 9.048363924
0.515892 22362283 25 7734697 7734697 0 242.238953 9.044082165
0.510305 22362283 30 7581781 7581780 1 249.253357 9.244634867
0.531107 22362283 35 7816221 7816217 4 242.484863 9.044303894
0.507717 22362283 27 7586850 7586849 1 245.068115 9.143882036
0.513486 22362283 34 7632256 7632253 3 254.080933 9.447749138
0.511999 22362283 40 7633431 7633429 2 255.097351 9.548593044
0.51344 22362283 31 7688508 7688505 3 252.187317 9.239778042
0.505774 22362281 38 7527729 7527727 2 253.642761 9.388856888
0.514703 22362283 43 7645836 7645834 2 244.662720 9.090386152
0.514349 22362283 35 7626934 7626931 3 250.030396 9.257164001
0.516146 22362283 50 7695333 7695329 4 248.241150 9.206645012
0.515814 22362283 38 7707891 7707886 5 242.347046 9.063802958
0.517672 22362283 42 7709884 7709880 4 247.661255 9.162355900
