"Validation time(S)" "Commits" "Aborts" "Val Reads" "Val success" "Val fail" "Energy (J)" "Time(S)"
0.002156 93687 7 32919 32919 0 1.219177 0.042768240
0.00224 93687 4 33009 33009 0 1.002441 0.036418200
0.002174 93687 4 31672 31672 0 1.212524 0.036935806
0.002199 93687 0 32710 32710 0 1.185913 0.035429955
0.002135 93687 0 32991 32991 0 1.037109 0.036667109
0.002311 93687 4 32996 32996 0 0.978943 0.036633253
0.002274 93687 1 32941 32941 0 0.977234 0.036416054
0.002204 93687 3 32600 32600 0 1.015076 0.036644936
0.00226 93687 4 32832 32832 0 0.989136 0.036332846
0.002274 93687 2 33248 33248 0 0.956116 0.036278963
0.002245 93687 5 33044 33044 0 0.982666 0.036408901
0.002213 93687 1 33194 33194 0 0.987061 0.036808968
0.002262 93687 4 33080 33080 0 0.982300 0.036658049
0.002026 93687 3 30050 30050 0 0.982178 0.036640882
0.00215 93687 2 32871 32871 0 0.994263 0.036553860
0.002175 93687 3 32462 32462 0 0.957214 0.035878897
0.002227 93687 1 33031 33031 0 0.971497 0.036343098
0.002135 93687 5 32858 32858 0 0.975830 0.036093235
0.002164 93687 3 32857 32857 0 0.980286 0.036672831
0.002178 93687 4 32451 32451 0 0.962585 0.035552025
0.002196 93687 3 32814 32814 0 0.985962 0.035769939
0.002222 93687 2 33255 33255 0 1.042175 0.036283016
0.002179 93687 5 33196 33196 0 0.974609 0.036188841
0.002183 93687 7 32703 32703 0 0.979614 0.036673069
0.002241 93687 2 32995 32995 0 0.983276 0.036352873
0.002178 93687 3 33216 33216 0 0.987366 0.035990000
0.002179 93687 4 32784 32784 0 1.007446 0.036526918
0.002183 93687 4 32554 32554 0 0.976501 0.036556005
0.002174 93687 2 32557 32557 0 0.973328 0.036460161
0.002246 93687 1 33224 33224 0 0.993469 0.036013842
0.002181 93687 3 32608 32608 0 0.965088 0.035719156
