"Validation time(S)" "Commits" "Aborts" "Val Reads" "Val success" "Val fail" "Energy (J)" "Time(S)"
0.001357 1000000 19 246911 12367 18 62.515930 1.705213070
0.001413 1000000 21 267067 13375 19 62.253601 1.700710058
0.002071 1000000 18 385211 19296 16 62.283569 1.702841043
0.001449 1000000 13 257488 12902 10 62.463257 1.702704191
0.001637 1000000 20 294220 14730 19 64.345520 1.777631044
0.001787 1000000 16 322406 16144 13 64.010071 1.777784824
0.001628 1000000 17 297438 14892 14 62.873535 1.700767040
0.004234 1000000 63 773627 38713 53 79.410278 2.398969889
0.002094 1000000 22 381260 19100 18 64.508240 1.778953075
0.002991 1000000 34 556530 27882 32 62.397583 1.705401897
0.001416 1000000 16 246127 12327 14 62.689331 1.702898026
0.004887 1000000 55 916185 45874 45 64.893188 1.788332939
0.005559 1000000 63 1037602 51958 47 63.423218 1.719285965
0.002745 1000000 38 487063 24383 26 69.186401 1.930363178
0.003199 1000000 36 570086 28531 29 69.361267 1.954694033
0.001917 1000000 22 359295 17998 18 62.654541 1.703255892
0.003929 1000000 57 697007 34893 45 79.960815 2.385363102
0.001533 1000000 16 290835 14562 14 64.582886 1.778002977
0.002894 1000000 25 539852 27025 25 62.380127 1.705265045
0.004492 1000000 69 796357 39854 58 79.156433 2.401419163
0.002637 1000000 30 501001 25078 27 68.720276 1.937940766
0.00113 1000000 13 219233 10983 12 63.098755 1.702241132
0.002986 1000000 45 551237 27586 36 70.815430 2.025756405
0.001103 1000000 12 214145 10728 10 62.404175 1.702538624
0.002627 1000000 29 500976 25096 24 66.310486 1.838174857
0.00217 1000000 25 410814 20568 20 66.869385 1.837753145
0.000919 1000000 12 178836 8954 11 62.997253 1.701880795
0.000897 1000000 5 172899 8667 5 63.371460 1.702369478
0.00118 1000000 10 229111 11475 8 63.370056 1.700237559
0.001145 1000000 6 223033 11174 4 63.166809 1.702525811
