"Validation time(S)" "Commits" "Aborts" "Val Reads" "Val success" "Val fail" "Energy (J)" "Time(S)"
0.155892 12779058 460 117203420 90528 301 2386.560913 60.632781352
2.25782 32457838 13728 1692884706 702636 10913 2303.640747 60.636161357
1.98217 32487318 10840 1484375447 707364 8298 2305.729797 60.636636518
2.10657 32570182 12728 1581855926 699730 10402 2299.284241 60.633578024
2.0732 33090476 11312 1547230380 729457 8844 2306.471558 60.641278061
1.8903 33312557 12220 1404364978 757757 9836 2310.395386 60.633180594
2.19993 32899660 14471 1652977628 745936 12084 2307.014832 60.635431035
0.228829 12893380 924 173207798 101393 748 2393.870422 60.632939243
0.177309 12005056 216 131037365 107320 84 2365.389160 60.635273096
2.08613 32899909 11850 1563848583 737068 9222 2313.711487 60.634699063
2.06109 32936281 13226 1538819958 731099 10743 2312.958984 60.630174943
1.91998 33096072 10114 1429834525 711524 7795 2301.741333 60.633487139
0.22749 12938470 1239 172830837 109499 1144 2383.367126 60.636091887
2.09386 33064994 13608 1561596884 750591 11056 2297.081299 60.653134963
2.00605 32444818 12558 1498096368 704915 10045 2301.508179 60.636401731
2.05079 31526612 12905 1538406290 671807 10530 2302.278198 60.633953481
1.78243 33306648 9993 1323879283 694166 7629 2282.441895 60.632700702
1.88787 31890557 11665 1413233803 618452 9580 2305.948547 60.633626881
1.88211 31736706 10553 1402540291 634886 8476 2318.574036 60.670442825
1.8715 33033038 11698 1382642819 726504 9536 2291.814636 60.632864343
