"Validation time(S)" "Commits" "Aborts" "Val Reads" "Val success" "Val fail" "Energy (J)" "Time(S)"
0.098329 528253 139 75766060 1984 137 2371.821838 60.633218066
0.104323 535919 145 80849364 2052 128 2415.449280 60.635048946
0.120958 529217 139 93546756 2289 134 2404.617493 60.635482870
0.108787 528975 170 84375269 2121 157 2405.289429 60.635851424
0.108498 530056 164 83541021 2135 159 2393.305786 60.635291206
0.10678 533464 141 82638056 2123 130 2409.172668 60.635501631
0.106716 530403 134 82527349 2104 127 2404.568542 60.633182331
0.107507 528824 160 82970892 2124 147 2408.851379 60.653166818
0.113691 534215 151 88054409 2222 145 2399.046265 60.633631286
0.112178 535776 144 86924339 2220 137 2410.588196 60.635617780
0.097616 528379 126 75352054 1975 118 2393.096680 60.633104425
0.014856 540760 24 11156144 270 21 2407.119019 60.635123003
0.088529 533116 121 68571038 1708 121 2390.995361 60.661344322
0.104258 529462 160 80839779 2071 150 2386.335999 60.632615773
0.087975 531330 123 68263475 1833 118 2381.543518 60.632941638
0.087663 530888 144 67624044 1792 138 2395.404114 60.635499505
0.109141 530967 162 84822932 2123 155 2402.646851 60.629311323
0.105027 522842 144 81483424 2047 141 2390.172363 60.632618712
0.098931 526574 101 76552489 2004 99 2396.615967 60.635419333
0.099291 527324 148 76718181 1971 126 2392.336487 60.632315017
0.116525 528470 169 89905515 2255 151 2386.788696 60.632030097
