"Validation time(S)" "Commits" "Aborts" "Val Reads" "Val success" "Val fail" "Energy (J)" "Time(S)"
0.79927 23121314 4042 617734134 30834 2918 2372.908752 60.632383144
0.964687 23651675 4792 749582171 34425 3515 2362.185059 60.636800837
0.927577 23316888 5110 720798445 34067 3692 2367.342346 60.637139528
0.928785 22506512 4514 718974375 32371 3235 2369.060547 60.635690811
0.144935 17863167 612 113178985 4353 479 2398.291443 60.651107212
1.00126 23389287 4799 777623569 34982 3693 2350.153137 60.633257644
0.689076 22301490 3663 533089261 26778 2641 2372.020142 60.631887594
0.006287 18071798 9 4764240 386 4 2388.406250 60.638925902
0.057216 18275024 258 44354577 1748 199 2400.348877 60.632483079
0.909078 23296860 4803 704146123 33247 3323 2375.991943 60.632887492
0.000892 10708501 9 625653 22 1 2395.021484 60.631007883
0.90186 23313107 4532 701363189 32829 3308 2373.577759 60.634240907
0.169625 12677180 1181 132493082 4939 965 2396.659790 60.636314263
0.979971 23548331 5355 761246910 34972 3942 2341.697449 60.633133714
0.853075 22475415 4405 662077576 31211 3051 2365.724609 60.635046864
0.74793 22561516 3650 578511202 29321 2497 2368.585754 60.635687233
0.728744 22285860 3632 565097848 27472 2554 2354.023071 60.632369314
0.863147 22645305 4383 669583427 31290 3100 2346.111267 60.643509445
0.792832 22471481 3847 611474238 29639 2547 2361.287903 60.636193490
0.879051 22489439 4500 682373018 31762 3219 2377.320496 60.632019211
0.721731 22383975 3771 558908577 28394 2711 2355.577515 60.630772745
