"Validation time(S)" "Commits" "Aborts" "Val Reads" "Val success" "Val fail" "Energy (J)" "Time(S)"
11.9334 4633566 675142 9027724880 2698973 68842 2316.872009 60.632847139
13.391 5269647 503989 9970094516 3777422 49679 2301.388367 60.635242437
10.7426 3902854 574319 8246212611 1756909 70415 2336.265015 60.634803213
13.3745 5293195 491940 9958577023 3806440 48469 2283.474243 60.633781086
13.3895 5269344 494616 9988807621 3787933 50469 2281.850647 60.632339962
13.4738 5209895 492934 10071589612 3745352 50137 2296.265076 60.635064327
13.3186 5289297 489220 9914609092 3782925 51558 2279.886597 60.635578740
13.336 5246365 491093 9930874043 3763689 51167 2276.829346 60.631867680
13.1662 5204034 532823 9812676179 3660538 52486 2301.915527 60.634750957
13.512 5185141 484105 10069184078 3718018 50323 2308.677551 60.651572931
13.6171 5169803 487884 10099017100 3713532 49935 2286.960510 60.632404334
13.5 5223619 489276 9984782476 3721621 52444 2270.401733 60.635951118
13.6162 5212645 488028 10117000107 3747539 49305 2271.461792 60.647026911
13.3443 5239535 500264 9879713730 3736263 50689 2288.109131 60.638248584
13.3596 5218438 505244 9911240387 3717064 50271 2268.978088 60.633068822
11.1769 4190323 564842 8438785629 2169053 66423 2322.584290 60.634847896
13.6123 5195558 490188 10089531784 3720330 50900 2285.926758 60.634946540
13.4882 5203649 497639 9998549791 3714029 48889 2281.929932 60.635389277
11.4599 4350497 555277 8645141386 2383922 73522 2327.506409 60.635475220
13.5261 5256613 491964 10012807754 3763806 51370 2288.094482 60.640186415
