"Validation time(S)" "Commits" "Aborts" "Val Reads" "Val success" "Val fail" "Energy (J)" "Time(S)"
1.84322 2068083 10698 1419040036 76782 6846 2358.432007 60.633506171
1.99891 2057330 11800 1542587047 81284 7773 2360.705994 60.633058758
2.22071 2041113 14824 1715194066 87885 10227 2355.120483 60.634117207
2.89038 2168341 20155 2278995168 97989 12054 2380.560730 60.633000507
2.07728 2060432 13433 1608896066 84480 9104 2357.645935 60.636077513
2.90937 2201784 20125 2298784645 95387 11554 2402.313416 60.635234926
2.1408 2039147 13325 1652109719 85092 9096 2368.930969 60.634691040
2.18702 2036219 14485 1687699813 86473 10142 2360.559204 60.633346646
2.06137 2039151 12606 1595818574 82157 8637 2378.143677 60.636072873
1.76754 2056839 11047 1364636527 75202 6993 2374.537964 60.635395514
2.00561 2046865 12298 1550003804 82629 8505 2364.178284 60.687328532
2.12725 2039477 14475 1640249190 85903 9990 2337.704346 60.635520344
1.56198 2096164 10400 1203993273 70181 6349 2366.590454 60.635158195
1.99798 2045301 13395 1543072255 81366 8832 2350.562622 60.634824697
1.71156 2066657 10635 1317575407 74645 6944 2373.167725 60.633253944
1.89388 2041599 11383 1463426109 77980 7421 2359.873291 60.633582177
1.76598 2061595 11143 1357361938 75435 7410 2359.235474 60.632141252
1.95261 2050050 12421 1507860356 81594 8489 2357.677856 60.632259654
2.39022 2090290 15180 1868349675 86822 9023 2377.232910 60.635426912
1.85293 2064050 11962 1433211458 78627 7884 2353.024475 60.632321148
