"Validation time(S)" "Commits" "Aborts" "Val Reads" "Val success" "Val fail" "Energy (J)" "Time(S)"
0.001002 4096 0 618753 3036 0 0.271057 0.005577087
0.001044 4096 0 617959 3040 0 0.271118 0.005728006
0.000999 4096 0 613783 3010 0 0.204590 0.005639076
0.00102 4096 0 614944 3014 0 0.207764 0.005740881
0.001002 4096 1 616109 3035 0 0.186096 0.005522966
0.001037 4096 1 619265 3050 1 0.224243 0.005565882
0.000996 4096 0 623381 3066 0 0.187439 0.005552053
0.001008 4096 0 615465 3024 0 0.192932 0.005555153
0.001023 4096 0 625719 3080 0 0.188843 0.005533934
0.000997 4096 0 621937 3058 0 0.193542 0.005541086
0.001004 4096 0 613303 3016 0 0.195923 0.005553961
0.000988 4096 1 619970 3051 1 0.194336 0.005578041
0.000998 4096 0 616277 3020 0 0.190063 0.005575895
0.001065 4096 0 620988 3048 0 0.221313 0.005579948
0.001029 4096 0 627953 3088 0 0.194580 0.005582094
0.001024 4096 0 621712 3073 0 0.185669 0.005533934
0.000995 4096 0 618194 3030 0 0.189331 0.005645990
0.000942 4096 0 612071 3008 0 0.186279 0.005565166
0.001022 4096 0 617055 3035 0 0.191711 0.005594015
0.000995 4096 0 620392 3042 0 0.190796 0.005552053
0.000973 4096 0 620512 3042 0 0.186279 0.005560875
0.001034 4096 0 624596 3073 0 0.195496 0.005659819
0.000986 4096 0 622500 3065 0 0.219177 0.005561113
0.001008 4096 0 618638 3047 0 0.198792 0.005572081
0.000974 4096 0 615279 3033 0 0.194702 0.005579948
0.001011 4096 0 619031 3039 0 0.189758 0.005568981
0.001051 4096 0 619879 3044 0 0.190430 0.005547047
0.001039 4096 0 625995 3086 0 0.190979 0.005597115
0.000961 4096 0 617055 3026 0 0.190918 0.005553961
0.000951 4096 1 617197 3021 1 0.218628 0.005568981
0.001056 4096 2 623725 3069 1 0.195496 0.005543947
