"Validation time(S)" "Commits" "Aborts" "Val Reads" "Val success" "Val fail" "Energy (J)" "Time(S)"
0.000503 5173 509 129570 666 104 0.376404 0.007148027
0.000491 5080 446 130120 650 94 0.372498 0.006750822
0.000516 5101 450 131474 656 98 0.349854 0.006900072
0.000512 5071 483 132576 657 105 0.346619 0.006891012
0.000492 5140 514 134778 692 109 0.318970 0.006978989
0.000487 5202 521 131940 657 105 0.321655 0.006947994
0.000471 5022 501 125380 646 97 0.315125 0.006745100
0.00049 5086 454 131808 671 101 0.323181 0.006754875
0.000508 5171 525 132933 674 112 0.325195 0.006999969
0.000499 5069 437 132501 668 90 0.285889 0.006659985
0.000492 4996 473 131752 658 114 0.316345 0.006716013
0.000465 5068 411 129981 661 86 0.318970 0.006598949
0.000503 4945 415 129536 652 87 0.288940 0.006541967
0.000503 4894 420 129431 639 89 0.317322 0.006469011
0.000528 5083 468 136070 672 100 0.321289 0.006835938
0.000461 5010 478 127449 632 93 0.315063 0.006681919
0.000491 5021 423 129624 639 100 0.323242 0.006727934
0.00049 5018 472 132408 659 92 0.318787 0.006716013
0.000477 5033 480 130277 670 90 0.323303 0.006667852
0.000499 5016 469 128140 631 97 0.286804 0.006684065
0.000505 5046 426 128590 651 90 0.314575 0.006653070
0.000484 5032 460 130012 665 102 0.317200 0.006906033
0.000488 5052 491 129006 652 95 0.324158 0.006816864
0.000513 4968 413 134425 679 80 0.319702 0.006608963
0.000492 5062 480 131870 673 91 0.318054 0.006795883
0.000496 5100 489 133312 687 98 0.318176 0.006870031
0.000482 5095 502 131192 649 101 0.322449 0.006843090
0.000498 5035 548 129658 658 108 0.316345 0.006904125
0.000504 5066 463 128687 627 109 0.320190 0.006784916
0.000474 5017 409 130387 637 85 0.304077 0.006607056
0.000477 5081 504 131777 666 101 0.323242 0.006887913
