"Validation time(S)" "Commits" "Aborts" "Val Reads" "Val success" "Val fail" "Energy (J)" "Time(S)"
1.64294 100000000 0 322721925 89994960 0 284.200562 10.487050442
1.64376 100000000 0 329501786 89994780 0 276.890747 10.355809141
1.65061 100000000 0 336992239 89994421 0 277.234619 10.369078649
1.64851 100000000 0 332708320 89995247 0 276.984375 10.359175012
1.6381 100000000 0 320906672 89995580 0 275.278687 10.299110376
1.64119 100000000 0 313196065 89994711 0 284.216431 10.635494628
1.65187 100000000 0 330406689 89994704 0 279.659607 10.461500807
1.63784 100000000 0 319045117 89995005 0 277.382080 10.378279466
1.6502 100000000 0 334886204 89994912 0 278.353699 10.413908357
1.65027 100000000 0 328798653 89996853 0 280.303772 10.483711225
