"Validation time(S)" "Commits" "Aborts" "Val Reads" "Val success" "Val fail" "Energy (J)" "Time(S)"
0.000417 11260 0 172289 9554 0 0.132568 0.003479955
0.000421 11260 0 172289 9554 0 0.133545 0.003473245
0.000417 11260 0 172289 9554 0 0.134216 0.003489492
0.000418 11260 0 172289 9554 0 0.133179 0.003471612
0.000419 11260 0 172289 9554 0 0.133423 0.003501078
0.000418 11260 0 172289 9554 0 0.132751 0.003467080
0.000417 11260 0 172289 9554 0 0.133057 0.003495449
0.000419 11260 0 172289 9554 0 0.133850 0.003494062
0.000421 11260 0 172289 9554 0 0.134094 0.003479012
0.000424 11260 0 172289 9554 0 0.135620 0.003477573
