"Validation time(S)" "Commits" "Aborts" "Val Reads" "Val success" "Val fail" "Energy (J)" "Time(S)"
0.000443 21846 0 120150 21846 0 1.648010 0.060314717
0.000442 21846 0 120150 21846 0 1.672058 0.060236522
0.000441 21846 0 120150 21846 0 1.644836 0.060317216
0.000442 21846 0 120150 21846 0 1.650024 0.060495731
0.000442 21846 0 120150 21846 0 1.656067 0.060285678
0.000443 21846 0 120150 21846 0 1.656982 0.060238667
0.000444 21846 0 120150 21846 0 1.644226 0.060238563
0.000442 21846 0 120150 21846 0 1.676025 0.060234075
0.000443 21846 0 120150 21846 0 1.690369 0.061968134
0.000441 21846 0 120150 21846 0 1.638245 0.060610680
