"Validation time(S)" "Commits" "Aborts" "Val Reads" "Val success" "Val fail" "Energy (J)" "Time(S)"
5.3e-05 2731 0 10923 2731 0 0.487976 0.019106305
5.2e-05 2731 0 10923 2731 0 0.486633 0.019106279
5.2e-05 2731 0 10923 2731 0 0.486633 0.019113577
5.2e-05 2731 0 10923 2731 0 0.488586 0.019101511
5.2e-05 2731 0 10923 2731 0 0.486450 0.019121158
5.2e-05 2731 0 10923 2731 0 0.490295 0.019160748
5.2e-05 2731 0 10923 2731 0 0.491394 0.019110226
5.3e-05 2731 0 10923 2731 0 0.488831 0.019105055
5.2e-05 2731 0 10923 2731 0 0.489014 0.019151614
5.2e-05 2731 0 10923 2731 0 0.489624 0.019104686
