"Validation time(S)" "Commits" "Aborts" "Val Reads" "Val success" "Val fail" "Energy (J)" "Time(S)"
5.2e-05 2731 0 10923 2731 0 0.225525 0.008288197
5.2e-05 2731 0 10923 2731 0 0.226562 0.008292105
5.2e-05 2731 0 10923 2731 0 0.248047 0.008410907
5.2e-05 2731 0 10923 2731 0 0.226074 0.008286382
5.2e-05 2731 0 10923 2731 0 0.253418 0.008313267
5.2e-05 2731 0 10923 2731 0 0.227051 0.008284190
5.2e-05 2731 0 10923 2731 0 0.223389 0.008293244
5.2e-05 2731 0 10923 2731 0 0.224670 0.008298808
5.2e-05 2731 0 10923 2731 0 0.225586 0.008300674
5.2e-05 2731 0 10923 2731 0 0.226013 0.008425100
