"Validation time(S)" "Commits" "Aborts" "Val Reads" "Val success" "Val fail" "Energy (J)" "Time(S)"
0.000467 21846 0 120150 21846 0 5.289551 0.213339065
0.000442 21846 0 120150 21846 0 5.293457 0.212955069
0.000442 21846 0 120150 21846 0 5.293152 0.213165929
0.000442 21846 0 120150 21846 0 5.281433 0.212975846
0.000445 21846 0 120150 21846 0 5.277649 0.212934579
0.000443 21846 0 120150 21846 0 5.281433 0.213066631
0.000442 21846 0 120150 21846 0 5.282227 0.213028187
0.000443 21846 0 120150 21846 0 5.280884 0.213123880
0.000453 21846 0 120150 21846 0 5.280823 0.212869988
0.000443 21846 0 120150 21846 0 5.282166 0.212934931
