"Validation time(S)" "Commits" "Aborts" "Val Reads" "Val success" "Val fail" "Energy (J)" "Time(S)"
0.099508 25000000 0 73009237 1649911 0 330.639404 13.494649411
0.101104 25000000 0 73373788 1653612 0 327.980591 13.416294168
0.101109 25000000 0 73185615 1654501 0 328.987366 13.485244091
0.101404 25000000 0 73096742 1650784 0 329.436462 13.480006279
0.098774 25000000 0 73210789 1653321 0 328.708008 13.426429661
0.100971 25000000 0 73091395 1651057 0 329.776001 13.480706040
0.100114 25000000 0 73173403 1653601 0 325.913208 13.365528098
0.099621 25000000 0 73148627 1653918 0 327.003540 13.378550066
0.09911 25000000 0 73098983 1650621 0 326.218018 13.367870831
0.099804 25000000 0 73200660 1653939 0 327.735535 13.345585719
