"Validation time(S)" "Commits" "Aborts" "Val Reads" "Val success" "Val fail" "Energy (J)" "Time(S)"
0.08171 52 5 32406547 26 0 153.792908 6.260000000
0.080366 52 7 32572090 24 0 153.125061 6.304000000
0.080673 52 5 32518517 26 0 153.987000 6.346000000
0.080256 52 6 32405081 25 0 152.664673 6.268000000
0.084162 52 6 32389396 25 0 154.748779 6.288000000
0.07787 52 6 31106264 26 0 143.204834 5.918000000
0.079998 52 6 32425733 26 0 154.431030 6.268000000
0.079319 52 5 32135010 26 0 151.872803 6.223000000
0.068519 52 6 24913678 25 0 147.865173 6.024000000
0.079601 52 5 32289489 26 0 157.886414 6.373000000
0.074434 52 6 28901591 26 0 139.766479 5.772000000
0.083132 52 6 32273599 25 0 152.636475 6.269000000
0.072457 52 5 28125457 26 0 151.492981 6.193000000
0.080293 52 6 32393207 26 0 152.972229 6.268000000
0.077743 52 5 31123591 26 0 143.348083 5.917000000
0.074915 52 6 30324740 25 0 141.650696 5.824000000
0.080164 52 5 31994078 26 0 149.072510 6.151000000
0.080422 52 6 32523546 25 0 153.510681 6.308000000
0.080717 52 5 32387573 26 0 153.767578 6.257000000
0.080719 52 5 32386170 26 0 153.425537 6.259000000
