"Validation time(S)" "Commits" "Aborts" "Val Reads" "Val success" "Val fail" "Energy (J)" "Time(S)"
0.003437 5013 1227 1248484 1854 0 118.122742 5.068000000
0.003327 5031 1530 1246005 1643 0 119.040405 5.084000000
0.003437 4948 1020 1262962 1971 0 118.517273 5.085000000
0.003304 4959 1178 1219374 1864 0 118.698425 5.073000000
0.003399 4959 974 1266374 2010 0 118.186584 5.083000000
0.003444 4958 1071 1262316 1920 0 117.831543 5.071000000
0.003391 4926 927 1255458 2025 0 117.948914 5.071000000
0.00352 4893 886 1219505 2031 0 118.834045 5.078000000
0.003358 5045 1528 1254751 1634 0 119.147644 5.062000000
0.003465 4948 1302 1251734 1772 0 118.707642 5.070000000
0.003368 4926 947 1231235 2026 0 120.668335 5.068000000
0.003345 5010 1178 1257552 1880 0 118.070007 5.075000000
0.003484 4789 764 1239531 2091 0 119.498413 5.072000000
0.003395 4958 812 1264030 2125 0 118.369263 5.085000000
0.00348 5053 866 1294230 2130 0 117.729309 5.078000000
0.003441 4957 974 1284744 1988 0 120.097046 5.089000000
0.003447 5010 1609 1291488 1532 0 117.788574 5.080000000
0.003393 4958 1024 1276586 1978 0 118.441589 5.091000000
0.003315 4958 1199 1235804 1828 0 117.559265 5.088000000
0.003344 4893 1386 1233052 1663 0 118.770874 5.073000000
