"Validation time(S)" "Commits" "Aborts" "Val Reads" "Val success" "Val fail" "Energy (J)" "Time(S)"
0.003384 4958 788 1254912 2142 0 119.229370 5.068000000
0.003398 4957 957 1273208 2000 0 118.207336 5.069000000
0.003419 5010 1152 1287213 1892 0 118.194519 5.078000000
0.003441 4955 796 1266557 2125 0 118.159485 5.066000000
0.003412 4948 1165 1228801 1867 0 118.635681 5.075000000
0.003325 4958 1104 1237287 1911 0 118.113953 5.081000000
0.003392 4958 944 1272393 2031 0 118.635620 5.082000000
0.003498 5024 675 1260931 2271 0 119.160645 5.068000000
0.003472 4727 707 1210779 2077 0 117.261047 5.066000000
0.003402 4979 1018 1269634 1987 0 118.680359 5.069000000
0.003298 4958 1267 1227953 1798 0 118.157532 5.067000000
0.003323 4958 1062 1237785 1971 0 118.505981 5.076000000
0.003441 5012 1605 1282294 1554 0 118.437866 5.070000000
0.003416 4964 1004 1269794 2003 0 117.748047 5.070000000
0.003377 5013 1515 1249650 1654 0 117.978149 5.065000000
0.003366 4957 1316 1241476 1751 0 118.714355 5.080000000
0.003534 4959 1117 1277113 1909 0 119.043945 5.076000000
0.003342 4957 1339 1230559 1766 0 118.843628 5.073000000
0.00342 4867 1147 1253169 1853 0 118.784424 5.077000000
0.003364 4948 1157 1273495 1835 0 118.244324 5.074000000
