"Validation time(S)" "Commits" "Aborts" "Val Reads" "Val success" "Val fail" "Energy (J)" "Time(S)"
0.003412 4948 1257 1231350 1771 0 118.741333 5.075000000
0.003391 4916 1440 1272543 1643 0 117.971680 5.068000000
0.003382 5032 1103 1242644 1944 0 118.491211 5.062000000
0.003406 4916 798 1249713 2088 0 118.558167 5.071000000
0.003385 4926 889 1258741 2071 0 118.234924 5.078000000
0.003479 5045 738 1284175 2257 0 117.691345 5.065000000
0.003409 4959 880 1267279 2059 0 117.916138 5.076000000
0.003467 4957 937 1243695 2030 0 121.196350 5.070000000
0.003412 5010 844 1277713 2139 0 119.381714 5.082000000
0.003505 5013 1091 1309676 1945 0 117.751709 5.074000000
0.003299 4926 1300 1226330 1718 0 118.725647 5.072000000
0.00345 4926 1005 1266893 1978 0 117.291077 5.084000000
0.003496 4868 1190 1217653 1808 0 118.289673 5.070000000
0.003411 4926 1245 1296349 1769 0 118.044189 5.070000000
0.003456 4957 983 1252637 1993 0 117.743469 5.073000000
0.003423 4958 783 1267103 2147 0 118.135925 5.083000000
0.003424 5010 1230 1279110 1834 0 118.096619 5.069000000
0.00345 5010 1509 1269453 1620 0 117.693359 5.084000000
0.003435 4958 1117 1265888 1906 0 117.431213 5.070000000
0.003422 4948 891 1253075 2034 0 118.401855 5.074000000
