"Validation time(S)" "Commits" "Aborts" "Val Reads" "Val success" "Val fail" "Energy (J)" "Time(S)"
3.12382 50000000 0 1826642213 44989538 0 432.043518 16.152768002
3.1189 50000000 0 1788249369 44987932 0 432.214905 16.152357092
2.97578 50000000 0 1554142323 44987214 0 409.056885 15.296443186
2.96401 50000000 0 1522854982 44988642 0 403.410400 15.078202449
2.87776 50000000 0 1460620723 44987228 0 394.703064 14.760553852
3.01223 50000000 0 1620475034 44987217 0 412.008606 15.404682056
3.03455 50000000 0 1700552175 44988778 0 414.614685 15.503676532
3.14114 50000000 0 1772633247 44987647 0 435.400635 16.279488424
2.99951 50000000 0 1619008328 44987222 0 408.597473 15.274107464
2.98271 50000000 0 1593792582 44987921 0 406.866028 15.213231508
