"Validation time(S)" "Commits" "Aborts" "Val Reads" "Val success" "Val fail" "Energy (J)" "Time(S)"
0.001545 93685 0 93685 93685 0 1.085938 0.037835220
0.001543 93685 0 93685 93685 0 1.035217 0.039702794
0.001544 93685 0 93685 93685 0 1.007568 0.037977360
0.001542 93685 0 93685 93685 0 0.982971 0.038023240
0.001545 93685 0 93685 93685 0 0.983704 0.037983550
0.001545 93685 0 93685 93685 0 1.010254 0.038028943
0.001542 93685 0 93685 93685 0 1.003967 0.038057743
0.001542 93685 0 93685 93685 0 1.009094 0.037988873
0.001543 93685 0 93685 93685 0 0.985779 0.038146390
0.001548 93685 0 93685 93685 0 1.015442 0.038035427
