"Validation time(S)" "Commits" "Aborts" "Val Reads" "Val success" "Val fail" "Energy (J)" "Time(S)"
0.368439 22362279 0 22362279 22362279 0 291.267639 12.146926091
0.368093 22362279 0 22362279 22362279 0 291.127197 12.138577677
0.368848 22362279 0 22362279 22362279 0 291.430786 12.161644473
0.368069 22362279 0 22362279 22362279 0 292.741760 12.179501567
0.372729 22362279 0 22362279 22362279 0 291.048218 12.086781523
0.368221 22362279 0 22362279 22362279 0 296.981323 12.384808431
0.371726 22362279 0 22362279 22362279 0 300.385803 12.158532186
0.368003 22362279 0 22362279 22362279 0 291.618103 12.149903605
0.367975 22362279 0 22362279 22362279 0 292.168518 12.178503297
0.368457 22362279 0 22362279 22362279 0 292.229919 12.179975398
