"Validation time(S)" "Commits" "Aborts" "Val Reads" "Val success" "Val fail" "Energy (J)" "Time(S)"
0.000252 10000 0 129289 6465 0 0.945251 0.034473470
0.000249 10000 0 130450 6523 0 0.942200 0.034457745
0.000249 10000 0 130592 6530 0 0.946655 0.034441372
0.00026 10000 0 129987 6500 0 0.939941 0.034449612
0.000246 10000 0 130351 6518 0 0.941223 0.034448008
0.00025 10000 0 131087 6555 0 0.940979 0.034460881
0.000253 10000 0 130425 6522 0 0.938599 0.034442310
0.000248 10000 0 129220 6462 0 0.947144 0.034473750
0.000252 10000 0 131029 6552 0 0.942932 0.034549623
0.00025 10000 0 129471 6474 0 0.940430 0.034665930
