"Validation time(S)" "Commits" "Aborts" "Val Reads" "Val success" "Val fail" "Energy (J)" "Time(S)"
1.00557 4194304 0 1172375960 4187854 0 425.629517 17.067412743
1.01381 4194304 0 1172375960 4187854 0 420.579529 17.052854528
1.00362 4194304 0 1172375960 4187854 0 421.722168 17.024066820
1.00048 4194304 0 1172375960 4187854 0 417.360596 17.049596223
0.999545 4194304 0 1172375960 4187854 0 413.299072 16.998610862
1.01937 4194304 0 1172375960 4187854 0 422.625793 17.159105860
1.00301 4194304 0 1172375960 4187854 0 417.255554 17.039539877
1.00322 4194304 0 1172375960 4187854 0 414.420105 17.113008677
1.00158 4194304 0 1172375960 4187854 0 418.973633 17.038150218
1.00005 4194304 0 1172375960 4187854 0 415.953491 17.037381230
