"Validation time(S)" "Commits" "Aborts" "Val Reads" "Val success" "Val fail" "Energy (J)" "Time(S)"
0.014204 70 486701795 620 45 0 561.581299 9.054000000
0.011752 67 523118503 724 45 0 549.420349 8.963000000
0.012435 67 438375060 753 41 0 551.676636 8.715000000
0.012698 66 1225219664 395 40 0 560.447998 8.839000000
0.013374 64 1042557159 759 44 0 597.568237 9.302000000
0.019903 78 641913697 475 40 0 428.197693 6.644000000
0.017061 64 972907906 10485 43 0 509.656311 7.974000000
0.014888 66 1060067830 561 38 0 514.552856 8.301000000
0.012556 66 629982278 28942 43 0 586.080383 9.145000000
0.012243 66 586067374 491 40 0 581.360474 9.209000000
0.012664 66 509577253 764 43 0 516.770264 8.532000000
0.011854 67 1299224396 593 39 0 572.329102 8.885000000
0.017752 64 633798283 753 42 0 546.232056 8.650000000
0.012890 71 1113151361 433 41 0 523.186646 8.353000000
0.011048 57 1258195454 77303 41 0 546.826233 8.324000000
0.016613 70 817371661 31719 44 0 534.757080 8.800000000
0.009368 59 185145002 104970 38 0 489.773376 8.070000000
0.012925 67 1150071274 1306 44 0 562.814453 8.772000000
0.017804 56 403969409 36113 39 0 438.805237 6.898000000
0.010396 59 1122479003 22822 41 0 535.624207 8.511000000
0.007464 64 541864291 96 18 0 574.991455 9.057000000
0.006800 67 999132055 0 15 0 594.407654 9.111000000
0.008072 70 829982523 5334 22 0 580.274170 9.253000000
0.008299 67 880634753 189 23 0 522.208557 8.640000000
0.007672 67 580842058 113 18 0 584.178345 9.138000000
0.007072 66 1238225358 19 17 0 583.144348 8.822000000
0.007425 64 1073297798 26 16 0 550.768433 9.044000000
0.008417 64 920017522 70 20 0 502.401611 7.755000000
0.006627 66 834356970 9725 16 0 541.193176 9.086000000
0.007110 57 1190882541 220 15 0 538.440674 8.593000000
0.006281 57 519766771 254 14 0 540.600525 8.400000000
0.008309 67 530351581 98 20 0 576.125671 9.045000000
0.005689 71 1171110440 352 19 0 523.436890 8.299000000
0.008279 59 957275128 399 21 0 540.917542 8.634000000
0.005511 67 911036292 535 16 0 559.000427 8.685000000
0.009150 64 1058276636 493 17 0 533.638977 8.682000000
0.008828 64 527146936 220 19 0 511.089783 7.968000000
0.008854 64 583660086 175 17 0 579.061890 9.172000000
0.007148 53 433643541 963 20 0 446.363464 6.948000000
0.008391 67 416190153 230 20 0 529.693115 8.951000000
