"Validation time(S)" "Commits" "Aborts" "Val Reads" "Val success" "Val fail" "Energy (J)" "Time(S)"
0.013444 70 746019575 5319 44 0 589.739197 9.283000000
0.012868 66 696554644 484 42 0 587.876465 9.198000000
0.013501 70 452732856 766 46 0 561.506653 9.195000000
0.012588 78 341140649 362 38 0 420.342041 6.748000000
0.013350 78 674444532 524 48 0 495.331543 7.789000000
0.017214 59 622128158 641 40 0 530.464294 8.451000000
0.017610 66 869193779 420 39 0 520.150452 8.161000000
0.018262 70 442942294 461 44 0 538.002625 8.563000000
0.014641 64 604394479 411 38 0 560.270935 8.998000000
0.010686 57 1187211516 56832 38 0 534.000305 8.191000000
0.014029 70 1091475011 671 43 0 562.233826 9.136000000
0.007794 45 298640837 449 24 1 584.982727 9.319000000
0.012393 64 612510178 610 41 0 563.966675 8.996000000
0.011585 59 569332367 60296 40 0 512.709900 8.023000000
0.019759 64 661816106 470 43 0 578.316406 9.013000000
0.016043 70 599003015 472 44 0 605.622070 9.440000000
0.015952 64 612679734 502 41 0 566.655151 9.233000000
0.012032 64 653744106 1049 43 0 579.437317 9.163000000
0.013975 64 537350041 545 43 0 578.886475 9.101000000
0.011903 67 1098500892 686 43 0 583.507385 9.152000000
0.006709 67 824011383 80 19 0 591.553894 9.060000000
0.007611 67 1191019770 94 20 0 562.626343 8.718000000
0.008688 66 1335729194 72 20 0 588.091125 9.097000000
0.006262 57 1145438107 438 17 0 514.177734 7.915000000
0.008136 59 442371556 105 20 0 524.701599 8.336000000
0.007373 67 539787367 367 21 0 541.357666 9.015000000
0.009915 63 549413726 420 20 0 491.122620 7.872000000
0.007989 67 523704225 100 16 1 551.038391 8.937000000
0.007988 64 557303012 1979 16 0 571.091858 8.939000000
0.008122 70 1030166329 411 21 0 549.132507 9.004000000
0.008065 64 1166855365 94 15 0 547.339722 8.890000000
0.006467 67 1112347874 105 14 0 563.679993 8.995000000
0.008375 64 918189455 122 19 0 552.566711 8.876000000
0.008380 64 532968404 132 21 0 562.707642 8.892000000
0.007505 67 504438678 90 17 0 577.586853 8.950000000
0.009401 66 533531896 163 22 0 537.574768 8.697000000
0.007604 64 423356118 345 17 0 578.570496 9.388000000
0.008339 70 452535232 265 24 0 554.946777 8.695000000
0.009401 66 501393684 68 21 0 530.291626 8.489000000
0.008573 67 1239308835 0 15 0 554.602783 8.914000000
