"Validation time(S)" "Commits" "Aborts" "Val Reads" "Val success" "Val fail" "Energy (J)" "Time(S)"
0.011889 67 806720626 550 43 0 572.000793 9.023000000
0.016624 66 648428564 465 42 0 578.807434 9.194000000
0.012826 67 435902395 900 45 0 538.558533 8.856000000
0.012625 64 470660544 34133 41 0 576.674805 9.270000000
0.018595 70 378839534 818 46 0 531.872131 8.821000000
0.015986 66 1255416953 915 42 0 557.475281 8.827000000
0.011766 67 1283165858 536 40 0 574.555847 9.074000000
0.010193 57 562658038 22302 40 0 534.710083 8.412000000
0.013157 67 1132894352 878 38 0 558.615112 8.713000000
0.012180 66 457755452 1233 45 0 545.293823 8.575000000
0.013197 57 1136634766 540 39 0 530.847046 8.229000000
0.015705 63 447961922 763 40 0 534.655212 8.412000000
0.012462 64 601164157 903 41 0 555.569458 8.758000000
0.010801 64 1056069187 550 41 0 568.049316 9.017000000
0.011337 67 839842171 552 43 0 556.134705 8.688000000
0.011779 67 1015499727 471 40 0 526.513245 8.721000000
0.012757 67 699388179 1078 44 0 532.355408 8.643000000
0.011543 67 505400010 467 40 0 545.738220 8.977000000
0.016242 70 562622490 475 44 0 598.347656 9.470000000
0.014754 67 560330740 389 38 0 561.802002 8.907000000
0.008081 67 1374298587 131 25 0 590.437683 9.014000000
0.007400 70 483759270 451 19 0 568.052795 9.248000000
0.006919 70 1183832949 533 19 0 579.819153 9.059000000
0.007280 66 502003611 152 20 0 532.418579 8.355000000
0.008253 66 569162891 20428 18 0 522.761780 8.011000000
0.007928 57 1171004712 41311 19 0 555.281921 8.685000000
0.006922 66 589337339 87 17 0 579.261780 9.122000000
0.008943 66 555171088 90 20 0 529.785645 8.255000000
0.007504 54 342263968 104 16 0 406.164062 6.518000000
0.008160 67 440821114 111 21 0 546.153259 8.585000000
0.007521 66 1160370030 89 15 0 514.695068 8.028000000
0.007325 70 497974010 99 22 0 553.908875 8.810000000
0.005743 59 160301313 368 12 0 500.289307 8.208000000
0.008410 59 561650626 60186 20 0 558.555542 8.636000000
0.007490 66 542918391 68 18 0 568.632935 8.918000000
0.009273 59 1055407722 89 19 0 533.326477 8.186000000
0.008223 66 544987909 89 22 0 535.287048 8.428000000
0.008146 57 430558832 130 18 0 521.161377 8.594000000
0.006101 67 934732158 142 19 0 543.458923 8.802000000
0.006642 66 540152670 0 14 0 585.512268 9.149000000
