"Validation time(S)" "Commits" "Aborts" "Val Reads" "Val success" "Val fail" "Energy (J)" "Time(S)"
0.222857 17828 237000678 108873 3913 25 328.899719 5.173000000
0.262874 23672 284482206 128344 4370 17 332.824463 5.173000000
0.246082 22014 257957060 141124 5203 30 332.083618 5.177000000
0.263339 24848 265079601 136448 4981 19 333.252563 5.164000000
0.273249 23665 280579866 124040 4229 11 333.179932 5.167000000
0.271521 24255 282850467 147122 5253 31 335.981384 5.177000000
0.255357 23540 268622237 127392 4447 18 333.846130 5.163000000
0.272423 24103 278512101 149157 5039 32 334.951843 5.164000000
0.258175 23743 277328074 130883 4911 30 334.660828 5.163000000
0.251132 23496 281935534 138591 5258 21 335.065491 5.172000000
0.264785 23752 283250653 133287 4921 26 332.813782 5.167000000
0.245756 22809 281128085 132453 5038 22 333.969604 5.160000000
0.271857 24735 260709932 148649 5741 24 334.246521 5.166000000
0.249820 22304 289538541 129471 4576 16 334.840942 5.183000000
0.262836 23778 278262464 125629 4502 24 332.490051 5.178000000
0.284580 23910 268259211 147597 4875 19 334.230347 5.168000000
0.278893 23803 273140211 151012 5329 21 335.671814 5.165000000
0.261701 23071 270783521 129952 4767 33 335.096863 5.165000000
0.262620 24007 273980455 126239 4699 19 334.289551 5.161000000
0.255151 23665 282922752 122416 4479 27 334.635010 5.157000000
0.157119 20193 246101178 43261 978 19 326.803284 5.068000000
0.135586 23181 282966371 36279 816 7 331.064026 5.068000000
0.124393 24600 274059058 38216 780 5 329.251404 5.078000000
0.148020 21468 249086645 46106 927 10 326.656616 5.066000000
0.130019 22887 281164174 31392 800 4 330.938965 5.066000000
0.122634 24709 276897978 28236 703 8 329.190369 5.057000000
0.138799 24500 283340740 39311 851 16 330.559204 5.083000000
0.130272 23097 278564007 36137 839 14 329.969055 5.059000000
0.125236 23694 283373098 34205 728 7 327.151489 5.076000000
0.133316 24410 278165840 37820 793 4 329.580750 5.067000000
0.129043 24088 287050186 28948 753 1 329.462036 5.061000000
0.113213 23044 295278357 30785 713 1 333.480896 5.080000000
0.125751 23517 279064169 34720 787 5 328.232178 5.059000000
0.130642 23676 282146638 39254 869 13 329.434875 5.074000000
0.117138 22837 283965706 34710 796 10 330.844177 5.069000000
0.142219 23006 272559887 37224 837 9 330.589539 5.073000000
0.135672 23895 275195723 41504 886 6 333.644531 5.059000000
0.132157 22781 282536315 30331 791 14 327.750244 5.066000000
0.131195 23387 282859447 39996 807 10 329.511108 5.075000000
0.128838 24113 285781902 36268 799 4 332.338745 5.066000000
