"Validation time(S)" "Commits" "Aborts" "Val Reads" "Val success" "Val fail" "Energy (J)" "Time(S)"
0.252763 23982 273942673 131157 4837 31 330.642578 5.165000000
0.258676 22644 276707186 119839 4328 9 333.152771 5.168000000
0.270666 21440 258751860 129728 5102 33 330.145508 5.173000000
0.252972 23782 267544305 141356 5130 25 334.065002 5.179000000
0.257490 23006 273371420 126542 4975 33 331.548401 5.172000000
0.239015 23071 282906356 128017 4837 29 336.097168 5.183000000
0.266346 23990 287878534 139320 5021 19 333.569641 5.166000000
0.269861 23573 273803820 142304 5122 15 335.905029 5.189000000
0.263215 24326 282597002 133353 4416 17 333.355530 5.162000000
0.248726 23676 284949672 134915 4911 22 333.636719 5.175000000
0.272698 24370 270546404 138259 5421 32 335.438416 5.170000000
0.244451 23517 281549350 129932 4852 27 334.789551 5.171000000
0.252165 22111 295323351 127249 5013 22 335.291138 5.166000000
0.238919 23008 287662356 125629 4632 20 336.127686 5.167000000
0.249601 24598 289589243 130668 4529 12 332.249817 5.173000000
0.251113 17085 233618458 134192 4279 28 334.211487 5.182000000
0.254043 22284 289051597 135410 5381 23 333.625244 5.171000000
0.252902 23113 279373029 139669 5282 29 330.667542 5.171000000
0.265428 23068 275406765 147903 5255 28 332.895752 5.167000000
0.254018 23628 282255939 133161 5078 18 334.473206 5.174000000
0.137994 22161 280953032 45327 923 14 329.278564 5.072000000
0.138531 24500 280486705 39127 877 4 330.205933 5.078000000
0.127101 23813 285287634 34525 857 17 330.658264 5.067000000
0.148725 20653 239403945 41067 956 21 329.293213 5.078000000
0.137621 24051 278676054 36874 792 13 327.451904 5.066000000
0.136925 23512 279448722 47855 848 12 329.274475 5.074000000
0.135189 23068 278809705 37964 856 11 330.789307 5.076000000
0.158472 17424 228560355 57343 1079 22 327.413879 5.071000000
0.127155 24527 273732472 33651 839 10 329.996704 5.077000000
0.113997 22279 301871196 39703 689 4 329.210327 5.063000000
0.120046 24225 282675948 31970 793 8 327.544739 5.066000000
0.124474 23489 282586915 34899 799 10 329.276428 5.070000000
0.137132 24763 267286174 40131 873 8 330.363159 5.072000000
0.128772 22746 287495846 34308 753 17 331.301819 5.059000000
0.137774 22235 285934283 41232 836 7 331.566956 5.078000000
0.131814 23094 281610227 39909 849 6 330.201660 5.060000000
0.132726 24057 280424283 35540 837 9 331.362122 5.062000000
0.126106 23678 272106892 38551 824 5 330.269104 5.070000000
0.127072 23276 288335360 29246 748 6 329.641724 5.071000000
0.122840 22648 295869009 38638 700 6 329.450317 5.069000000
