"Validation time(S)" "Commits" "Aborts" "Val Reads" "Val success" "Val fail" "Energy (J)" "Time(S)"
0.258321 23846 278564281 134684 5113 32 333.852966 5.174000000
0.275004 24295 276104907 130670 4566 16 333.351746 5.159000000
0.257110 21168 255703975 116501 4352 24 330.203735 5.176000000
0.272792 22673 287799266 133071 4499 33 332.161377 5.175000000
0.262866 22951 283950214 131055 4493 20 336.717834 5.168000000
0.257820 24185 277932905 123804 4367 15 334.640686 5.159000000
0.262152 24501 282998568 140222 5032 24 334.886597 5.182000000
0.261910 23517 268176054 133984 5091 20 334.523987 5.166000000
0.259171 22938 288056131 134436 4838 20 333.042847 5.168000000
0.264154 15512 177011677 109102 3631 21 320.103821 5.184000000
0.255746 23816 288097341 110653 3974 12 333.597778 5.155000000
0.277170 23775 281370809 131439 4800 23 334.600220 5.175000000
0.259585 22493 282736876 124074 4751 18 335.115479 5.166000000
0.259694 22617 269503243 144003 5833 46 333.384766 5.171000000
0.262271 23381 278495796 126301 4598 27 333.226807 5.171000000
0.274731 22146 244552468 144867 5662 47 331.682617 5.174000000
0.265430 24528 274562197 129567 5142 25 336.560120 5.181000000
0.253547 23496 284232555 133173 4791 22 335.203796 5.168000000
0.257098 24747 271026977 130141 4903 22 334.325989 5.165000000
0.268983 23251 276882638 130741 5099 26 334.239624 5.171000000
0.130618 23776 288377586 37290 799 3 330.435547 5.075000000
0.133820 23482 272405132 37051 826 9 329.486145 5.061000000
0.114861 23993 275726178 35928 735 8 331.190369 5.068000000
0.126188 22686 280103364 39162 792 9 327.889099 5.063000000
0.134003 24865 272227598 39223 808 4 328.562073 5.064000000
0.136349 23517 284809383 43567 820 3 333.032593 5.087000000
0.133903 23813 281412128 38944 835 8 327.899536 5.063000000
0.135335 22930 287624788 37808 820 14 329.626831 5.075000000
0.127426 24235 281056614 36931 755 6 330.387268 5.066000000
0.131172 24090 272498464 33864 749 7 328.520996 5.062000000
0.136668 23724 277731568 35191 880 12 328.644470 5.069000000
0.129805 23726 273133903 35080 762 4 329.970581 5.066000000
0.131509 23788 281775773 32735 755 6 330.091797 5.069000000
0.137442 23452 283258018 38259 923 10 330.942078 5.074000000
0.104181 23078 287958290 30063 695 7 328.298401 5.063000000
0.118433 22768 280223302 30496 794 13 330.608948 5.092000000
0.135794 23452 285114273 36663 855 12 330.116699 5.066000000
0.129718 22549 269585872 35616 778 8 330.301331 5.064000000
0.124302 23504 284285239 35555 746 5 328.289551 5.066000000
0.138047 22331 287808523 35502 787 8 332.233215 5.072000000
