"Validation time(S)" "Commits" "Aborts" "Val Reads" "Val success" "Val fail" "Energy (J)" "Time(S)"
0.265645 24302 278490955 143748 5587 21 333.557983 5.175000000
0.252557 22377 294316400 132482 4947 30 333.080505 5.161000000
0.267834 23347 283244819 139133 4837 30 333.306030 5.178000000
0.243364 22595 290946526 118889 4266 17 332.169739 5.166000000
0.242296 22943 288608038 130111 4860 29 333.475647 5.173000000
0.262244 23265 280529005 143695 5909 39 333.814636 5.171000000
0.239510 19928 227789617 126834 4515 26 330.035706 5.169000000
0.271020 23816 275286141 136231 5143 25 332.196228 5.174000000
0.239280 23474 281269644 128464 4654 17 333.810120 5.176000000
0.259611 24598 284719027 129723 4577 17 334.218262 5.173000000
0.259620 22670 289042886 122829 4607 23 332.819519 5.176000000
0.249369 23813 279364342 127269 4949 15 335.029663 5.165000000
0.269780 23071 283887734 129888 4865 15 335.235535 5.161000000
0.251845 23049 285536490 135978 5425 22 331.893127 5.171000000
0.258534 23506 275758160 131580 4667 19 333.840637 5.165000000
0.251265 23724 289364652 121119 4230 11 335.186890 5.176000000
0.252481 24051 267182179 132781 4874 22 334.543945 5.155000000
0.260279 23083 283217211 144430 5596 40 335.863403 5.171000000
0.266718 24674 269391413 135704 5058 17 334.017395 5.165000000
0.255707 23993 278895657 139487 4716 12 333.005310 5.162000000
0.122331 22245 294148613 31278 795 11 329.282166 5.063000000
0.130461 24032 281434807 35883 838 12 330.449280 5.066000000
0.121871 23782 286140003 29011 772 7 332.342102 5.068000000
0.141395 22580 302835667 37387 877 3 330.009766 5.080000000
0.134879 24408 279669845 33996 843 9 329.519836 5.066000000
0.127553 23615 281352949 32320 811 13 331.486328 5.079000000
0.122276 22116 285975028 31042 675 4 328.928955 5.069000000
0.125728 22995 282523149 32676 799 7 329.340271 5.061000000
0.131545 24477 288466908 36889 864 7 331.076538 5.076000000
0.136520 22768 292386446 38657 850 9 332.566345 5.079000000
0.133759 23436 281226067 37279 851 7 329.381287 5.056000000
0.130288 23778 279460119 33207 768 6 328.200378 5.067000000
0.137660 23729 276978517 38122 876 11 330.491943 5.062000000
0.140946 23044 282912570 42175 882 5 329.829041 5.073000000
0.147122 22531 277066964 40298 833 5 330.187927 5.058000000
0.129166 23274 289687428 30840 811 7 331.613403 5.074000000
0.128043 24136 292261071 33871 772 11 329.617737 5.059000000
0.131463 23562 278549935 36000 808 15 330.263000 5.066000000
0.139735 23315 278675348 38075 890 12 330.914368 5.075000000
0.130319 23564 285624219 38090 842 14 329.066772 5.068000000
