"Validation time(S)" "Commits" "Aborts" "Val Reads" "Val success" "Val fail" "Energy (J)" "Time(S)"
0.245958 23188 295497983 134249 5444 35 332.765991 5.165000000
0.253432 22673 288607761 136854 4712 37 334.520325 5.175000000
0.272366 23319 282715707 124196 4301 17 332.631348 5.168000000
0.272382 23381 281826247 124384 4487 13 335.506653 5.178000000
0.270633 24603 262268621 144109 5553 37 333.983826 5.175000000
0.269475 22691 294499874 129265 4354 21 332.275269 5.168000000
0.266342 24628 261792190 131865 4881 26 334.410828 5.166000000
0.255963 23788 278059644 132860 4987 15 334.657227 5.168000000
0.262558 25070 280517041 130941 4607 14 336.263184 5.175000000
0.262485 23580 276525783 133476 5088 25 333.002319 5.170000000
0.257237 22890 279728036 132995 4788 23 334.239319 5.167000000
0.257145 23826 269203732 128224 4585 18 333.153137 5.169000000
0.269307 24633 289012621 129310 4525 12 336.559631 5.190000000
0.249858 23498 284680318 125730 4792 12 333.339722 5.169000000
0.258820 21886 291515758 132129 4392 20 332.889587 5.172000000
0.247203 23221 288785970 121341 4434 19 334.946716 5.177000000
0.255460 24088 260679062 139690 5089 23 333.457947 5.164000000
0.256450 24541 277893146 142141 5515 25 331.884399 5.160000000
0.251415 23826 287516811 130675 4434 28 335.320618 5.165000000
0.248951 22887 288807900 124890 4491 21 333.188171 5.181000000
0.148046 22066 257339256 40662 1001 14 327.011230 5.071000000
0.122051 23319 279027395 30270 774 9 326.228943 5.061000000
0.145127 23068 291089983 46453 904 11 331.251709 5.072000000
0.127446 24865 272414848 29004 759 8 328.878723 5.053000000
0.134652 23299 272911836 34107 766 6 328.682983 5.067000000
0.130745 22518 273657437 35770 778 15 329.317200 5.074000000
0.137822 24533 288340961 45594 895 14 330.393677 5.066000000
0.124102 23002 282918654 36821 798 9 328.726929 5.066000000
0.132248 23381 282526350 34337 885 16 327.809326 5.066000000
0.121951 23768 275460650 31341 755 7 330.119141 5.074000000
0.139749 23776 279727024 40054 888 6 329.729004 5.077000000
0.135259 23111 291553293 34427 805 4 328.117432 5.063000000
0.118672 23872 290311389 29428 718 9 332.353699 5.057000000
0.129204 24263 280322446 31355 861 12 330.476929 5.063000000
0.132773 22397 290089822 40590 837 9 327.872681 5.062000000
0.119295 23678 281362773 35719 750 8 331.186035 5.069000000
0.124683 23620 283871440 39665 804 13 329.331238 5.074000000
0.126507 21659 297774328 31133 803 8 330.877869 5.070000000
0.135432 23381 285924263 43951 830 8 329.991394 5.064000000
0.129022 23729 277885809 36486 798 10 330.920776 5.064000000
