"Validation time(S)" "Commits" "Aborts" "Val Reads" "Val success" "Val fail" "Energy (J)" "Time(S)"
102.499933 6097840 183232133 328541016 2496597 8660 4317.964172 60.977574474
82.817610 4717805 177492672 260626424 2536851 5503 4342.311584 61.004685957
189.294713 7273002 73903711 377900727 2941185 9976 4033.413696 60.994411420
112.877476 6863074 172084105 348961689 2603624 9871 4262.238342 61.020188719
93.344348 5541164 149790738 282748865 2276499 7603 4322.524353 61.004047680
105.490169 6505514 178410418 321272243 2661670 8980 4306.202515 60.987117125
58.801848 3079538 144768417 223587075 2065852 2738 4401.563354 60.995063133
92.854703 5202446 153501330 252934558 2337350 7342 4274.281982 61.015460053
120.398452 6399458 146724344 318166125 2568871 10484 4224.117981 60.988263259
125.254035 7182045 173942763 333939373 2769561 10129 4274.474243 61.001147097
85.623008 4583799 153856535 242205092 2339519 5856 4310.445068 61.007022775
94.053770 5676611 190401724 292810602 2546067 7667 4332.525696 60.986767728
74.436272 4008226 134511983 259840030 2127597 5073 4351.555542 60.988028907
84.596667 5022211 158244675 247149708 2242310 6397 4290.404663 60.985295738
96.354867 5387592 170233513 288935338 2338554 7362 4320.461853 61.002318913
110.583309 6417472 174884342 331332120 2760424 9730 4311.368774 60.981082819
65.632418 3541603 152890694 225200395 2168134 3808 4381.448181 60.987350012
89.137461 4907688 143056823 259966744 2307600 6736 4321.462219 60.987427442
128.712094 7181909 166711339 348887365 2869921 10688 4265.495483 60.985999100
124.376322 7160428 163546232 351317450 2802447 10918 4274.332947 60.991531964
