"Validation time(S)" "Commits" "Aborts" "Val Reads" "Val success" "Val fail" "Energy (J)" "Time(S)"
30.969570 206149810 1950747 244213866 198324554 3619 4292.265137 60.974684259
13.614278 46071068 991141 117977473 42730374 1923 4154.297241 60.975620677
116.347786 88506514 306533 1069706029 83724658 1306 3696.606079 60.980085355
2.328073 75483372 1245681 67010259 66942992 8 4013.321838 60.984839844
4.098086 62617634 335171 55259895 53804843 54 4019.801575 60.977090834
11.207100 41994418 457088 62047613 37024808 1159 3999.244873 61.016312696
15.863370 59146143 406390 76404338 52145804 1522 3984.072876 60.986399964
6.059403 78422118 345671 74291296 70058789 25 4030.115906 60.981913234
4.635821 69099253 527250 63372226 60935219 10 4028.269836 60.981436511
379.028193 158192418 140219 3567341961 158537504 4850 2847.252075 60.987080119
32.198149 63859358 293754 243681316 57419140 10380 4114.598022 60.979851547
15.691170 20514593 789302 123716131 18597302 6831 3855.570740 60.995404613
9.709904 70365705 363585 92248311 62646074 20 4045.850586 60.985240195
13.338525 76952451 936930 109479735 69397590 2051 4110.003601 60.986241589
11.619267 67505522 725497 85746188 60577647 1046 4102.613647 60.979737131
5.533002 76177649 744618 70536003 67753957 51 4062.758606 60.975361392
5.026530 76170567 358002 69537282 67320145 18 4037.195618 61.013356297
155.905436 108545444 49548381 592326133 105545306 27080 4102.634460 60.987116969
6.592003 85396109 506428 80258505 75949229 723 4062.730469 61.010340481
8.180807 59134432 365045 67633304 52752607 1456 4019.360352 60.985187509
