"Validation time(S)" "Commits" "Aborts" "Val Reads" "Val success" "Val fail" "Energy (J)" "Time(S)"
322.891328 1532858 86202031 291636774 1472533 8680 3315.737000 61.133501736
323.142135 1539490 90092913 297482396 1478831 8984 3306.396057 60.984499216
266.647850 1373910 86916904 263479444 1313014 8603 3424.270630 60.998939894
323.323770 1528270 87529894 289434373 1468107 8617 3311.535828 60.997110383
322.216219 1534578 90248291 290176602 1473759 8672 3316.922363 60.981327041
323.197629 1519145 88324903 288406914 1459030 8652 3305.971069 61.003181643
322.343332 1549561 84916479 303140587 1487918 9055 3305.433533 60.986853218
323.706986 1532975 87390293 292038558 1472528 8867 3294.281738 60.999091518
324.497791 1525253 85601469 290241541 1465052 8861 3301.143066 61.009798110
323.696401 1522446 87111357 290515672 1462331 8695 3314.882141 60.983959814
319.699124 1529941 86035344 303458690 1469563 8941 3335.926636 60.999331217
283.453977 1347122 77194260 252039866 1294314 7742 3308.055969 61.028323697
321.524337 1535721 87547395 299643810 1475229 8786 3318.020935 60.999261123
323.434417 1529158 85342843 289194116 1469329 8399 3308.867859 60.982237070
323.051006 1527035 84356613 294218287 1467147 8591 3305.004700 60.979119832
282.075194 1343591 79435523 258377503 1290334 8527 3322.958130 60.990288801
322.709191 1539551 83777128 300557498 1479357 8853 3309.984253 61.014454899
283.612750 1314308 75903649 251018856 1262360 7143 3313.525879 60.990291562
323.181547 1548238 90458892 294497237 1486828 9132 3307.128906 60.990707209
323.276179 1518571 86412073 287955171 1458419 8437 3299.438110 60.986538678
