"Validation time(S)" "Commits" "Aborts" "Val Reads" "Val success" "Val fail" "Energy (J)" "Time(S)"
0.698429 1963081 196493 84800 5220 3 3853.508911 60.978234389
0.370440 1914170 42899 63271 1356 0 3815.936890 60.977977783
0.409110 1642571 86321 149235 2215 16 3837.254578 60.986132087
4.796866 1815057 1468055 475389 41600 6 3945.550110 60.999267446
0.573428 2196507 140116 30983 3180 0 3841.131531 61.009633529
0.239767 1342426 6231 29 32 0 3821.887634 60.996219330
0.980847 2110064 373384 127237 7223 0 3852.701111 60.986007748
0.353419 1949666 80961 46088 1281 0 3798.051331 60.979038334
0.398401 1898572 53687 54755 1757 1 3854.727112 60.987529362
0.258890 1362500 10787 71352 546 15 3807.734558 60.983122712
0.324536 1351391 18947 115192 831 16 3807.168762 60.975395838
0.280014 1362052 20064 14578 332 0 3824.788330 60.990198834
0.449552 1778389 148196 96973 2158 1 3849.687317 60.975630864
0.322774 1590794 18813 18736 1064 0 3850.094604 61.088859027
0.710843 1780016 274173 181519 4771 3 3866.734131 60.981750646
0.378487 2096176 165779 77299 1957 1 3823.237244 60.980536256
0.488190 1899869 179854 133912 2628 1 3902.080505 60.979588099
0.451317 1852550 84196 59204 2413 0 3843.677612 60.980199615
0.456410 2244542 146892 29339 2392 0 3838.585815 60.984750516
0.266789 1355065 14429 9527 189 0 3834.557495 60.985442920
