"Validation time(S)" "Commits" "Aborts" "Val Reads" "Val success" "Val fail" "Energy (J)" "Time(S)"
16.6667 100000000 6686393 305108916 82629453 1793652 1164.944336 23.427589893
16.5187 100000000 7281935 321574539 82508923 1747537 1209.209412 24.576588154
19.4596 100000000 11701540 292704361 82263374 1735964 1747.351990 36.501955032
17.365 100000000 7824160 317708648 82519445 1834834 1302.720947 26.599027872
15.6494 100000000 6371122 307988941 82533560 1824320 1115.731079 22.404968023
16.5689 100000000 8515979 299393298 82500282 1785751 1383.771606 28.466233969
18.0558 100000000 8204923 310704206 82495872 1791362 1365.634033 28.059576035
16.7679 100000000 6515105 317726395 82579823 1811177 1179.557983 23.963221073
15.6936 100000000 5842166 312495249 82601975 1752794 1059.644165 20.981719017
16.362 100000000 6717646 307270904 82658958 1729212 1217.645508 24.631790876
18.1571 100000000 9142270 303297219 82366481 1724554 1455.633667 30.189172983
16.7782 100000000 6583930 305973700 82417298 1712351 1164.690002 23.400182009
15.3166 100000000 5781769 294091290 82590304 1778019 1050.082275 20.912781000
16.4265 100000000 7383346 295841453 82514395 1832450 1238.738281 25.308219910
16.7836 100000000 5934725 308053812 82484523 1738415 1110.633118 22.278365135
14.9303 100000000 6228048 314551140 82530427 1796482 1096.993530 21.976371050
16.0905 100000000 5597961 303721396 82704136 1770756 1064.051819 21.127224922
16.2221 100000000 5625332 299192260 82635230 1722744 1063.398804 21.125235796
16.5324 100000000 7465513 309624652 82564509 1806817 1286.859009 26.376011133
16.8453 100000000 6727167 299638971 82615212 1810712 1227.067627 24.986236811
18.1297 100000000 6914435 275721012 74708176 1595777 1444.659119 32.142898647
16.5567 100000000 6280406 294287359 77441235 1591239 1274.661865 27.564363660
16.4701 100000000 5378220 284845335 77903020 1582191 1120.294250 23.771464172
15.4892 100000000 5671102 283510907 77930558 1660936 1125.491760 23.962732001
16.857 100000000 6433112 297591846 76931327 1693076 1283.130798 28.270203480
16.3021 100000000 6135082 286747663 77180702 1614516 1213.755005 26.341342346
16.4052 100000000 6596977 281317297 76411027 1658871 1307.559631 29.042219953
15.7446 100000000 5770206 293163131 76817079 1580075 1179.401001 25.779916797
16.5039 100000000 6391501 301152357 77489730 1626222 1224.830444 26.407936628
17.2885 100000000 6416460 291162146 76895741 1670899 1297.293640 28.523596137
