"Validation time(S)" "Commits" "Aborts" "Val Reads" "Val success" "Val fail" "Energy (J)" "Time(S)"
1.77776 150000000 1003359 34030249 8970999 234836 289.722229 5.524668932
1.62021 150000000 971748 34198780 9065643 234053 274.698242 5.153467178
1.63613 150000000 974891 35042154 9010337 236900 292.647705 5.562293053
1.78238 150000000 1301766 35120959 9064828 253653 318.769958 6.172721863
1.6802 150000000 1189915 34924878 9033983 235058 308.526917 5.986745834
1.72936 150000000 1232329 33704458 9040807 238786 310.286865 6.028282881
1.57234 150000000 1072693 34547978 8991429 233184 289.398438 5.475198030
1.72932 150000000 863476 35015410 8995103 231449 289.005188 5.449650049
1.58553 150000000 1050902 34773759 9021435 229426 287.315674 5.479320049
1.68167 150000000 1043936 33892802 8943864 233082 292.330627 5.546143055
1.69379 150000000 1466472 34928995 9041533 235856 341.208557 6.746800900
1.79403 150000000 980341 34773460 9028420 233686 292.845215 5.555802107
1.7327 150000000 1199078 33324192 8932732 229869 318.353210 6.134487152
1.66992 150000000 988140 35524864 8988172 230718 304.408020 5.782518864
1.72106 150000000 1094379 33576412 9012695 237535 294.277039 5.612246990
1.4987 150000000 1205144 33065122 8963064 233180 307.427246 5.950428963
1.56643 150000000 1199827 34913783 9009333 229615 290.281494 5.555195093
1.55683 150000000 973512 34685840 8994213 224445 281.030457 5.319933176
1.6611 150000000 998750 34553823 9061362 242779 285.461182 5.423356056
1.97238 150000000 1043331 34114561 8999554 234365 298.082214 5.682734966
1.62998 150000000 1227540 33208682 8577251 240989 328.921875 6.936983503
1.64278 150000000 1069238 33392867 8883512 239512 297.373962 5.874866614
1.58836 150000000 1137540 33862137 8708104 235521 310.696411 6.323035424
1.66084 150000000 1138643 33275967 8731509 236253 302.447571 6.105306161
1.58298 150000000 995769 31004603 8673800 231123 298.208496 6.055796884
1.93542 150000000 1070701 34344357 8638000 233658 315.364563 6.554911530
1.70919 150000000 1083733 33350837 8554461 238395 304.151367 6.243076240
1.66343 150000000 948961 32592773 8827336 233673 283.564331 5.547827878
1.62165 150000000 1156878 34186569 8769172 239338 309.958252 6.296332558
1.66955 150000000 945395 32298412 8799145 236098 301.449158 6.029221031
