"Validation time(S)" "Commits" "Aborts" "Val Reads" "Val success" "Val fail" "Energy (J)" "Time(S)"
0.001131 11275 41621 203574 5394 1875 3.890381 0.096923828
0.001116 11275 35173 197647 5111 1818 3.271973 0.089747190
0.000297 11275 839 63735 1327 297 8.988403 0.162716150
0.001047 11275 49242 200948 5090 1829 3.785400 0.099967003
0.001216 11275 58244 211245 5647 1971 5.249573 0.130249977
0.001062 11275 89014 190218 4940 1660 7.456604 0.181059837
0.001148 11275 68904 206555 5444 1871 5.566345 0.147032022
0.001041 11275 52903 196343 5052 1815 5.298828 0.145839214
0.001133 11275 53639 200222 5029 1760 6.492798 0.168524027
0.001157 11275 39190 203560 5376 1861 3.446289 0.089896917
0.001075 11275 70780 199803 5094 1809 5.883057 0.153413773
0.001119 11275 40938 202575 5205 1841 3.597595 0.098080158
0.001185 11275 48819 210184 5499 1905 4.217346 0.115450859
0.001157 11275 27807 199224 5131 1904 3.604126 0.096728802
0.017117 11275 28317 205664 5382 1845 3.086182 0.074911118
0.001139 11275 65676 197204 5081 1769 5.721863 0.150426149
0.001118 11275 38349 205880 5282 1866 3.137695 0.079591036
0.001053 11275 41151 197760 4973 1813 3.861511 0.102506876
0.001142 11275 35498 202753 5186 1847 3.439575 0.099182129
0.001189 11275 65701 203188 5206 1907 5.905823 0.159861088
0.000904 11275 73662 170631 4044 1411 6.870178 0.185203075
0.000843 11275 54217 155014 3589 1425 5.212952 0.145137072
0.017005 11275 42792 190486 4724 1767 4.964050 0.141457081
