"Validation time(S)" "Commits" "Aborts" "Val Reads" "Val success" "Val fail" "Energy (J)" "Time(S)"
0.000594 21861 214 44047 6385 0 0.706360 0.017765999
1e-06 21861 1 28 4 0 0.693298 0.017071962
0.000355 21861 146 33402 4938 0 1.185120 0.033440113
0.001498 21861 6753 100616 15524 18 1.225220 0.035850048
0.00104 21861 1213 78300 11831 1 2.147522 0.043650866
0.000547 21861 169 47653 7015 0 0.655884 0.014697790
0.00053 21861 189 48180 7122 0 3.150513 0.070609093
0.000612 21861 185 44376 6436 2 2.472412 0.061619043
0.001367 21861 6311 94847 14468 3 1.153320 0.029683828
0.000998 21861 1159 78079 11839 0 0.664917 0.014194965
0.000539 21861 207 48732 7211 1 0.637451 0.013498068
0.001434 21861 3288 104074 16295 23 1.635437 0.029457092
0.00055 21861 219 48596 7194 2 0.704407 0.015352011
0.001506 21861 2505 100425 15526 17 1.430420 0.026224136
0.000548 21861 195 48543 7171 2 0.671997 0.015019178
0.001025 21861 1235 78472 11876 2 1.169739 0.027037859
0.000667 21861 214 44531 6449 0 0.693115 0.018123865
0.001066 21861 1209 77641 11729 2 1.751770 0.034872055
0.000505 21861 215 46444 6874 0 2.194397 0.045221090
0.00112 21861 1208 78595 11908 3 1.998657 0.042325974
0.001126 21861 1229 78202 11806 0 0.688721 0.014888048
0.00104 21861 1203 77780 11760 2 1.694275 0.034419060
2e-06 21861 5 34 7 3 1.472229 0.051384926
