"Validation time(S)" "Commits" "Aborts" "Val Reads" "Val success" "Val fail" "Energy (J)" "Time(S)"
4.1e-05 21861 0 4168 703 0 1.820251 0.050031900
0.000695 21861 301 48305 8365 0 1.528198 0.033909082
5.4e-05 21861 0 4464 749 0 2.223877 0.057054996
0.000754 21861 302 48786 8471 0 2.659485 0.082795143
2.5e-05 21861 0 1639 274 0 2.568542 0.060542107
0.000698 21861 286 48721 8476 0 1.360229 0.026665926
3.6e-05 21861 1 1625 275 0 2.829163 0.063761950
0.000652 21861 2644 46995 8183 2 1.856384 0.044286013
1.4e-05 21861 0 964 164 0 1.579468 0.038879871
5.7e-05 21861 0 3830 645 0 4.391785 0.101212978
0.00071 21861 281 49147 8506 1 1.666931 0.044730186
1.6e-05 21861 2 1718 288 0 2.383911 0.056599855
9.5e-05 21861 4745 6339 1089 0 2.120605 0.058610916
0.001073 21861 280 64576 11185 1 2.995667 0.063297987
0.001254 21861 6841 74834 13231 3 2.062439 0.050680876
6.7e-05 21861 3 4238 713 0 1.438171 0.028892040
0.000746 21861 283 48425 8449 1 2.740723 0.062762022
0.001328 21861 12068 83581 14818 3 2.605042 0.068124056
3.1e-05 21861 2 1704 287 2 2.102051 0.045954943
5e-05 21861 2 4126 691 0 1.501953 0.034999132
0.000744 21861 285 49062 8541 1 5.292542 0.119497061
6.2e-05 21861 2 4114 689 0 2.055969 0.049764872
6.2e-05 21861 1 4119 689 0 1.935181 0.038256884
