"Validation time(S)" "Commits" "Aborts" "Val Reads" "Val success" "Val fail" "Energy (J)" "Time(S)"
2e-06 204 28 700 47 0 0.817993 0.029094934
3e-06 204 17 510 33 3 0.702026 0.023524046
1e-05 204 98 946 74 1 0.818237 0.026620150
1e-06 204 5 197 15 1 0.233521 0.009107828
8e-06 204 67 973 63 4 0.372192 0.011507034
1.3e-05 204 91 790 58 2 0.784546 0.028536081
9e-06 204 55 1018 74 6 0.357056 0.010571003
2e-05 204 50 844 62 10 1.011536 0.040722847
2.6e-05 204 54 1238 81 13 0.312012 0.008750200
1.1e-05 204 108 1112 87 7 0.363403 0.010513067
1.4e-05 204 141 1094 79 15 0.766235 0.025581121
1.2e-05 204 29 834 55 4 0.300903 0.009164095
7e-06 204 55 734 65 3 0.306396 0.008436203
7e-06 204 34 566 45 3 0.358276 0.011234045
3e-06 204 43 1095 79 2 0.294250 0.008867979
1.4e-05 204 51 996 64 2 0.321167 0.009337187
3e-06 204 84 426 35 1 0.395020 0.013336897
9e-06 204 51 911 61 3 0.436096 0.014741898
1.7e-05 204 64 896 71 5 0.388062 0.012622118
1.3e-05 204 72 1021 75 6 0.734192 0.021615982
7e-06 204 12 363 26 3 0.301758 0.010322094
1.1e-05 204 64 962 72 3 0.333191 0.008915901
4e-06 204 5 141 14 2 0.280701 0.009350061
