"Validation time(S)" "Commits" "Aborts" "Val Reads" "Val success" "Val fail" "Energy (J)" "Time(S)"
0.000629 1050 212 137607 718 4 732.839355 12.352140903
0.000601 1050 196 133863 700 3 712.755737 11.948472977
0.000651 1050 216 136676 717 8 729.481384 12.311611891
0.000619 1050 1235 131008 683 7 685.928711 11.542225838
0.000652 1050 214 136933 714 10 731.910583 12.264383078
0.000659 1050 216 138826 716 5 735.583252 12.376013994
0.000629 1050 198 134668 706 3 724.504517 12.127016068
0.000661 1050 209 137829 712 6 727.739929 12.162872076
0.000666 1050 216 138157 716 9 739.972290 12.391152143
0.004609 1050 195 132433 702 2 715.476990 11.985660076
0.000619 1050 214 136380 699 19 710.099365 11.908247948
0.000628 1050 200 136740 706 5 716.581360 12.016712904
0.000616 1050 210 132435 715 7 731.216553 12.255668163
0.000665 1050 208 133983 702 15 713.757080 12.016837120
0.000645 1050 208 133272 712 6 715.587891 11.954493999
0.000597 1050 198 130629 689 16 689.925781 11.534564018
0.000632 1050 200 137521 698 10 707.536621 11.850307941
0.000663 1050 220 136027 710 17 716.878418 12.024570942
0.000616 1050 201 135685 704 5 722.385376 12.083763838
0.00063 1050 212 135051 715 3 731.545410 12.269448996
0.000631 1050 234 137711 729 12 757.535278 12.672338009
0.000635 1050 207 135234 711 4 733.446472 12.254472971
0.000581 1050 198 134284 697 7 726.211792 12.122509003
