"Validation time(S)" "Commits" "Aborts" "Val Reads" "Val success" "Val fail" "Energy (J)" "Time(S)"
23.838 50000000 27923764 3490226764 28823311 24121880 2348.583740 48.379395962
25.2813 50000000 30365630 3854106606 31008864 25807558 2535.273376 52.021822929
19.1688 50000000 26535698 3140909790 26943043 23028677 2167.972839 44.353039026
27.1139 50000000 30108142 4043269594 32142264 25528180 2547.005920 53.145067093
18.2157 50000000 26761696 3003925303 25811631 22275229 2178.592285 45.885105695
17.2026 50000000 25933241 2895939766 25315742 21942260 2094.057373 42.802368063
22.7224 50000000 29611853 3864071080 31131306 24860803 2414.542114 49.690200769
26.162 50000000 31890577 4571082968 34868510 27260474 2521.751892 50.836416530
17.605 50000000 25827382 2731913094 25140973 22305487 2073.415039 41.539475666
23.0596 50000000 28792167 3815749226 31148926 24813443 2379.376648 48.928490894
22.6223 50000000 27720891 3478982138 29227521 23519358 2283.495789 47.148542830
25.1141 50000000 29658913 3913949240 30786828 24603586 2519.501160 53.480130067
23.3975 50000000 29579134 3992242154 31728224 25219581 2386.909546 49.116801796
