"Validation time(S)" "Commits" "Aborts" "Val Reads" "Val success" "Val fail" "Energy (J)" "Time(S)"
25.6252 200000 332460 6583754941 363842 332421 980.077759 15.789856195
24.0789 200000 342837 6847450333 377658 342762 918.859131 14.918470144
24.0309 200000 347872 6876689534 378203 347654 916.241577 14.812229872
25.2316 200000 348346 7003710787 381449 348253 924.664307 15.102438402
24.2121 200000 347487 6870502149 379627 347423 897.235657 14.711125766
24.785 200000 347093 6938602324 377796 347024 919.926636 15.073703957
23.9773 200000 340066 6849061756 373822 340031 904.302246 14.769927061
23.9996 200000 337795 6779955453 370414 337732 899.817200 14.788772184
23.8096 200000 339478 6672319790 370243 339439 909.386597 15.011255810
23.618 200000 337977 6748047195 371260 337924 901.033081 14.791216313
24.4917 200000 342577 6889429714 376276 342548 913.491577 15.149658677
24.2997 200000 338386 6726231370 369233 338133 891.569946 14.631062702
23.424 200000 339046 6767372638 371730 338662 884.977234 14.565458641
