"Validation time(S)" "Commits" "Aborts" "Val Reads" "Val success" "Val fail" "Energy (J)" "Time(S)"
1.90667 15000000 584045 263592937 6679077 7404 175.414551 3.315670013
2.01733 15000000 904063 256841048 6509901 18816 190.101501 3.538070917
2.0048 15000000 585697 261167730 6588916 13629 172.158264 3.222115993
1.98912 15000000 681006 257252262 6523457 24017 172.251221 3.216744900
1.86927 15000000 924851 253794877 6434528 36512 180.530762 3.366938114
1.70861 15000000 937951 253578289 6422899 45514 170.530945 3.099347115
1.80839 15000000 683620 257844516 6533084 16208 180.473938 3.433248043
2.11682 15000000 487482 263286388 6637660 5236 174.047363 3.294646978
1.70953 15000000 496830 260020057 6581231 19007 157.794373 2.866322041
1.97311 15000000 729702 258979511 6554171 26864 169.699768 3.088232994
1.78859 15000000 944020 259369302 6569001 12204 199.465393 3.788655996
2.11443 15000000 556035 257830579 6541304 13688 169.258789 3.142932892
1.87278 15000000 697063 260105956 6588016 19999 174.200378 3.280704021
1.81427 15000000 567315 257861573 6531687 17270 163.868835 2.997587919
1.87659 15000000 728231 256837676 6503924 33476 160.161255 2.840780020
1.9916 15000000 733162 259759401 6589030 13125 180.949890 3.401639938
2.01555 15000000 691217 259609850 6560718 9355 181.947815 3.514769077
1.99056 15000000 541116 259425293 6578032 14098 169.146912 3.164410830
1.94044 15000000 758259 260338289 6597858 10055 189.751282 3.664975166
1.94658 15000000 835695 254541668 6461460 28391 176.398499 3.237057924
2.08706 15000000 788215 254562834 6439797 25681 181.178833 3.443809341
1.95087 15000000 710362 256328631 6508639 13978 185.408691 3.559404142
1.70752 15000000 1084152 257757722 6541745 14030 209.837158 4.122593782
1.72192 15000000 526147 263573988 6668926 17702 166.212646 3.075485429
2.00631 15000000 810795 260042551 6596144 12899 191.079895 3.707554800
1.88749 15000000 793893 253495363 6432415 22861 178.307739 3.387363057
1.79369 15000000 768100 254360885 6451545 30907 169.846436 3.071021261
1.82039 15000000 770728 254384602 6430380 28808 177.050598 3.346523783
1.84125 15000000 633076 255296912 6483483 30795 161.715698 2.887758525
2.0867 15000000 660122 251944667 6396541 25587 168.485168 3.180988343
