"Validation time(S)" "Commits" "Aborts" "Val Reads" "Val success" "Val fail" "Energy (J)" "Time(S)"
1.55965 15000000 365661 207901492 5725887 13691 137.423889 2.890226841
1.4886 15000000 273693 206682728 5688421 13948 133.700439 2.839855909
1.58257 15000000 270920 210638000 5789940 13998 136.412720 2.947808027
1.87618 15000000 253956 210224873 5780298 9027 138.224731 2.870236158
1.63921 15000000 271470 217573794 6004650 11829 133.639465 2.736278057
1.67342 15000000 350723 213492254 5892924 16819 140.172668 2.865287066
1.74764 15000000 352264 218725939 6044340 18158 145.701233 3.029785156
1.5868 15000000 269102 218721037 6040436 11060 136.951233 2.795793056
1.69523 15000000 337837 211075342 5806144 14181 140.971130 2.972621918
1.56002 15000000 289611 206514371 5698414 10573 138.736877 2.970359087
1.85233 15000000 244687 217290178 5983920 10349 138.054810 2.845350981
1.57021 15000000 286303 211328718 5829082 13915 134.396423 2.845492125
1.59993 15000000 309299 213487977 5886949 19978 132.189575 2.771404982
1.87124 15000000 300470 213985245 5891930 10693 134.710327 2.830464125
1.79069 15000000 360478 217401855 6001066 18466 134.393616 2.708486795
1.47032 15000000 247078 206350424 5661245 7983 139.761536 3.030693054
1.73317 15000000 311313 213207121 5877537 14000 139.220398 2.976005077
1.51474 15000000 258642 208313016 5733314 9617 139.993652 3.052190065
1.56522 15000000 215665 213836538 5892998 7706 139.427002 2.900613070
1.62816 15000000 342575 212284036 5824205 16992 136.239136 2.917501926
1.30766 15000000 177073 206586431 5694145 17222 124.159058 2.509780239
1.23187 15000000 63499 199063446 5469821 5290 123.078613 2.706211220
1.59836 15000000 92183 194256208 5331622 7541 127.759888 2.831042101
1.37833 15000000 66882 203401980 5591832 6255 125.475403 2.635288492
1.43722 15000000 120393 211022574 5789012 10609 117.636597 2.365657313
1.60785 15000000 73516 205527456 5661087 8504 129.879700 2.656238212
1.46716 15000000 84077 207273128 5705085 6968 119.923523 2.455169371
1.3017 15000000 126215 201920870 5558595 11844 121.111328 2.592389714
1.57692 15000000 131025 210780635 5814742 14071 119.650330 2.378707664
1.51218 15000000 156514 208550722 5723977 14059 121.917908 2.489285665
