"Validation time(S)" "Commits" "Aborts" "Val Reads" "Val success" "Val fail" "Energy (J)" "Time(S)"
0.003891 15030 2300854 570673 611 194 277.359375 5.091000000
0.002529 15054 2339225 400121 580 162 278.622070 5.126000000
0.00417 16277 2142282 577756 708 198 279.148987 5.093000000
0.006922 15122 2326333 829355 731 158 278.008789 5.130000000
0.002665 15165 2336441 426459 585 171 278.475403 5.090000000
0.003347 14835 2335541 517757 671 192 279.374695 5.119000000
0.003976 15540 2257228 581984 688 214 279.116760 5.098000000
0.022342 14928 2376902 363387 541 148 276.321960 5.082000000
0.022629 16720 2198385 737791 729 175 281.386658 5.110000000
0.022021 15369 2325549 840857 676 154 279.681458 5.111000000
0.013777 15886 2265631 607743 680 202 281.766296 5.151000000
0.006224 16240 2230956 772189 763 176 283.082642 5.155000000
0.020078 14833 2328069 591353 615 186 279.964966 5.124000000
0.003432 14173 2239014 584308 769 187 276.271790 5.109000000
0.002755 16102 2172047 432329 580 162 279.355835 5.093000000
0.03433 14981 2383816 395964 602 181 278.863403 5.099000000
0.003217 14159 2396446 476332 625 124 277.462769 5.115000000
0.006055 16989 2198301 755008 649 194 283.034180 5.132000000
0.0037 14970 2367124 553342 678 138 278.538086 5.099000000
0.021451 15861 2295877 939143 698 171 281.888245 5.126000000
