"Validation time(S)" "Commits" "Aborts" "Val Reads" "Val success" "Val fail" "Energy (J)" "Time(S)"
0.005789 15749 2247659 814060 655 169 279.814453 5.081000000
0.004662 15427 2353213 652680 721 146 280.996338 5.130000000
0.003418 14623 2426302 520833 633 174 280.533081 5.134000000
0.003492 14725 2327803 497211 585 168 278.814087 5.133000000
0.021379 14461 2394746 601511 699 153 275.970825 5.096000000
0.011994 15276 2328286 574946 702 201 277.097778 5.116000000
0.005312 14492 2383506 607881 582 147 280.167725 5.126000000
0.035079 15979 2211046 535903 681 185 279.550964 5.104000000
0.021622 14804 2351343 719165 622 130 279.297729 5.098000000
0.005011 14507 2415853 700425 614 168 281.132263 5.136000000
0.021241 15941 2314883 677179 617 119 278.907227 5.135000000
0.005646 16419 2181065 760367 658 181 283.182861 5.113000000
0.003402 16436 2247014 505108 632 205 283.062622 5.144000000
0.017665 15727 2175349 697947 626 129 281.900146 5.104000000
0.004698 15133 2301501 549534 607 169 281.632507 5.137000000
0.014039 14604 2437279 489296 567 176 282.802368 5.162000000
0.002307 14376 2372350 379575 549 152 279.422485 5.122000000
0.003397 16081 2218320 520151 629 187 278.686890 5.098000000
0.003808 14804 2324260 557568 636 188 280.895691 5.129000000
0.004637 15094 2317864 641170 667 149 279.855103 5.111000000
