"Validation time(S)" "Commits" "Aborts" "Val Reads" "Val success" "Val fail" "Energy (J)" "Time(S)"
0.009739 134 6537792 1192080 101 44 872.152710 16.903000000
0.028208 174 5885737 1269181 137 76 821.892944 17.049000000
0.006384 134 6865102 705985 64 102 866.824341 18.300000000
0.080835 174 5197104 6573874 130 54 782.382446 16.989000000
0.01802 127 6519305 2134455 102 50 838.780090 17.831000000
0.079937 134 6881992 6311533 120 57 904.917297 18.853000000
0.007577 127 7121467 880251 104 59 874.187561 17.426000000
0.023747 134 6811553 3198933 109 54 881.178955 18.149000000
0.069791 138 7416066 6377743 128 52 975.476135 20.536000000
0.006594 128 5527087 651304 112 64 770.079895 16.943000000
0.196899 149 7579265 13716538 130 83 985.781372 20.277000000
0.050999 121 7027317 6174848 83 48 868.655212 17.760000000
0.055749 134 6760003 2995998 109 56 920.886597 18.752000000
0.014225 134 7040735 1585857 120 34 874.908447 17.774000000
0.0164 100 5565692 2071838 77 38 762.609131 16.051000000
0.038244 149 7718387 2540536 122 63 984.876526 20.032000000
0.019388 127 7545939 2413112 103 75 959.812622 19.638000000
0.026702 134 6194262 1289102 105 69 827.158386 18.768000000
0.02304 134 7062028 963200 103 69 838.574158 17.034000000
0.169966 134 6739686 12582758 116 58 904.034424 18.063000000
