"Validation time(S)" "Commits" "Aborts" "Val Reads" "Val success" "Val fail" "Energy (J)" "Time(S)"
0.051585 15610 2218911 637629 630 156 280.254211 5.128000000
0.003198 15411 2332034 492172 655 189 280.297729 5.115000000
0.019944 14759 2377307 547692 493 123 279.603333 5.131000000
0.022135 15581 2273966 769490 663 147 279.970398 5.109000000
0.0058 15245 2274236 697127 661 144 281.548584 5.125000000
0.003871 14088 2392842 515878 670 171 274.000488 5.106000000
0.016128 14366 2439132 479939 646 192 277.900024 5.146000000
0.005106 14413 2417300 451654 592 148 280.504700 5.119000000
0.003712 15512 2353231 529587 619 197 279.445190 5.101000000
0.038939 14454 2394418 819521 616 125 279.823181 5.139000000
0.004821 14299 2349190 644046 591 147 274.986389 5.097000000
0.035832 14149 2433528 546197 638 188 277.008240 5.091000000
0.019921 14813 2406595 562089 619 165 277.595642 5.103000000
0.003008 14358 2419187 455399 565 142 275.793762 5.109000000
0.003691 14662 2374277 520005 606 187 275.833008 5.109000000
0.005765 15501 2359613 660138 626 129 282.723022 5.155000000
0.026405 15451 2337826 508444 631 186 280.289917 5.170000000
0.003569 15625 2290320 486025 574 162 278.685730 5.103000000
0.004511 15821 2293089 588523 582 158 281.850952 5.117000000
0.022024 16579 2161244 780434 773 201 281.513184 5.124000000
