"Validation time(S)" "Commits" "Aborts" "Val Reads" "Val success" "Val fail" "Energy (J)" "Time(S)"
2.18032 80000000 1008925 184534876 5245481 534929 410.879578 7.359186172
2.17265 80000000 1025363 181860281 5241594 533390 411.488037 7.270435095
2.30317 80000000 1137440 190775473 5375974 608793 419.656433 7.518772125
2.15017 80000000 941726 189470232 5334965 507653 394.431824 7.030334126
2.2323 80000000 1063123 185146681 5300266 588328 393.252502 7.141898856
2.05713 80000000 1093281 184294516 5260090 539119 405.994141 7.253624563
2.19101 80000000 927844 182311017 5326314 546268 380.128662 6.750666226
2.31531 80000000 960666 209450346 5444090 502794 410.227905 7.320431098
2.14919 80000000 904580 179356152 5316597 514349 373.993958 6.611298196
1.99525 80000000 873119 188152703 5341027 475190 381.069336 6.739444318
2.01897 80000000 1115441 184295797 5463293 671177 385.131714 6.728496078
2.50968 80000000 1038446 187623783 5345142 552601 413.090942 7.469381364
2.01989 80000000 912436 174986888 5311391 502449 374.207947 6.663984889
1.91958 80000000 1021085 172574991 5291296 590841 380.390442 6.902961391
2.02032 80000000 1071856 180230116 5378461 602855 396.345215 7.176932839
2.40193 80000000 1064196 172720537 5236870 573019 395.342773 7.185655365
1.76169 80000000 1050345 158809177 5117149 478664 375.359070 6.938755433
2.07252 80000000 980711 210197816 5385383 511760 403.457947 7.101156844
2.10656 80000000 1040467 177037612 5232896 553041 397.686707 7.322831438
2.01238 80000000 932719 180450721 5291304 503926 391.070557 7.123986333
