"Validation time(S)" "Commits" "Aborts" "Val Reads" "Val success" "Val fail" "Energy (J)" "Time(S)"
18.8719 50000000 9377905 1607552134 40305885 6300558 1399.388489 30.925887108
18.9564 50000000 10457461 1632638086 39204722 7243821 1477.797424 33.401061058
17.7076 50000000 9147342 1408765538 38245246 5856524 1458.409912 33.553723097
18.0554 50000000 9208872 1583217105 39381440 6501638 1310.664795 29.119398772
17.772 50000000 9668951 1425620795 38696824 7056376 1338.472900 29.913602023
17.203 50000000 9371005 1385064560 39145369 6359019 1341.209229 30.349405578
18.5958 50000000 9240731 1636312063 40582103 6660688 1312.592041 28.427808258
18.5531 50000000 9070758 1635841668 40760898 6621703 1283.698242 27.736348001
17.252 50000000 9514117 1400877642 39815182 6763485 1331.127136 29.680522450
18.1854 50000000 9173444 1451292844 40561835 6476441 1283.727539 27.841599103
18.9293 50000000 10351658 1768596782 39780136 7565696 1395.112122 31.506638825
17.2176 50000000 9650350 1594393260 39826211 7023308 1265.647339 27.906201401
18.6451 50000000 9798267 1743915475 40722796 7312017 1296.351990 28.072351982
18.7414 50000000 9601364 1605819882 40364135 7067073 1322.002930 28.734069997
17.4185 50000000 9354072 1400400490 39781590 6457588 1312.701843 28.963577788
17.9346 50000000 9523103 1494603990 39521650 6810985 1360.599609 30.486738564
16.7843 50000000 9451543 1423160553 38962442 6456250 1318.889526 29.796835433
19.2589 50000000 10448574 1737476011 39686261 7604704 1404.918030 31.077251808
18.0674 50000000 8446460 1469129618 39940746 5725295 1311.608215 29.250743523
18.7789 50000000 8962378 1714642760 40665217 6256449 1312.401428 28.662381111
