"Validation time(S)" "Commits" "Aborts" "Val Reads" "Val success" "Val fail" "Energy (J)" "Time(S)"
1.0982 1000000 4367 201229531 55230 3828 296.634216 4.608190060
1.17975 1000000 4282 205537321 55451 4029 304.515076 4.711170912
1.18001 1000000 4084 206613360 56416 3840 303.661255 4.673142910
0.909665 1000000 4464 203925871 56099 3773 299.013062 4.615252524
0.943069 1000000 4032 203801501 55597 3802 289.666077 4.488110519
1.1663 1000000 3953 210490547 56376 3712 304.992004 4.687978581
0.981502 1000000 3907 206285390 55693 3750 292.832397 4.503647824
1.14448 1000000 4195 208877829 56815 3818 296.177185 4.582872670
1.06264 1000000 4337 200482157 55291 3799 290.377136 4.527369884
1.08295 1000000 3985 206677701 56692 3983 295.953918 4.551201934
1.12203 1000000 3998 201481328 55468 3841 294.063843 4.508293320
1.0653 1000000 4081 208467200 55925 3700 297.036316 4.529897609
0.894271 1000000 4123 204252584 56212 3814 292.098389 4.460420218
1.09418 1000000 3755 207708168 56241 3755 301.493164 4.622784840
1.01353 1000000 4199 205603988 56516 3853 292.301941 4.518872777
1.06332 1000000 4886 208832840 56019 3748 301.298401 4.648008215
1.09983 1000000 4195 203793349 55857 3749 290.318970 4.441006658
1.00309 1000000 3915 201619941 55357 3839 286.981567 4.421459954
0.864285 1000000 3847 208351470 56201 3823 298.942017 4.631814945
0.992282 1000000 5497 202895712 55670 3786 289.919556 4.455795364
