"Validation time(S)" "Commits" "Aborts" "Val Reads" "Val success" "Val fail" "Energy (J)" "Time(S)"
0.005319 93729 11 68206 68206 0 1.039368 0.033922911
0.004954 93725 919 66937 66937 0 1.288818 0.037647963
0.005135 93731 13 68009 68009 0 1.056946 0.035667896
0.00519 93729 13 70546 70546 0 1.045471 0.034726858
0.004637 93731 16 63762 63762 0 1.397888 0.051389933
0.00402 93735 11 55149 55149 0 1.123596 0.039398193
0.005584 93729 10 72230 72230 0 1.027893 0.034992695
0.004594 93731 9 61726 61726 0 1.118042 0.039585114
0.00536 93725 15 71007 71007 0 1.043762 0.035590887
0.019303 93729 11 58934 58934 0 1.692322 0.052201986
0.004993 93727 16 65583 65583 0 1.069397 0.035470963
0.005683 93731 18 72478 72478 0 1.445557 0.053745985
0.004687 93725 7 63170 63170 0 1.105164 0.035701990
0.004773 93727 13 66034 66034 0 1.067688 0.035328150
0.005151 93727 16 70116 70115 1 1.203003 0.042046070
0.005304 93727 17 70283 70283 0 1.096680 0.035481930
0.004305 93723 8 61231 61231 0 1.142395 0.038447142
0.003945 93723 4511 54457 54457 0 1.657532 0.053849936
0.00534 93723 23 70405 70404 1 1.083557 0.035927057
0.003982 93729 10 55041 55041 0 1.137268 0.038532019
0.004887 93731 12 64673 64673 0 1.352844 0.050199032
0.005803 93725 13 72961 72961 0 1.115356 0.038075924
0.004638 93727 9 64301 64301 0 1.114563 0.039119005
