"Validation time(S)" "Commits" "Aborts" "Val Reads" "Val success" "Val fail" "Energy (J)" "Time(S)"
0.052163 1000000 677 4517088 226073 467 56.529053 0.916059017
0.03087 1000000 626 4512061 225833 439 52.805420 0.913935900
0.03053 1000000 572 4479174 224178 419 53.417847 0.890108109
0.062628 1000000 718 4477777 224104 462 54.111267 0.916192055
0.030669 1000000 711 4491116 224804 425 53.321716 0.915871859
0.046764 1000000 655 4492175 224827 432 53.883301 0.931982040
0.045911 1000000 713 4429820 221692 488 57.114929 0.963863850
0.098561 1000000 706 4445884 222508 462 56.851440 1.000322819
0.082278 1000000 710 4484124 224414 442 53.860413 0.913808823
0.078375 1000000 749 4429888 221699 459 53.787781 0.922392130
0.062459 1000000 689 4418348 221135 452 55.094055 0.958016872
0.030537 1000000 684 4477787 224107 422 54.572327 0.922467947
0.062239 1000000 678 4456012 222979 448 55.648926 0.955142021
0.030402 1000000 702 4452787 222856 444 55.367859 0.939545155
0.082229 1000000 708 4442392 222357 443 57.527771 1.010020971
0.094422 1000000 762 4482434 224344 453 55.033447 0.944198847
0.078411 1000000 639 4504597 225443 432 55.088196 0.920886993
0.077859 1000000 685 4407728 220613 458 55.822144 0.934751034
0.046334 1000000 675 4494695 224967 442 55.171021 0.942101955
0.062441 1000000 694 4471705 223796 460 55.475830 0.928801060
0.030378 1000000 648 4488321 224648 420 53.991577 0.915457964
0.063653 1000000 718 4454580 222954 473 53.795105 0.895752210
0.063543 1000000 676 4455327 222994 437 55.250244 0.927116045
0.048007 1000000 610 4516161 226057 428 54.601685 0.935295171
0.03205 1000000 598 4524330 226428 436 52.747559 0.863475882
0.079367 1000000 698 4430833 221735 488 57.076172 0.971731322
0.086805 1000000 778 4349625 217684 511 57.086243 0.971578758
0.047779 1000000 645 4489327 224707 424 55.841248 0.964058536
0.095642 1000000 707 4473776 223873 493 55.454407 0.944026144
0.079351 1000000 672 4436961 222023 464 57.001587 0.993652156
0.063609 1000000 648 4469225 223682 434 54.654846 0.934496702
