"Validation time(S)" "Commits" "Aborts" "Val Reads" "Val success" "Val fail" "Energy (J)" "Time(S)"
0.003105 10000 138538 961352 8861 1640 15.842590 0.314913034
0.004269 10000 101088 1307823 11388 2170 11.360535 0.219326019
0.0042 10000 147319 1276895 11098 2147 20.618042 0.433864117
0.019141 10000 143456 965792 8804 1647 18.083740 0.367134809
0.003406 10000 125640 1053056 9483 1751 16.834229 0.352807045
0.005467 10000 81825 1658628 13939 2599 11.686096 0.251657963
0.00391 10000 123671 1191098 10546 1962 14.872986 0.301532984
0.003589 10000 100292 1136720 10069 1854 14.354004 0.297613859
0.004416 10000 106804 1339574 11571 2177 16.004028 0.352869034
0.004909 10000 86123 1488446 12540 2497 8.474243 0.161761999
0.004226 10000 138796 1308119 11270 2153 16.855103 0.348322153
0.004066 10000 104815 1265442 11032 2181 11.378662 0.240690947
0.020073 10000 117755 1253837 10897 2109 14.395386 0.283738136
0.003849 10000 130238 1173296 10321 1938 16.306519 0.333139181
0.003887 10000 130563 1205932 10460 2095 15.644958 0.325960875
0.00428 10000 92408 1297614 11151 2199 9.938782 0.191617012
0.004162 10000 104949 1307105 11322 2177 12.877014 0.252962112
0.004361 10000 110450 1309615 11345 2209 11.084045 0.222677946
0.004621 10000 115291 1378215 11762 2296 13.424561 0.268029213
0.005203 10000 85297 1592044 13325 2629 11.531921 0.251438856
0.004435 10000 115625 1344395 11481 2270 15.960693 0.348534107
0.003916 10000 109883 1194543 10568 2017 14.256775 0.296550471
0.024354 10000 119897 1322284 11465 2189 12.389282 0.246159223
0.014662 10000 121051 1187825 10374 2108 15.935974 0.334880410
0.020188 10000 101138 1274547 11109 2184 14.109375 0.299224312
0.003976 10000 125128 1222559 10587 2083 16.375977 0.335339841
0.005234 10000 96350 1580016 13177 2571 11.817810 0.237998097
0.003435 10000 116881 1056017 9481 1805 14.425720 0.304303210
0.004966 10000 100759 1506121 12734 2583 11.657471 0.243363545
0.004668 10000 86154 1417349 11980 2400 10.774719 0.231857317
0.004876 10000 84930 1481333 12501 2393 10.552551 0.219232537
