"Validation time(S)" "Commits" "Aborts" "Val Reads" "Val success" "Val fail" "Energy (J)" "Time(S)"
0.785844 1000000 13500901 106914888 965773 183285 1575.002808 30.515712023
0.787678 1000000 13064370 111554137 1002136 188830 1489.930115 29.211028099
0.732671 1000000 13045263 113066309 1012941 191326 1496.648865 29.291572094
0.906955 1000000 12875361 114960809 1026207 193284 1443.972107 28.276666880
0.869392 1000000 12905239 116260859 1034594 196181 1460.530396 28.792953014
0.705476 1000000 12875562 114228138 1020781 192848 1457.136292 28.540591955
0.619823 1000000 12744913 116414515 1035598 195678 1447.967712 28.288944006
0.671387 1000000 12479127 118636226 1050946 199357 1417.559509 27.815167904
0.867363 1000000 12896840 115153528 1027792 194077 1456.572510 28.576586008
0.691579 1000000 12705487 116058011 1033845 195507 1424.618469 28.024909019
0.766535 1000000 13256928 114740205 1022857 194011 1510.266113 29.756598949
0.763997 1000000 13107485 114000287 1018526 192845 1483.144470 29.162038803
0.676187 1000000 12941027 114162969 1021104 192684 1489.561951 29.095566034
0.662889 1000000 12539108 116490202 1037990 195747 1405.444824 27.364242077
0.8046 1000000 13109809 115227348 1028173 194223 1486.796631 29.005853176
0.957651 1000000 13155291 114080605 1019681 192448 1500.654663 29.605403900
0.718809 1000000 13092704 113303413 1014613 191569 1487.778748 29.240904093
0.825427 1000000 12966203 114720411 1023556 193927 1465.010437 28.837007046
0.706677 1000000 12937861 114445133 1023120 193213 1470.595215 28.659871101
0.810779 1000000 12910975 114848026 1024770 193097 1452.478577 28.352119923
0.865314 1000000 13163709 114579798 1021583 194307 1506.740173 29.510133982
0.757114 1000000 13305310 111231064 999469 188100 1515.315918 29.509838153
0.608296 1000000 12778869 114814385 1026636 193832 1455.329468 28.441390341
0.84338 1000000 12898645 116501682 1035836 196577 1483.262512 28.761825598
0.743757 1000000 13170828 113210333 1014089 191510 1499.956055 29.142083954
0.693613 1000000 13023061 114873500 1025652 193417 1489.431030 28.854984024
0.801978 1000000 13096760 113851081 1017233 192805 1498.290405 29.143191474
0.829676 1000000 12851760 115198394 1028086 193965 1461.572205 28.361183288
0.83905 1000000 12692782 114087319 1020176 191290 1431.991089 27.789197122
0.693151 1000000 13224520 113558094 1014723 192669 1530.824524 29.947805890
0.743237 1000000 13138766 112923633 1011213 191138 1498.348022 29.199867452
