"Validation time(S)" "Commits" "Aborts" "Val Reads" "Val success" "Val fail" "Energy (J)" "Time(S)"
3.23965 44307390 1835079 1515160666 315688 61080 2765.154480 60.641186258
0.004244 67612515 9931 2012648 498 212 3980.431091 60.641892799
3.24172 45496747 1774929 1451768754 309792 59579 2794.617065 60.646853032
3.19791 43926076 1789275 1513105343 315271 61697 2742.274963 60.663292747
3.03142 44722245 1851434 1444288922 318239 59803 2753.140747 60.644805949
3.23058 44547443 1821185 1528239672 319483 61877 2764.391418 60.691918232
3.21989 46443008 1748433 1465398161 306332 57212 2841.666687 60.652059314
2.96195 44737356 1821167 1372889133 309791 58566 2761.915405 60.658322556
3.14893 44877716 1881230 1488125019 319191 64020 2760.254395 60.642113292
3.12491 44373992 1828542 1464327233 314464 59852 2754.806458 60.663821769
3.19083 44150817 1840288 1508504107 318330 62610 2746.137207 60.641611351
3.32304 44129170 1849462 1506097427 316499 63776 2737.786377 60.639068278
3.27981 44493991 1788689 1486922016 316633 60723 2762.174561 60.677976301
0.036748 79303522 15104 9469470 33474 328 3952.385254 60.658995073
3.2176 44596856 1807793 1504545023 319386 61045 2759.934937 60.655939492
3.01429 45886617 1736864 1391487384 305287 57172 2811.809509 60.641577221
3.08848 44688358 1868929 1463061983 317940 60717 2761.268188 60.656988406
3.08474 44326833 1840379 1477896886 312758 64751 2736.886963 60.639574899
3.40566 45696605 1724883 1523378585 307202 58270 2815.524902 60.656023387
3.21476 44402386 1780383 1465695719 310902 59850 2749.538452 60.646956073
