"Validation time(S)" "Commits" "Aborts" "Val Reads" "Val success" "Val fail" "Energy (J)" "Time(S)"
26.3883 65578411 3284660 6750229100 8463015 106858 3242.886780 60.645720858
27.2783 64277734 3138962 6742489207 8030457 108351 3245.121643 60.650377437
32.5253 36283440 6044961 73557090 3089382 6485 3265.274597 60.658018911
13.3743 51983790 2807700 1691457158 3325188 51407 3749.338684 60.667903277
27.9778 62805139 3341705 6844633283 7670849 108153 3301.779419 60.663066072
21.6118 39139049 4913011 340926333 2117642 5643 3354.626709 60.651188660
27.6845 63986175 3110484 7729435659 8177943 157404 3231.587036 60.645888114
27.0061 63928531 3413293 6478513818 8029481 99183 3263.721741 60.654889104
24.7384 65182759 2965335 6623410099 8593821 155583 3188.189026 60.650327227
23.0439 41558832 4543734 753498659 2329971 23411 3449.343567 60.659046418
30.5832 62801214 3449429 7056721400 7612764 97294 3395.767761 60.656806258
22.394 35608180 4860206 88514639 1755453 5840 3362.260071 60.656960896
25.2097 30569502 4894085 228021887 1577643 6707 3254.810242 60.643359092
31.2639 41020210 5317228 142283014 3954893 6075 3211.915710 60.641260430
27.8565 63738001 3085047 7451940488 7973577 142716 3277.855286 60.648453605
22.5282 39693459 5384215 764305720 2207051 8501 3464.305420 60.654509750
23.5857 35655891 4967820 4759164 2026810 6153 3324.458862 60.643922294
29.1262 63452111 3546297 7056210724 7984427 101995 3299.542542 60.665568147
24.3867 32114249 4237874 184979972 1673589 6512 3296.184875 60.647728944
27.6029 63182864 3274946 6960994062 8055086 107528 3240.565002 60.668012269
