"Validation time(S)" "Commits" "Aborts" "Val Reads" "Val success" "Val fail" "Energy (J)" "Time(S)"
7.4745 50349146 501421 3222230398 332706 38772 3645.247986 60.656480597
8.15111 52744872 652740 3463300503 353393 42769 3610.854492 60.658422820
7.76675 51666627 622247 3090106829 314621 41798 3615.774414 60.647105365
7.35161 50673172 373164 3177271006 313466 35341 3725.707092 60.640308887
0.29113 48370462 4739 106238495 18071 288 4072.377441 60.658011838
7.47778 50812216 354300 3384291912 315050 38168 3768.929871 60.654111329
7.45753 48935587 473745 3280866804 315984 40222 3680.664612 60.676140674
8.07995 54132265 592612 3453119821 342779 43148 3637.036072 60.644569329
7.67698 50077511 651674 3085036980 301564 42050 3587.155212 60.645270802
8.52239 53662249 504817 3837068148 355431 42929 3696.067322 60.650834340
8.60153 53278370 448810 3663645223 329743 41814 3705.574219 60.647054685
7.53652 50535509 725963 3132811601 341306 45775 3528.690674 60.643594103
6.81882 48986249 663058 2870321414 328943 41777 3541.101562 60.656250566
8.06863 51533299 511835 3352023030 310140 42232 3649.122437 60.664178718
7.75986 49342644 488176 3101973529 282469 36111 3653.521545 60.683798725
8.50731 52644112 577776 3711170656 342640 41419 3638.242981 60.641719800
7.76284 51412315 525782 3401587140 343450 42729 3648.439331 60.641777213
8.96844 54354234 764112 3815834302 378306 54062 3548.461792 60.653472062
8.29665 54091111 788304 3435475863 373540 50770 3533.643677 60.643191044
8.16705 50270339 602903 3435800629 326333 45711 3597.039673 60.651921221
