"Validation time(S)" "Commits" "Aborts" "Val Reads" "Val success" "Val fail" "Energy (J)" "Time(S)"
8.81244 4202800 3666932 4669052733 830117 156852 2546.423401 60.649408566
8.92652 4307180 3684943 4689341473 847809 157828 2571.440002 60.660033514
8.08685 4681708 9493255 4497856693 1108806 298875 2601.996277 60.645660905
9.17484 4275911 3936731 4762585461 846055 156770 2582.491211 60.651557646
9.09028 4318695 3688775 4733672210 847910 152898 2578.295837 60.653015435
8.79029 4215714 3799577 4628561385 835596 158556 2547.182800 60.667234141
8.94802 4186091 3881124 4693507145 833653 160030 2552.369690 60.652131287
7.69813 4702286 9612357 4371115108 1107635 296302 2594.255981 60.639928552
7.72371 4642125 9448662 4390263626 1099209 300823 2585.047119 60.659810367
9.05679 4235932 3603856 4664045131 835272 155581 2559.695251 60.651698762
8.80604 4188815 3642550 4611990814 826428 156505 2536.643127 60.658998297
8.71128 4171914 3698169 4606026234 825668 158706 2538.862061 60.662410811
8.92664 4293507 3727543 4700118368 848536 157716 2563.175537 60.645461820
9.16369 4134477 3555381 4711048773 816464 160345 2539.328918 60.654272250
8.62783 4230112 3781001 4669814536 845959 172159 2534.621399 60.667281292
8.70315 4319613 3812287 4578665975 849449 160404 2544.809814 60.662625969
9.06177 4225118 3869933 4717993173 845059 167854 2545.859924 60.657167276
8.57045 4270803 3677198 4545999915 834126 156074 2541.669067 60.651212556
8.83066 4216733 3635161 4659049675 831524 161066 2542.849548 60.662883061
9.07188 4268749 3617860 4710255210 837896 158021 2557.439575 60.652353015
