"Validation time(S)" "Commits" "Aborts" "Val Reads" "Val success" "Val fail" "Energy (J)" "Time(S)"
3.53474 4194304 146475 1575485803 3996829 9060 368.790710 8.703039169
3.51591 4194304 118384 1575756382 3997474 9011 361.357910 8.351779938
3.45014 4194304 116200 1576740750 3999833 8665 352.699402 8.166349888
3.49779 4194304 104255 1584285569 4020455 7720 350.254700 8.046314955
3.43417 4194304 113147 1575996997 3998270 7849 344.495850 7.921000004
3.4214 4194304 104093 1583714933 4018447 8123 338.334717 7.594041109
3.44421 4194304 125100 1581053037 4012551 7830 345.019592 7.916159153
3.4212 4194304 124980 1575917721 3998296 7402 346.577026 7.953231096
3.46363 4194304 103240 1578219597 4004994 7271 342.577881 7.769614935
3.44805 4194304 110581 1581043219 4012213 7706 346.065247 7.976656914
3.4304 4194304 116573 1577465909 4002080 8625 341.714661 7.812500000
3.44028 4194304 115617 1576176121 3998927 7166 349.303040 8.083660126
3.45797 4194304 112427 1579788917 4008652 7647 348.227356 8.015586138
3.38252 4194304 127138 1577660279 4002464 6998 346.511902 8.004685879
3.53497 4194304 106618 1581297606 4013533 8171 343.548950 7.744448900
3.37879 4194304 108788 1580213864 4010240 7798 340.692322 7.734627962
3.44968 4194304 138815 1578449344 4005346 7012 347.143066 7.982746124
3.43006 4194304 107917 1580761638 4011928 8954 341.956482 7.704098940
3.45727 4194304 106935 1580516039 4010497 7255 342.201843 7.778337002
3.41742 4194304 104849 1580698770 4011332 6641 346.071106 7.912520170
3.45267 4194304 118643 1580198234 4009422 7039 345.552551 7.898343086
3.4909 4194304 121425 1575287977 3996351 7245 348.043518 7.999212027
3.46167 4194304 111298 1578367818 4005565 6921 342.185364 7.771615028
