"Validation time(S)" "Commits" "Aborts" "Val Reads" "Val success" "Val fail" "Energy (J)" "Time(S)"
0.970018 2653265 3342726 103180101 530345 111807 859.111511 19.899967909
0.946679 2654003 3716741 102941515 530187 111720 892.609009 20.668474197
0.91448 2652583 3216101 102753001 528912 111827 852.422302 19.842108011
1.01486 2651506 3658093 104331119 527436 110150 915.192383 21.055202007
1.13782 2651468 3468332 103086519 526531 111276 906.903503 20.963160992
1.13153 2653086 4261374 102767673 528417 112321 1014.997375 24.308320045
1.27211 2652002 3409252 103507727 526563 112137 903.956909 20.996552944
1.04856 2652031 3801111 103755487 527966 111199 889.898743 20.427052021
1.19656 2652966 3718630 103825223 528737 111602 916.305298 20.916850090
1.01195 2651597 3479690 103258623 527393 111869 915.576904 21.459553003
1.32748 2652873 4036668 103435881 527562 110629 921.269592 21.184153080
1.20318 2652648 3300717 102757778 528507 111441 899.166626 21.204463959
1.21373 2654205 3539542 104220807 527405 111340 901.369812 20.663218021
1.07941 2654053 3538769 103039189 526065 111310 906.950684 20.891829014
0.913843 2652529 3788682 103444252 529948 111381 916.388184 21.074635029
1.19768 2652321 3660555 103531725 527346 111502 887.532166 20.270079136
1.04442 2652175 3779520 103639247 527812 111393 891.450378 20.546156168
1.0456 2653075 3578664 103733208 528167 111649 913.290222 21.352501869
1.11987 2652817 3529216 103527593 528831 110796 861.469543 19.396013021
1.04619 2652159 3887598 103049099 527885 110270 913.156616 20.938071012
1.060993 2650592 2810364 103064000 522916 113471 928.353516 22.474107309
1.010563 2651700 3071761 104044051 526390 112595 882.570251 21.349041350
1.084109 2652105 3032820 102865054 525917 113600 949.587219 23.595766821
0.928665 2652561 2571309 103207380 524997 112957 871.856018 20.203494328
