"Validation time(S)" "Commits" "Aborts" "Val Reads" "Val success" "Val fail" "Energy (J)" "Time(S)"
0.046313 14240 22491 653819 3214 892 23.698975 0.757746935
0.00292 14334 18224 627785 3111 904 26.225769 0.856141806
0.019553 14069 16254 620668 3010 852 29.964172 0.946815014
0.030472 14205 53097 614581 3147 672 20.848145 0.624647141
0.002932 14377 26604 656129 3057 1124 43.427612 1.439485073
0.002758 14133 650645 614565 2987 724 181.374512 4.535521984
0.02002 14169 25015 586427 2915 691 25.353088 0.775278091
0.002936 14219 21832 600248 2999 803 28.831909 0.930249929
0.019423 14092 21254 597671 2897 594 16.961914 0.516772985
0.00943 14141 26570 618458 3080 812 24.942261 0.789929152
0.002859 14265 33062 633748 3070 969 36.852844 1.230016232
0.007216 14164 23614 635478 3136 917 30.181946 0.942148924
0.002964 14187 20639 609919 2918 851 34.173462 1.139700890
0.003222 14189 31934 644329 3146 973 39.626465 1.283772945
0.003112 14240 32253 636005 3087 913 33.282715 1.143159151
0.004687 14215 79283 597675 2991 735 32.657837 0.953968048
0.003196 14078 34272 632623 3122 1000 36.259644 1.209602118
0.018807 13989 52770 610557 2995 878 39.628906 1.180970907
0.034328 14171 32066 632223 2934 944 40.623352 1.307369947
0.018339 13960 16791 621665 2966 986 36.358459 1.287131786
0.005508 14175 21796 617289 3038 734 32.972656 1.011134863
0.005729 14208 19606 619866 3072 798 23.779480 0.756412029
0.003159 14306 23484 634229 3024 988 34.394836 1.150675058
