"Bench" 1 2 4 8 16 32 average
sb7-r-t-f 0 1761044 909886 340235 91257 57477 631979
C+A 6 120582106 305947058 711338006 1614986233 3759669668 631979
sb7-rw-t-f 0 1398910 907426 389325 101477 28523 565132
C+A 6 113757444 444797701 800494336 1494312543 3793430727 565132
sb7-w-t-f 0 1760077 877520 437557 116204 34012 645074
C+A 6 130908472 382784827 640748072 1428918532 3426582363 645074
sb7-r-t-t 0 1595715 762529 416911 110195 37076 584485
C+A 5 115825964 358133298 850992448 1845023477 4384230452 584485
sb7-rw-t-t 0 1577580 728851 366076 91641 34326 559694
C+A 6 128905333 387018007 736484856 1622243077 3188021374 559694
sb7-w-t-t 0 1569342 950195 514385 81018 57633 634514
C+A 6 112192156 408406724 694996536 1492649883 3649063313 634514
