"Validation time(S)" "Commits" "Aborts" "Val Reads" "Val success" "Val fail" "Energy (J)" "Time(S)"
0.298109 150000000 290491 54527893 15000748 24900 203.134094 5.860911846
0.295549 150000000 311829 54322263 15000792 26627 197.549744 5.532948971
0.294999 150000000 285431 52932945 15001684 24084 204.930969 5.877851009
0.298207 150000000 328194 55577024 15003125 24911 208.237549 5.878684998
0.297947 150000000 366605 54849385 15001973 25758 199.223206 5.560750961
0.296512 150000000 281142 54153724 15002869 23474 207.354797 5.989988089
0.296192 150000000 297416 53527868 15002428 23945 206.959534 5.983314991
0.300928 150000000 343228 55442318 15002021 24519 207.414062 5.919339895
0.298244 150000000 366028 55665446 15001442 26575 202.181030 5.634788036
0.297923 150000000 283360 54595586 15003844 24325 204.369995 5.956964016
0.295787 150000000 334274 53238324 15001917 25122 206.818604 5.944366217
0.294222 150000000 341599 52201238 15001546 26027 203.735474 5.893278837
0.30037 150000000 316615 53781382 15002926 24382 211.330994 6.218677998
0.298194 150000000 364098 54956004 15001942 25874 199.973572 5.615082979
0.29798 150000000 358441 53770698 15002323 26640 200.086670 5.645304918
0.295352 150000000 364698 54629781 15001751 25873 202.552551 5.683511019
0.297701 150000000 373481 54597458 15000663 26589 200.033630 5.598127127
0.294567 150000000 365773 53531961 15001150 26785 200.431824 5.580821991
0.296869 150000000 368563 54628293 15001869 25497 200.090637 5.549590111
0.299601 150000000 340438 56566887 15001697 26076 205.179443 5.873851061
