"Validation time(S)" "Commits" "Aborts" "Val Reads" "Val success" "Val fail" "Energy (J)" "Time(S)"
0.044768 50000000 12 5188112 2594056 0 178.252869 6.084956884
0.046758 50000000 14 5186209 2593105 0 181.702148 6.168977022
0.044185 50000000 14 5204469 2602235 0 177.845764 6.097551107
0.044366 50000000 109854 5074972 2537486 0 177.729675 6.051501989
0.044588 50000000 6 5190257 2595129 0 177.870911 6.100481987
0.044303 50000000 14 5186884 2593442 0 177.101379 6.025310993
0.044502 50000000 15 5189217 2594609 0 177.410828 5.974841118
0.043837 50000000 3 5188397 2594199 0 174.786011 5.969509125
0.044621 50000000 17 5192573 2596287 0 178.214783 6.089680910
0.04391 50000000 13 5192378 2596190 0 175.274963 5.976835966
0.044136 50000000 6 5187513 2593757 0 175.156738 5.983493090
0.044404 50000000 17 5191460 2595730 0 178.693481 6.101145983
0.044004 50000000 16 5180880 2590440 0 175.733582 5.955356121
0.044656 50000000 15 5190400 2595200 0 175.293213 5.977164030
0.044297 50000000 11 5189284 2594642 0 180.910034 6.208014011
0.044374 50000000 18 5186905 2593453 0 176.565430 6.039558887
0.043991 50000000 15 5188612 2594306 0 175.550537 5.984979868
0.044227 50000000 16 5180873 2590437 0 175.730957 6.001523018
0.044465 50000000 7 5193420 2596710 0 180.661194 6.110663891
0.04478 50000000 8 5184724 2592362 0 179.750610 6.079902172
