"Validation time(S)" "Commits" "Aborts" "Val Reads" "Val success" "Val fail" "Energy (J)" "Time(S)"
1.11231 23428127 2122707 529118578 15880894 2658 375.638855 10.484904051
1.10792 23428127 2135976 529368642 15880894 2652 368.023499 10.439350843
1.10783 23428127 2089522 530379798 15880894 2746 368.175720 10.456233025
1.10237 23428127 2189555 527267102 15880894 2634 369.097534 10.469498873
1.10475 23428127 2059128 529434170 15880894 2862 369.991272 10.499552965
1.11026 23428127 2102129 527285616 15880894 2685 370.780579 10.468987942
1.10782 23428127 2158952 529413583 15880894 2567 373.595398 10.589745045
1.10702 23428127 2116969 530360255 15880894 2648 373.024780 10.514128208
1.1077 23428127 2102612 529382864 15880894 2925 370.763000 10.500962019
1.10809 23428127 2038696 529408872 15880894 2699 368.359192 10.384229183
1.11157 23428127 2139523 530218706 15880894 2739 372.091736 10.528771877
1.11296 23428127 2169871 529407823 15880894 2731 368.259399 10.456923008
1.10964 23428127 2136659 530457032 15880894 2783 368.691711 10.453135014
1.12283 23428127 2116589 529124735 15880894 2798 369.316895 10.443552971
1.10961 23428127 2165351 529780224 15880894 3154 370.236389 10.468370914
1.104 23428127 2080302 529144440 15880894 2629 367.733398 10.418509007
1.10821 23428127 2097814 529841410 15880894 2771 368.986450 10.466740131
1.10924 23428127 2108765 527184953 15880894 2713 367.851624 10.437195063
1.10902 23428127 2136117 530415732 15880894 2670 369.023254 10.476680994
1.10822 23428127 2092808 530153032 15880894 2481 378.736023 10.509109020
1.10551 23428127 2033603 527192035 15880894 2763 371.112244 10.494416952
