"Validation time(S)" "Commits" "Aborts" "Val Reads" "Val success" "Val fail" "Energy (J)" "Time(S)"
0.003568 87383 2744 2184535 87383 0 325.587158 9.221877098
0.003649 87383 7100 2184535 87383 0 273.254883 7.736623049
0.003763 87383 2763 2184535 87383 0 325.863281 9.214881182
0.003696 87383 7195 2184535 87383 0 281.533020 7.944056034
0.003692 87383 6977 2184535 87383 0 267.988708 7.506453037
0.003501 87383 7200 2184535 87383 0 266.161011 7.471149921
0.003699 87383 7304 2184535 87383 0 265.842102 7.473352909
0.003662 87383 3093 2184535 87383 0 273.703552 7.733319044
0.003563 87383 2555 2184535 87383 0 298.622559 8.384267092
0.003657 87383 7611 2184535 87383 0 280.628235 7.847857952
0.003665 87383 7533 2184535 87383 0 276.652832 7.800795078
0.003741 87383 7455 2184535 87383 0 276.150391 7.768267155
0.003647 87383 2398 2184535 87383 0 285.643799 8.050932884
0.003669 87383 7364 2184535 87383 0 287.820618 8.084133148
0.003634 87383 3061 2184535 87383 0 278.404114 7.760380030
0.003639 87383 2252 2184535 87383 0 267.846802 7.547815084
0.003683 87383 2243 2184535 87383 0 328.791382 9.274635077
0.003539 87383 2157 2184535 87383 0 336.701477 9.422145128
0.003589 87383 2153 2184535 87383 0 331.250305 9.268446922
0.00362 87383 7371 2184535 87383 0 325.633423 9.173814058
0.003629 87383 7475 2184535 87383 0 294.620056 7.953346014
