"Validation time(S)" "Commits" "Aborts" "Val Reads" "Val success" "Val fail" "Energy (J)" "Time(S)"
0.000807 21847 328 415063 21847 0 2.282349 0.062210083
0.000743 21847 337 415063 21847 0 2.270203 0.062201023
0.00073 21847 283 415063 21847 0 2.269653 0.062479973
0.000773 21847 1065 415063 21847 0 2.153320 0.057139874
0.000726 21847 378 415063 21847 0 2.258484 0.062653065
0.000724 21847 1110 415063 21847 0 2.002136 0.053444147
0.000764 21847 1149 415063 21847 0 2.125305 0.054700136
0.000789 21847 1015 415063 21847 0 2.085144 0.053965807
0.000819 21847 388 415063 21847 0 2.263550 0.062129021
0.000708 21847 388 415063 21847 0 2.302368 0.062659025
0.000727 21847 359 415063 21847 0 2.283142 0.062724113
0.000817 21847 386 415063 21847 0 2.308594 0.062929153
0.000762 21847 1061 415063 21847 0 2.035767 0.053416967
0.000774 21847 961 415063 21847 0 2.006897 0.053470135
0.000736 21847 1026 415063 21847 0 2.039795 0.053488016
0.000669 21847 403 415063 21847 0 2.296509 0.061913013
0.0008 21847 329 415063 21847 0 2.278931 0.062270880
0.000784 21847 1130 415063 21847 0 2.022888 0.053211927
0.000757 21847 1099 415063 21847 0 2.040222 0.053947926
0.000733 21847 346 415063 21847 0 2.280090 0.062438011
0.000793 21847 363 415063 21847 0 2.313171 0.062783003
