"Validation time(S)" "Commits" "Aborts" "Val Reads" "Val success" "Val fail" "Energy (J)" "Time(S)"
0.000812 21847 4048 415063 21847 0 0.849670 0.020828962
0.000816 21847 3925 415063 21847 0 0.855164 0.020862103
0.00076 21847 4061 415063 21847 0 0.883484 0.021507025
0.000764 21847 4099 415063 21847 0 0.858948 0.020941973
0.000781 21847 1607 415063 21847 0 0.910095 0.023472786
0.000852 21847 4201 415063 21847 0 0.872375 0.021354198
0.00081 21847 4290 415063 21847 0 0.880554 0.021460056
0.000785 21847 1297 415063 21847 0 0.935791 0.023257971
0.000783 21847 1556 415063 21847 0 0.941772 0.023584843
0.000769 21847 1295 415063 21847 0 0.922302 0.023955107
0.000758 21847 1675 415063 21847 0 0.918518 0.023442030
0.000745 21847 1329 415063 21847 0 0.913147 0.023326159
0.000809 21847 4008 415063 21847 0 0.863892 0.020802021
0.000871 21847 4030 415063 21847 0 0.856018 0.020919085
0.000758 21847 1511 415063 21847 0 0.915100 0.023477793
0.000753 21847 4248 415063 21847 0 0.861023 0.021049023
0.000835 21847 4057 415063 21847 0 0.854004 0.020827055
0.000776 21847 1613 415063 21847 0 0.937561 0.023482084
0.000787 21847 4122 415063 21847 0 0.857422 0.021001101
0.000793 21847 4298 415063 21847 0 0.862183 0.021243095
0.000786 21847 4141 415063 21847 0 0.870422 0.021216869
