"Validation time(S)" "Commits" "Aborts" "Val Reads" "Val success" "Val fail" "Energy (J)" "Time(S)"
0.003641 87383 23557 2184535 87383 0 103.046753 2.927171946
0.00374 87383 23872 2184535 87383 0 102.640625 2.916961908
0.003637 87383 15346 2184535 87383 0 98.915039 2.789137840
0.003731 87383 15341 2184535 87383 0 102.489746 2.915634871
0.003656 87383 15117 2184535 87383 0 109.083862 3.105710030
0.003698 87383 15671 2184535 87383 0 98.394409 2.791877031
0.003678 87383 14988 2184535 87383 0 104.214905 2.966115952
0.003715 87383 14816 2184535 87383 0 99.247864 2.814456940
0.00369 87383 15576 2184535 87383 0 102.500977 2.911231041
0.003709 87383 23516 2184535 87383 0 100.058411 2.837116003
0.003689 87383 24109 2184535 87383 0 107.647339 3.056721926
0.003845 87383 24299 2184535 87383 0 98.715759 2.811944008
0.003654 87383 16078 2184535 87383 0 75.179504 2.123522997
0.003845 87383 24447 2184535 87383 0 99.957947 2.835056782
0.003788 87383 23855 2184535 87383 0 105.503906 2.969292164
0.003685 87383 15379 2184535 87383 0 106.703430 3.036020994
0.0038 87383 15545 2184535 87383 0 106.208923 3.006416082
0.003986 87383 24903 2184535 87383 0 98.901611 2.812031984
0.003677 87383 24581 2184535 87383 0 104.784790 2.962517977
0.003819 87383 25100 2184535 87383 0 99.526550 2.817971945
0.003571 87383 15790 2184535 87383 0 104.088989 2.955286980
