"Validation time(S)" "Commits" "Aborts" "Val Reads" "Val success" "Val fail" "Energy (J)" "Time(S)"
8e-06 128 10 2469 126 0 0.385132 0.009068966
3e-06 128 6 2476 126 0 0.366699 0.008450031
9e-06 128 11 2481 126 0 0.338379 0.008527994
5e-06 128 9 2476 126 0 0.334351 0.008337021
9e-06 128 7 2476 126 0 0.358215 0.008325100
7e-06 128 9 2470 126 0 0.370605 0.009308100
5e-06 128 8 2475 126 0 0.466614 0.009544849
6e-06 128 8 2475 126 0 0.335205 0.008809090
1.7e-05 128 10 2479 126 0 0.365112 0.009078026
5e-06 128 10 2456 125 0 0.385437 0.009346008
8e-06 128 7 2476 126 0 0.351929 0.008848906
6e-06 128 6 2476 126 0 0.324768 0.008429050
7e-06 128 7 2475 126 0 0.331543 0.008349180
4e-06 128 9 2469 126 0 0.386169 0.009052992
8e-06 128 7 2476 126 0 0.335449 0.008400917
5e-06 128 6 2475 126 0 0.361877 0.009041071
5e-06 128 11 2469 126 0 0.395935 0.009055853
1e-05 128 7 2505 126 0 0.342163 0.008938789
2e-06 128 8 2476 126 0 0.306335 0.008352041
6e-06 128 7 2476 126 0 0.335449 0.008327961
5e-06 128 6 2506 126 0 0.353943 0.008636951
