"Validation time(S)" "Commits" "Aborts" "Val Reads" "Val success" "Val fail" "Energy (J)" "Time(S)"
6.75296 50000000 18900461 3646578155 44994719 7867508 860.807068 26.449345827
7.7615 50000000 21941971 4233553573 44997505 9252156 977.204102 29.793770075
7.42854 50000000 21058509 4090430323 44998009 9144088 938.134705 28.681967974
7.49524 50000000 22949116 4129991985 44997413 10358768 914.750488 27.404981852
8.10246 50000000 25949654 4473945807 44996500 12298647 967.016846 28.544944048
8.49428 50000000 25503674 4703943401 44999357 11673365 1026.476318 30.614515066
8.47492 50000000 25099355 4693102947 44995043 11487555 1037.774353 30.849315166
8.35394 50000000 25541439 4618077224 44998602 11744687 1011.339661 30.014391184
7.6261 50000000 21450565 4173990971 44996855 9448808 944.938599 28.662907839
8.58305 50000000 26662496 4748912509 44998514 12849808 1040.423340 30.819692850
8.24151 50000000 26204917 4523666997 44998234 12195603 992.625427 29.493112087
8.08216 50000000 24062974 4389308561 44996624 10659805 992.519226 29.772771835
7.56201 50000000 22832994 4110486892 44999447 10374964 923.498230 27.889060020
