"Validation time(S)" "Commits" "Aborts" "Val Reads" "Val success" "Val fail" "Energy (J)" "Time(S)"
0.456908 15000000 7715684 183643252 3378645 43 288.604126 8.501837015
0.462553 15000000 8184733 183897991 3379841 26 291.453918 8.581480980
0.467167 15000000 8128853 183839494 3381089 24 296.190002 8.701965094
0.464019 15000000 8207835 183758407 3379287 27 291.841125 8.599135876
0.462853 15000000 8151877 183518870 3377856 33 289.866455 8.551041126
0.461956 15000000 8011716 184187940 3381032 34 288.970459 8.518736839
0.460174 15000000 7933618 183781879 3380217 33 290.904236 8.511173010
0.468455 15000000 7789004 183734376 3379718 29 294.582031 8.676336050
0.4551 15000000 7743180 183962869 3382966 40 287.746338 8.475170851
0.464923 15000000 8144828 184025175 3382351 33 294.555237 8.691572189
0.455053 15000000 7713862 183857739 3379925 31 287.585938 8.471549988
0.467482 15000000 8132912 183858743 3380132 23 296.074951 8.721565008
0.463791 15000000 8258350 183979407 3381687 29 290.591125 8.574615002
0.45526 15000000 7584511 183641455 3380187 45 286.966919 8.443976164
0.456411 15000000 7586515 183825961 3378839 32 285.108887 8.384759188
0.456638 15000000 7777797 184293982 3381318 35 291.599731 8.514859915
0.457689 15000000 7902573 183964603 3380392 43 290.282104 8.513174057
0.460781 15000000 7864166 183894796 3382596 28 293.934265 8.636128902
0.463082 15000000 8323070 183784154 3379372 23 292.783081 8.586073875
0.458118 15000000 7834719 183780108 3381789 30 289.123657 8.507196903
0.46566 15000000 8328731 184059694 3383077 28 296.905762 8.606031895
0.465089 15000000 8045256 183708618 3380008 19 291.701599 8.492944956
0.470546 15000000 8318857 184071830 3383112 24 297.179504 8.624040127
0.469339 15000000 8348639 184188481 3380422 36 293.770874 8.593426943
0.464144 15000000 8306201 183908209 3381470 28 296.822876 8.602364063
0.463832 15000000 8300302 184058200 3380748 21 295.825745 8.602930784
0.462173 15000000 8314796 183585355 3378740 32 295.313538 8.591269970
0.464505 15000000 8312189 183782430 3378210 22 296.486206 8.610419035
0.462717 15000000 8302528 183978066 3383158 30 293.619019 8.544102192
0.463375 15000000 8297035 183703017 3378867 31 293.075134 8.538573980
