"Validation time(S)" "Commits" "Aborts" "Val Reads" "Val success" "Val fail" "Energy (J)" "Time(S)"
0.47376 15000000 7860222 185342765 3379754 22 295.368591 8.458068132
0.478373 15000000 8034900 185287100 3381261 24 308.397095 8.840615034
0.469223 15000000 7885833 185191087 3380580 32 296.099060 8.469847918
0.470159 15000000 7762162 185376602 3383002 36 294.211060 8.423009872
0.475747 15000000 8034366 185235128 3378611 20 298.004578 8.544232845
0.471843 15000000 8121035 185586222 3382971 27 298.191711 8.519299984
0.471904 15000000 7919058 185504008 3380258 22 303.152466 8.595148087
0.470104 15000000 7881920 185714308 3382566 32 298.924805 8.509306908
0.477823 15000000 7847315 185148271 3378575 27 304.403015 8.725455999
0.475098 15000000 7917372 185919361 3385000 21 302.395630 8.663520098
0.466058 15000000 7792407 185393324 3380657 27 297.792419 8.478559971
0.469813 15000000 7824336 185787704 3381117 30 296.888489 8.491636038
0.478242 15000000 8043738 185136107 3379121 24 309.643372 8.801510811
0.470711 15000000 7843607 185715312 3380561 37 296.017334 8.452919960
0.478381 15000000 8219932 185674730 3380329 21 303.929199 8.689381123
0.475809 15000000 8121353 185542674 3379359 20 296.055908 8.472813845
0.469286 15000000 7807990 185418377 3380732 37 296.890259 8.472559214
0.481046 15000000 8421870 185538559 3380813 17 303.069031 8.577843904
0.472734 15000000 8156001 185503681 3380511 19 299.575806 8.519924164
0.472355 15000000 7869697 185501152 3378914 20 296.478271 8.430627823
0.478929 15000000 7927441 185398739 3382833 18 332.058350 8.804955006
0.478263 15000000 8436623 185255981 3380743 23 311.161438 8.659116983
0.475732 15000000 8427951 185662665 3379809 26 307.953247 8.625162840
0.485997 15000000 8331738 185270887 3382103 13 310.987610 8.695283890
0.477757 15000000 8455263 185669364 3382809 17 307.559265 8.656116962
0.476626 15000000 8398897 185507380 3381233 27 308.836548 8.638503790
0.475301 15000000 8431666 185283556 3380554 16 308.570618 8.646419048
0.478603 15000000 8431184 185605707 3380425 11 309.694885 8.661787987
0.478986 15000000 8460813 185481133 3384465 18 308.575989 8.644951820
0.477682 15000000 8449956 185795837 3382671 17 309.732483 8.671513081
0.479777 15000000 8409607 185103153 3381286 19 307.227295 8.646690130
