"Validation time(S)" "Commits" "Aborts" "Val Reads" "Val success" "Val fail" "Energy (J)" "Time(S)"
0.0015 93687 4 93696 93687 0 1.189026 0.038293839
0.001597 93687 15 93696 93687 0 1.229797 0.038326025
0.00162 93687 2 93696 93687 0 1.165894 0.038978815
0.001544 93687 4 93696 93687 0 1.210327 0.042304993
0.001547 93687 1 93696 93687 0 1.130371 0.038076162
0.00153 93687 5 93696 93687 0 1.170532 0.038117886
0.00155 93687 3 93696 93687 0 1.168274 0.038542986
0.001604 93687 9 93696 93687 0 1.083923 0.037594795
0.001652 93687 2 93696 93687 0 1.124451 0.038373947
0.001541 93687 6 93696 93687 0 1.213196 0.036777973
0.001452 93687 2 93696 93687 0 1.148560 0.038227081
0.001485 93687 7 93696 93687 0 1.112793 0.037602186
0.001513 93687 2 93696 93687 0 1.150146 0.040568829
0.001524 93687 3 93696 93687 0 1.112122 0.037647963
0.00158 93687 5 93696 93687 0 1.147461 0.038114071
0.001509 93687 32 93696 93687 0 1.161682 0.038204908
0.001524 93687 3 93696 93687 0 1.145264 0.038128853
0.001577 93687 0 93696 93687 0 1.189270 0.038564920
0.001566 93687 2 93696 93687 0 1.134277 0.038173914
0.001577 93687 1 93696 93687 0 1.200867 0.038925886
0.001595 93687 5 93696 93687 0 1.139587 0.038438082
