"Validation time(S)" "Commits" "Aborts" "Val Reads" "Val success" "Val fail" "Energy (J)" "Time(S)"
0.364 22362283 91 22362306 22362283 0 266.772949 9.349178076
0.363956 22362283 38 22362306 22362283 0 275.203613 9.364384890
0.363829 22362281 56 22362304 22362281 0 266.372742 9.324855089
0.363492 22362283 95 22362306 22362283 0 266.330994 9.327636003
0.363444 22362283 76 22362306 22362283 0 265.280334 9.347380877
0.36434 22362283 54 22362306 22362283 0 262.855957 9.297806740
0.363387 22362283 74 22362306 22362283 0 262.751953 9.288634062
0.364601 22362283 33 22362306 22362283 0 266.238403 9.333958149
0.364141 22362283 30 22362306 22362283 0 266.823120 9.350224018
0.364655 22362281 26 22362304 22362281 0 265.612793 9.359100103
0.363985 22362283 72 22362306 22362283 0 266.878113 9.353049040
0.364388 22362283 87 22362306 22362283 0 264.339783 9.310389042
0.364247 22362283 82 22362306 22362283 0 268.290710 9.375643015
0.365087 22362283 179 22362306 22362283 0 264.258057 9.304771185
0.363909 22362283 77 22362306 22362283 0 264.325867 9.310048103
0.365239 22362281 72 22362304 22362281 0 265.494995 9.296214104
0.363605 22362283 132 22362306 22362283 0 265.276245 9.299105167
0.364998 22362281 65 22362304 22362281 0 265.949768 9.333698750
0.365034 22362281 74 22362304 22362281 0 266.021057 9.326102018
0.363941 22362283 49 22362306 22362283 0 266.275757 9.325669050
0.363962 22362281 82 22362304 22362281 0 266.746399 9.372974634
