"Validation time(S)" "Commits" "Aborts" "Val Reads" "Val success" "Val fail" "Energy (J)" "Time(S)"
0.000788 47259 7 47266 47259 0 0.505737 0.015316963
0.00084 47259 1 47266 47259 0 0.454407 0.015119076
0.000794 47259 16 47266 47259 0 0.440979 0.014431000
0.000762 47259 3 47266 47259 0 0.464600 0.015341043
0.000834 47259 5 47266 47259 0 0.471863 0.014297962
0.000809 47259 13 47266 47259 0 0.452759 0.015753031
0.000783 47259 1 47266 47259 0 0.457642 0.015560150
0.000791 47259 7 47266 47259 0 0.429138 0.015322924
0.000779 47259 11 47266 47259 0 0.461182 0.015130758
0.00075 47259 9 47266 47259 0 0.492065 0.015007973
0.0008 47259 3 47266 47259 0 0.487000 0.015081882
0.000841 47259 4 47266 47259 0 0.462158 0.015518188
0.000805 47259 2 47266 47259 0 0.471558 0.015761137
0.000756 47259 5 47266 47259 0 0.436401 0.014932871
0.000812 47259 7 47266 47259 0 0.465576 0.015189886
0.000811 47259 4 47266 47259 0 0.463257 0.015361071
0.000739 47259 5 47266 47259 0 0.434814 0.015116930
0.000783 47259 9 47266 47259 0 0.467468 0.015452147
0.000762 47259 9 47266 47259 0 0.463074 0.015326977
0.000761 47259 1 47266 47259 0 0.439636 0.014329910
0.000764 47259 2 47266 47259 0 0.464478 0.015542984
