"Validation time(S)" "Commits" "Aborts" "Val Reads" "Val success" "Val fail" "Energy (J)" "Time(S)"
0.405479 1000000 1919893 188626534 1000000 53080 1012.637451 31.561670065
0.406482 1000000 1952694 188783800 1000000 53968 1009.542114 31.474725008
0.40426 1000000 1925718 188663686 1000000 53291 1012.557495 31.430377007
0.406148 1000000 1936347 188665729 1000000 53309 1009.627625 31.571001053
0.407629 1000000 1910239 188705307 1000000 53524 1023.459473 31.833633900
0.407139 1000000 1937349 188707848 1000000 53537 1021.276245 31.603303909
0.405551 1000000 1933994 188717283 1000000 53586 997.321045 31.457366228
0.407542 1000000 1929509 188693186 1000000 53457 1010.031067 31.579427004
0.406802 1000000 1939591 188770476 1000000 53889 1019.878784 31.607281923
0.40583 1000000 1910210 188584102 1000000 52857 1012.992004 31.542923927
0.40493 1000000 1890786 188558730 1000000 52698 1013.169617 31.687805891
0.40584 1000000 1914779 188659649 1000000 53273 1014.955322 31.575112104
0.406173 1000000 1946876 188715336 1000000 53583 1011.868225 31.457586050
0.409021 1000000 1922365 188701053 1000000 53498 1006.935486 31.600361109
0.406975 1000000 1947093 188732292 1000000 53677 1015.876404 31.590461016
0.404791 1000000 1930599 188716940 1000000 53591 1011.038208 31.469871998
0.405371 1000000 1946566 188753573 1000000 53787 1009.378418 31.450809002
0.408126 1000000 1945250 188793382 1000000 54019 1012.168274 31.542650938
0.40597 1000000 1930087 188692956 1000000 53461 1008.859863 31.553481102
0.405147 1000000 1947931 188815745 1000000 54145 1016.966431 31.496838808
0.403634 1000000 1952392 188762646 1000000 53853 1010.289185 31.248910904
0.403206 1000000 1940766 188654962 1000000 53243 1007.626404 31.229196072
0.403002 1000000 1933951 188761616 1000000 53836 1008.147400 31.256690025
0.404525 1000000 1938372 188792576 1000000 54011 1011.110718 31.323411942
0.405124 1000000 1944213 188707355 1000000 53534 1008.620972 31.222831011
0.405382 1000000 1939665 188754317 1000000 53805 1013.461304 31.383040905
0.40522 1000000 1943138 188699534 1000000 53484 1009.799255 31.250756025
0.405132 1000000 1935338 188653034 1000000 53239 1013.552307 31.409542084
0.404844 1000000 1949091 188748843 1000000 53768 1011.116516 31.268260002
0.406334 1000000 1927222 188632303 1000000 53128 1012.911255 31.410304070
