"Validation time(S)" "Commits" "Aborts" "Val Reads" "Val success" "Val fail" "Energy (J)" "Time(S)"
0.004105 10000 19418 1884847 10000 523 9.711487 0.310817957
0.004071 10000 19244 1893286 10000 570 10.105957 0.313729048
0.004029 10000 19448 1888726 10000 544 10.175049 0.314674854
0.004111 10000 19742 1882494 10000 509 10.020569 0.313119173
0.004098 10000 19476 1887264 10000 536 10.092957 0.312991142
0.003902 10000 19261 1876566 10000 476 10.125549 0.314741850
0.004085 10000 19528 1886964 10000 535 10.060120 0.314090014
0.00405 10000 19219 1884466 10000 521 9.785278 0.313294888
0.004111 10000 19948 1888067 10000 542 10.023254 0.313248873
0.004019 10000 19142 1888025 10000 540 10.101685 0.311640024
0.004041 10000 19653 1888332 10000 542 10.115112 0.313755035
0.004062 10000 19245 1890869 10000 557 10.219299 0.316972971
0.004027 10000 19273 1882160 10000 507 10.018311 0.311471939
0.004111 10000 19471 1886296 10000 531 9.821106 0.313010931
0.004052 10000 19684 1885503 10000 526 9.777222 0.313181877
0.00397 10000 19503 1880339 10000 499 10.136353 0.313275099
0.003939 10000 19366 1886496 10000 532 10.103699 0.313844919
0.004002 10000 18884 1885175 10000 524 9.961304 0.311264992
0.004027 10000 19181 1884502 10000 521 10.025879 0.315481901
0.004145 10000 19270 1881114 10000 502 10.040649 0.314260960
0.004148 10000 19260 1879932 10000 495 10.015442 0.309779882
0.004057 10000 19220 1889121 10000 547 10.059570 0.311182022
0.004018 10000 19173 1883295 10000 513 10.098877 0.313536882
0.004077 10000 19336 1882589 10000 510 10.153442 0.315094948
0.004009 10000 18899 1882391 10000 510 10.137329 0.317124128
0.004139 10000 19337 1885848 10000 529 10.138611 0.313925028
0.004 10000 18977 1890433 10000 554 10.148926 0.314725161
0.004139 10000 17071 1870889 10000 445 10.368774 0.331940889
0.004112 10000 19570 1890224 10000 553 10.080078 0.311527014
0.004122 10000 19753 1887857 10000 540 10.151672 0.313266993
