"Validation time(S)" "Commits" "Aborts" "Val Reads" "Val success" "Val fail" "Energy (J)" "Time(S)"
0.032587 1000000 284 13024103 651156 106 70.233582 1.880270004
0.032466 1000000 296 13032935 651581 121 70.117126 1.878865004
0.033242 1000000 300 13027596 651317 121 70.128418 1.879808903
0.033912 1000000 261 13033337 651632 89 84.955872 2.457067966
0.032503 1000000 270 13025184 651198 116 71.057678 1.883522987
0.032314 1000000 289 13038978 651902 103 73.461731 1.946745872
0.032807 1000000 268 13025123 651212 101 71.864258 1.883341074
0.034259 1000000 285 13047803 652330 114 71.292480 1.885763884
0.032908 1000000 309 13020024 650948 109 71.319946 1.881692886
0.033467 1000000 226 13003129 650132 78 85.736389 2.448600054
0.032986 1000000 279 13028679 651394 94 71.444275 1.882069826
0.032431 1000000 266 13014663 650697 90 70.200439 1.879189014
0.033397 1000000 256 13028588 651390 92 70.483215 1.879416943
0.034508 1000000 237 13038791 651895 98 89.640381 2.463430166
0.033238 1000000 283 13030914 651494 108 71.162109 1.882170916
0.032354 1000000 299 13035240 651711 105 70.512634 1.878422022
0.033089 1000000 267 13023451 651127 99 71.290710 1.880720139
0.033946 1000000 259 13027103 651318 95 86.902283 2.373049021
0.032472 1000000 290 13035304 651703 118 71.398743 1.882255793
0.033779 1000000 246 13033165 651617 96 80.431702 2.237550020
0.032883 1000000 271 13028973 651411 93 72.813171 1.881591082
0.032861 1000000 312 13018667 650857 132 72.855408 1.880725861
0.03285 1000000 275 13035375 651704 119 71.503479 1.880445957
0.033145 1000000 291 13033342 651612 110 72.630005 1.885050774
0.033138 1000000 270 13031128 651510 102 72.763428 1.881979942
0.033364 1000000 286 13023365 651109 115 73.002808 1.884099007
0.032897 1000000 293 13020572 650976 106 72.762512 1.879224062
0.033035 1000000 276 13037089 651800 109 71.257935 1.879561901
0.032742 1000000 294 13028501 651361 118 71.718201 1.877808809
0.033672 1000000 270 13019218 650903 113 72.846558 1.881100178
