"Validation time(S)" "Commits" "Aborts" "Val Reads" "Val success" "Val fail" "Energy (J)" "Time(S)"
0.001397 4096 3 803596 4096 0 0.392334 0.009957075
0.001466 4096 2 803605 4096 0 0.411804 0.011052132
0.001373 4096 0 803594 4096 0 0.385010 0.009943008
0.001414 4096 1 803592 4096 0 0.343872 0.009908915
0.001417 4096 0 803595 4096 0 0.383423 0.009916782
0.001452 4096 1 803596 4096 0 0.371094 0.009990931
0.001438 4096 1 803595 4096 0 0.384521 0.009927988
0.001402 4096 2 803605 4096 0 0.376587 0.010097980
0.001397 4096 0 803594 4096 0 0.381897 0.010030985
0.001473 4096 1 803595 4096 0 0.348145 0.009938002
0.001384 4096 2 803595 4096 0 0.356934 0.009953022
0.001407 4096 1 803595 4096 0 0.392334 0.010113001
0.001418 4096 1 803593 4096 0 0.376892 0.010210037
0.001454 4096 3 803557 4096 0 0.359558 0.010032177
0.001449 4096 1 803559 4096 0 0.376892 0.010761023
0.001419 4096 1 803595 4096 0 0.363525 0.009949207
0.001381 4096 1 803593 4096 0 0.405457 0.009974957
0.001443 4096 0 803597 4096 0 0.392273 0.010056019
0.00142 4096 0 803594 4096 0 0.348877 0.009947062
0.001416 4096 0 803558 4096 0 0.366882 0.010642052
0.001499 4096 1 803552 4096 0 0.373962 0.010820150
