"Validation time(S)" "Commits" "Aborts" "Val Reads" "Val success" "Val fail" "Energy (J)" "Time(S)"
0.002033 4096 10 1146439 4096 2 0.583923 0.017323017
0.002031 4096 1 1145869 4096 0 0.569275 0.017271996
0.002075 4096 19 1146166 4096 1 0.645874 0.018084049
0.002092 4096 12 1146828 4096 3 0.548279 0.017360926
0.002019 4096 14 1145869 4096 0 0.582214 0.017441034
0.002071 4096 0 1145869 4096 0 0.564087 0.017302990
0.00208 4096 8 1146469 4096 2 0.563110 0.017311096
0.002105 4096 2 1145869 4096 0 0.579041 0.017444134
0.002032 4096 19 1145869 4096 0 0.540710 0.017310143
0.002063 4096 1 1146072 4096 1 0.541138 0.017298937
0.002067 4096 4 1145869 4096 0 0.606934 0.017680883
0.002051 4096 1 1146088 4096 1 0.568604 0.017331123
0.002062 4096 7 1146072 4096 1 0.582764 0.017476082
0.002054 4096 1 1145869 4096 0 0.561401 0.017373085
0.002095 4096 0 1145869 4096 0 0.571228 0.017287970
0.002132 4096 2 1146216 4096 1 0.573486 0.017493010
0.002072 4096 0 1145869 4096 0 0.582642 0.017441034
0.002116 4096 29 1146288 4096 1 0.581177 0.017468929
0.002131 4096 22 1145869 4096 0 0.573120 0.017262220
0.002058 4096 7 1145869 4096 0 0.575500 0.017334223
0.002113 4096 13 1146228 4096 1 0.580017 0.017400980
