"Validation time(S)" "Commits" "Aborts" "Val Reads" "Val success" "Val fail" "Energy (J)" "Time(S)"
0.002179 13935 7481 673845 9248 46 3.372559 0.054532051
0.00221 13934 7602 671967 9259 32 3.333801 0.055670023
0.002184 14000 8215 676149 9294 40 3.362000 0.055513859
0.002127 13946 7143 677245 9264 50 3.345581 0.054912090
0.002135 13966 7797 670654 9269 34 3.309204 0.054916859
0.002184 13957 7068 674351 9275 36 3.325623 0.054687977
0.002156 13983 7625 671340 9280 40 3.343201 0.054193974
0.002136 13961 8093 678318 9275 43 3.425415 0.055119038
0.002169 14011 7818 673278 9297 42 3.315796 0.054475069
0.002215 13912 7306 676727 9245 45 3.322327 0.054898977
0.002158 13982 7355 666223 9286 29 3.358948 0.054667950
0.002195 13990 7627 674533 9285 37 3.368530 0.055238008
0.002143 13936 7546 672678 9254 35 3.316711 0.054862976
0.002194 13995 8243 672240 9284 44 3.352417 0.055079937
0.002191 13984 8414 676431 9279 41 3.373108 0.055217981
0.002139 13975 7398 673470 9279 34 3.330078 0.054402113
0.00226 13998 8082 673283 9286 39 3.333496 0.055464983
0.002217 14027 8624 675190 9303 42 3.377075 0.055207968
0.002236 14028 7873 677627 9306 48 3.380737 0.054994822
0.00219 14004 7805 675495 9295 35 3.313660 0.054226875
0.002207 14042 8560 678524 9314 44 3.408508 0.055909157
