"Validation time(S)" "Commits" "Aborts" "Val Reads" "Val success" "Val fail" "Energy (J)" "Time(S)"
0.784717 150000000 4704007 54515110 15005893 166135 236.829834 4.332004070
0.904098 150000000 3940497 57991214 14998199 166876 219.245178 4.050427198
0.738075 150000000 3154387 56971763 14999248 166202 197.407043 3.665158987
0.786908 150000000 4476792 56795630 15003744 173375 230.650879 4.242694855
0.715115 150000000 3286948 56589783 15001270 165873 199.690063 3.669286966
0.715013 150000000 4486838 55848747 15005059 169312 233.701172 4.330060959
0.66449 150000000 3641924 56664316 15001983 164299 208.752991 3.820965052
0.907905 150000000 3773896 57796970 15004783 169047 215.471130 4.003297091
0.918529 150000000 4584693 56790398 15010859 168518 239.148499 4.518011093
1.02055 150000000 4229308 56537343 15004804 167954 228.554016 4.288951159
0.946492 150000000 4957512 57796503 14995555 168783 249.662292 4.679400921
0.963501 150000000 4152123 57566857 15004169 167940 227.112427 4.242937088
0.68167 150000000 3796972 58881053 14993496 171015 212.423096 3.861159086
0.938758 150000000 4787681 56325588 15005305 170699 238.677063 4.393166065
0.80119 150000000 3835880 57252963 15003460 168432 214.094360 3.965720892
1.00491 150000000 5164587 58041596 15009382 172464 252.021362 4.609636068
1.0087 150000000 4726451 56228835 14994707 166166 244.341370 4.591710806
0.898214 150000000 4335889 56960754 15004234 168771 230.507996 4.225157022
0.984645 150000000 4280830 57879953 15002395 165793 227.260803 4.207179070
1.08232 150000000 5017951 55473316 14994633 166636 249.316040 4.652644157
