"Validation time(S)" "Commits" "Aborts" "Val Reads" "Val success" "Val fail" "Energy (J)" "Time(S)"
2.26607 23428141 17371886 530890912 15880894 21111 430.498108 8.301202774
2.37534 23428141 17716456 530989444 15880894 21818 441.285767 8.569966078
2.09924 23428141 16341221 530912807 15880894 22889 398.301025 7.681340933
2.14147 23428141 16735695 528445872 15880894 22286 418.873108 8.117125988
2.07484 23428141 15491010 531320831 15880894 21742 396.140747 7.825895071
1.96952 23428141 15744250 528168687 15880894 21554 400.923035 7.925039053
1.96524 23428141 15531267 528363545 15880894 21353 384.947327 7.514374971
1.94008 23428141 14914687 531689070 15880894 22022 384.251038 7.675962925
1.88236 23428141 14909706 528327542 15880894 23177 380.253723 7.502046824
1.97714 23428141 16101834 528347153 15880894 20894 399.690369 7.799803972
2.02104 23428141 16375266 529075532 15880894 21839 413.084900 8.085854053
1.96742 23428141 14872743 528563932 15880894 21933 379.018982 7.513273954
1.97546 23428141 15607616 531162391 15880894 23266 396.344849 7.874291182
2.09446 23428141 15467283 530078726 15880894 23274 402.100830 8.085098028
2.01239 23428141 15418484 528086231 15880894 21015 385.429199 7.584226847
1.8376 23428141 15096258 530547095 15880894 42966 381.618042 7.558532953
1.80641 23428141 14735526 531028932 15880894 23112 366.464111 7.292868137
2.08109 23428141 16005186 535331413 15880894 22651 406.046814 8.025336981
2.1078 23428141 15634608 528013619 15880894 22268 392.581665 7.687411070
1.97757 23428141 15461113 533164782 15880894 20648 393.620178 7.723044157
1.99537 23428141 15259184 531534925 15880894 28220 386.754822 7.626710892
1.82066 23428141 14994949 528393152 15880894 23745 373.681458 7.423006058
2.02157 23428141 15699846 530206598 15880894 21742 392.918091 7.761031151
