"Validation time(S)" "Commits" "Aborts" "Val Reads" "Val success" "Val fail" "Energy (J)" "Time(S)"
0.003319 54934 77643 1043528 40708 1648 1.503479 0.034484148
0.002662 54934 24786 984197 40708 540 1.508484 0.047788858
0.00343 54934 82822 1059150 40708 1838 1.579712 0.038511992
0.015538 54934 72456 1024454 40708 1315 1.738159 0.051490068
0.015872 54934 87210 1044713 40708 1706 1.290649 0.030117035
0.003349 54934 81189 1042958 40708 1717 0.969666 0.017688036
0.031032 54934 107028 1035217 40708 1413 2.294434 0.046659946
0.003453 54934 75701 1021917 40708 1305 1.943726 0.055460930
0.003411 54934 79174 1046758 40708 1748 0.958252 0.018426180
0.003262 54934 80632 1047938 40708 1787 0.968506 0.016585112
0.017223 54934 73161 1020051 40708 1193 1.880859 0.048519850
0.003364 54934 86077 1058066 40708 1910 1.006714 0.018258810
0.054982 54934 232037 1057848 40708 1945 5.641357 0.113303185
0.003406 54934 82101 1054317 40708 1825 0.971924 0.018255949
0.021081 54934 92250 1012345 40708 1141 2.661682 0.074349165
0.003276 54934 54060 1004491 40708 860 1.827515 0.063895941
0.00317 54934 72995 1040525 40708 1468 0.928528 0.017307043
0.003314 54934 80647 1044903 40708 1755 0.955872 0.016621828
0.031423 54934 146536 1035393 40708 1548 4.325867 0.106806993
0.034009 54934 87640 1030620 40708 1506 2.080627 0.062723875
0.017131 54934 89531 1031463 40708 1545 1.694092 0.044424057
0.003401 54934 84583 1047364 40708 1817 0.981445 0.016800880
0.016813 54934 225971 1054861 40708 1881 5.811707 0.121520042
