"Validation time(S)" "Commits" "Aborts" "Val Reads" "Val success" "Val fail" "Energy (J)" "Time(S)"
7.6e-05 2746 1 35514 2746 0 0.306641 0.007858038
9.8e-05 2746 253 35514 2746 0 0.759216 0.027231932
9.3e-05 2746 244 35514 2746 0 0.769409 0.029268980
7.1e-05 2746 8 35514 2746 0 0.323730 0.009185076
7.7e-05 2746 2 35514 2746 0 0.283875 0.008011818
7.2e-05 2746 1 35514 2746 0 0.307190 0.009598970
6.8e-05 2746 0 35514 2746 0 0.589050 0.022299051
8.3e-05 2746 2 35514 2746 0 0.247864 0.006891966
9.3e-05 2746 1 35514 2746 0 0.288513 0.009166002
0.000101 2746 257 35514 2746 0 0.299744 0.009114027
8e-05 2746 1 35514 2746 0 0.314697 0.009716988
0.000108 2746 271 35514 2746 0 0.242371 0.007267952
8.6e-05 2746 1712 35514 2746 0 0.655823 0.026081800
0.000102 2746 294 35514 2746 0 0.330383 0.010360003
0.000106 2746 259 35514 2746 0 0.262634 0.008072853
9.1e-05 2746 267 35514 2746 0 0.278870 0.009359121
0.000102 2746 264 35514 2746 0 0.623901 0.021581888
8.2e-05 2746 2 35514 2746 0 0.559753 0.021529913
8.1e-05 2746 966 35514 2746 0 0.226135 0.005045176
6.7e-05 2746 218 35514 2746 0 0.279846 0.006134033
0.000105 2746 1235 35514 2746 0 0.207214 0.005274057
9e-05 2746 478 35514 2746 0 0.269775 0.006981134
5.9e-05 2746 0 35514 2746 0 0.322876 0.009272099
