"Validation time(S)" "Commits" "Aborts" "Val Reads" "Val success" "Val fail" "Energy (J)" "Time(S)"
0.000786 21861 2336 415077 21861 0 1.165405 0.034896851
0.000791 21861 80 415077 21861 0 1.235291 0.038400173
0.000938 21861 2737 415077 21861 0 1.162292 0.034715176
0.000758 21861 434 415077 21861 0 1.152039 0.034891129
0.000962 21861 6255 415077 21861 0 1.113464 0.035897017
0.000976 21861 19636 415077 21861 0 1.310303 0.031865120
0.000935 21861 4462 415077 21861 0 1.048645 0.029738903
0.000983 21861 4225 415077 21861 0 1.177551 0.037168026
0.000859 21861 7823 415077 21861 0 0.961426 0.017969131
0.000888 21861 9042 415077 21861 0 1.040649 0.029016972
0.000749 21861 105 415077 21861 0 1.326233 0.046766996
0.000778 21861 1914 415077 21861 0 1.181091 0.032972097
0.000799 21861 3727 415077 21861 0 1.406799 0.045120955
0.00073 21861 4150 415077 21861 0 1.095398 0.032849073
0.000725 21861 1689 415077 21861 0 1.182983 0.035870075
0.000767 21861 707 415077 21861 0 1.208862 0.034432888
0.000869 21861 8643 415077 21861 0 0.933655 0.020129204
0.00077 21861 5 415077 21861 0 1.521423 0.052317858
0.000978 21861 6070 415077 21861 0 1.119141 0.030651093
0.000797 21861 1 415077 21861 0 1.315002 0.044671059
0.000862 21861 9498 415077 21861 0 0.950500 0.022028923
0.000883 21861 2014 415077 21861 0 1.124756 0.032445908
0.000741 21861 7556 415077 21861 0 0.909729 0.017414808
