"Validation time(S)" "Commits" "Aborts" "Val Reads" "Val success" "Val fail" "Energy (J)" "Time(S)"
6.3e-05 2746 1 35514 2746 0 0.433533 0.012574911
8.9e-05 2746 0 35514 2746 0 0.484985 0.014961958
7.9e-05 2746 156 35514 2746 0 0.805176 0.030530930
8.1e-05 2746 1 35514 2746 0 0.457336 0.014715195
8.6e-05 2746 34 35514 2746 0 0.576721 0.021679163
7e-05 2746 0 35514 2746 0 0.416321 0.013886213
9.3e-05 2746 87 35514 2746 0 0.671753 0.023386955
0.000102 2746 66 35514 2746 0 0.297729 0.007116079
7.6e-05 2746 2 35514 2746 0 0.419800 0.013763905
9e-05 2746 250 35514 2746 0 0.387756 0.012092113
7.8e-05 2746 0 35514 2746 0 0.385681 0.010979176
9.6e-05 2746 233 35514 2746 0 0.325134 0.008028030
8.4e-05 2746 415 35514 2746 0 0.333069 0.007587910
9.8e-05 2746 2 35514 2746 0 0.740295 0.029286146
7.5e-05 2746 274 35514 2746 0 0.580994 0.020741940
7.8e-05 2746 7 35514 2746 0 0.386536 0.012212038
0.000104 2746 99 35514 2746 0 0.413452 0.011782169
8.2e-05 2746 0 35514 2746 0 0.369751 0.010338068
0.000103 2746 52 35514 2746 0 0.579590 0.021332026
8.3e-05 2746 131 35514 2746 0 0.744324 0.023683786
0.000105 2746 125 35514 2746 0 0.336670 0.010529995
0.000119 2746 160 35514 2746 0 0.449890 0.014526129
0.00011 2746 83 35514 2746 0 0.392700 0.012445927
