"Validation time(S)" "Commits" "Aborts" "Val Reads" "Val success" "Val fail" "Energy (J)" "Time(S)"
0.004522 87397 116000 2184549 87397 0 147.405701 2.790640116
0.004298 87397 84772 2184549 87397 0 177.370667 3.455162048
0.004626 87397 106962 2184549 87397 0 119.311462 2.300127983
0.004687 87397 152316 2184549 87397 0 182.221008 3.568935871
0.020466 87397 220131 2184549 87397 0 121.582092 2.396006107
0.004627 87397 214199 2184549 87397 0 165.215698 3.195986032
0.004425 87397 84140 2184549 87397 0 160.462891 3.087916851
0.004698 87397 137786 2184549 87397 0 176.904846 3.414140940
0.004773 87397 142959 2184549 87397 0 118.435852 2.337563038
0.004608 87397 98782 2184549 87397 0 120.388184 2.304259062
0.019948 87397 142410 2184549 87397 0 144.351929 2.762626886
0.004677 87397 144928 2184549 87397 0 137.641052 2.629526854
0.004805 87397 159297 2184549 87397 0 141.624268 2.747438908
0.004511 87397 75096 2184549 87397 0 191.061462 3.653796911
0.004533 87397 115585 2184549 87397 0 143.075928 2.740186930
0.004735 87397 159893 2184549 87397 0 149.124817 2.799369097
0.004407 87397 80276 2184549 87397 0 132.800720 2.587161064
0.004328 87397 124218 2184549 87397 0 125.267761 2.367038965
0.004299 87397 85409 2184549 87397 0 143.863220 2.781260967
0.004504 87397 144710 2184549 87397 0 149.654968 2.920437813
0.004564 87397 122164 2184549 87397 0 133.962219 2.571165085
0.004684 87397 94925 2184549 87397 0 215.572876 4.156248093
0.004297 87397 78482 2184549 87397 0 150.195801 2.912783861
