"Validation time(S)" "Commits" "Aborts" "Val Reads" "Val success" "Val fail" "Energy (J)" "Time(S)"
1.1e-05 156 49 2565 140 0 0.509583 0.012133837
1.1e-05 156 67 2567 140 0 0.804932 0.022234917
2.3e-05 156 32 2583 140 0 0.586243 0.020038128
1.6e-05 156 35 2537 139 0 0.505310 0.014213085
7e-06 156 47 2590 140 0 0.483276 0.012477875
1.1e-05 156 33 2572 140 0 0.480957 0.014551878
8e-06 156 66 2560 140 0 0.553284 0.014906883
8e-06 156 11 2553 140 0 0.759033 0.028162956
7e-06 156 27 2571 140 0 0.495178 0.016113997
1.1e-05 156 22 2531 140 0 0.604858 0.020323992
6e-06 156 54 2596 140 0 0.590332 0.016633034
8e-06 156 18 2544 140 0 0.486267 0.015627861
9e-06 156 21 2581 140 0 0.471313 0.015689850
7e-06 156 14 2562 140 0 0.456055 0.014212847
7e-06 156 40 2554 139 0 0.493774 0.014485121
9e-06 156 30 2540 140 0 0.447449 0.012916088
1.3e-05 156 32 2536 140 0 0.522766 0.016325951
9e-06 156 50 2568 140 0 0.586975 0.017618179
1.3e-05 156 52 2539 140 0 0.499084 0.015004873
1.3e-05 156 80 2544 140 0 0.736694 0.021122932
6e-06 156 44 2626 140 0 0.631714 0.019568205
1.1e-05 156 43 2578 140 0 0.512207 0.015893936
8e-06 156 27 2534 139 0 0.539368 0.017621040
