"Validation time(S)" "Commits" "Aborts" "Val Reads" "Val success" "Val fail" "Energy (J)" "Time(S)"
90.4154 200000 1065789 7932629371 381920 173260 2578.942261 50.970921993
83.2217 200000 1014059 7723988656 382236 173506 2456.539795 47.606955051
82.4403 200000 945937 8097684057 381804 193509 2320.900818 46.538980961
90.4308 200000 1081327 8025143922 381954 180884 2537.103149 49.780771017
88.3151 200000 1165831 8115603663 381789 188120 2595.431763 49.767445803
85.9859 200000 1074755 7661430848 381758 163356 2555.536682 48.815638065
81.0741 200000 1020131 7659939439 381725 169019 2393.188721 46.757377148
81.7428 200000 979291 7548646259 381933 160517 2385.728516 48.006711960
80.8512 200000 1019082 7783499164 382128 175736 2412.070374 47.468099117
82.1175 200000 949908 7992862120 382227 185656 2428.048401 48.139387131
89.3063 200000 1088565 8012455691 381500 183620 2635.400330 49.976439953
92.7721 200000 1079794 8145125123 381435 185733 2604.335571 51.415868044
79.3664 200000 1001492 7664164000 381758 164488 2416.892944 47.356066942
