"Validation time(S)" "Commits" "Aborts" "Val Reads" "Val success" "Val fail" "Energy (J)" "Time(S)"
35.7669 400000 403607 4293181652 242408 57570 909.740356 15.224641085
32.5153 400000 407984 4287636391 242570 58216 909.594238 15.249479055
32.3791 400000 404245 4317137495 242969 57924 904.486023 15.221415997
31.2312 400000 459147 4267809052 242356 56435 899.855774 15.111003876
33.5828 400000 420610 4286844027 242663 58879 899.884583 15.151333094
38.1954 400000 391164 4268974349 241938 56830 868.363037 14.524123192
32.1622 400000 457158 4291534484 242356 57363 917.241211 15.321405172
32.8137 400000 393972 4273440764 241907 58001 887.664856 14.707166195
30.7915 400000 383991 4243954109 242141 57041 873.683289 14.799491167
30.8314 400000 370103 4277729944 242447 56881 883.180359 14.670861006
33.1037 400000 411853 4252647695 241923 56597 901.074829 14.925763130
35.9116 400000 414584 4320299724 242757 59743 912.519165 15.127328873
30.8347 400000 390126 4285077708 242206 57629 885.855103 14.704932928
