"Validation time(S)" "Commits" "Aborts" "Val Reads" "Val success" "Val fail" "Energy (J)" "Time(S)"
6.12921 100000000 31727162 1342233342 10001671 6424754 930.137085 17.266475916
6.56753 100000000 33845078 1398709166 9997612 5221302 1122.114746 20.432404041
6.41675 100000000 34639612 1373322262 10005177 5419316 1076.208130 19.731249809
5.37054 100000000 32033527 1327623674 9999238 4555588 1067.220764 19.621795893
5.53369 100000000 31951797 1305226140 9999110 5233055 994.697632 18.267475843
6.42733 100000000 34602976 1395316956 9996758 4856257 1139.335327 20.562711000
5.54029 100000000 32041167 1337452429 9996305 5178792 1013.416260 18.697722912
5.82854 100000000 31487525 1317446962 9997300 5886579 949.435242 17.444063902
6.23741 100000000 33371839 1340373522 9996190 5743157 1020.679321 18.631990910
7.20194 100000000 34715541 1425055862 10003456 5692802 1093.917908 19.950619936
5.71037 100000000 32115355 1370330043 9996380 5333027 1034.685181 19.083386898
5.23158 100000000 31853262 1278534119 9998642 5707107 902.018616 16.586327076
5.42386 100000000 31824711 1343973431 10000670 5277395 1001.305847 18.427297115
