"Validation time(S)" "Commits" "Aborts" "Val Reads" "Val success" "Val fail" "Energy (J)" "Time(S)"
0.095065 15000000 1370303 24174022 436664 7 133.829895 2.464712858
0.070142 15000000 1084112 24130968 435262 2 136.846924 2.784369946
0.083112 15000000 1120647 24018381 434197 4 139.800964 2.982679844
0.081853 15000000 1187954 24167369 437018 4 144.112244 3.050022125
0.088213 15000000 1891769 24647288 446168 1 169.984863 3.476675034
0.068713 15000000 1423541 24122223 435782 1 150.865051 3.176105976
0.084135 15000000 1101614 23971022 432456 3 141.171021 2.977340937
0.081476 15000000 1574660 24185206 435463 1 162.906067 3.585092068
0.101532 15000000 1319692 23928554 430733 0 154.409851 3.374222994
0.082002 15000000 1019947 24276193 438348 1 132.565918 2.706492186
0.083018 15000000 1367726 24254272 437752 6 153.641174 3.344693899
0.068687 15000000 962726 24192508 437461 1 142.245789 3.176228046
0.076573 15000000 1504493 23905343 431357 2 153.323181 3.236347914
0.102732 15000000 1827011 24162293 436739 1 161.268494 3.404013872
0.06958 15000000 1453283 24066808 433591 2 149.384888 3.169775963
0.070069 15000000 1949755 24207463 437235 2 165.251282 3.344607115
0.099343 15000000 1609664 24471205 442968 3 163.786560 3.461312056
0.069277 15000000 1174454 24414172 441342 1 139.327332 2.750596046
0.072006 15000000 1248463 24490609 442792 4 143.169678 3.014312983
0.098475 15000000 1452198 24196374 437848 4 163.119873 3.640421152
0.068137 15000000 1150001 24102404 434525 1 150.801819 3.220194101
0.100193 15000000 1607685 24455968 441704 4 149.886963 2.918926001
0.083589 15000000 1060918 24113676 435082 1 145.720276 3.109344959
0.070239 15000000 1189253 24229585 438008 6 138.322937 2.688966990
0.097133 15000000 1646761 24200528 436008 1 156.379272 3.088538885
0.074715 15000000 1646108 24901053 450721 8 152.113098 2.908128977
0.087497 15000000 1374312 25075308 455305 5 142.775330 2.847707987
0.068215 15000000 1116231 24036667 434031 1 139.778992 2.838608027
0.070628 15000000 1094628 24440565 441324 3 133.117920 2.433336973
0.110012 15000000 1177115 24205211 438178 3 140.569641 2.708297014
0.070599 15000000 1100651 24476685 443442 6 137.529541 2.655086994
