"Validation time(S)" "Commits" "Aborts" "Val Reads" "Val success" "Val fail" "Energy (J)" "Time(S)"
0.029459 25000000 98859 3979766 80277 2 95.945007 1.839343071
0.012051 25000000 22575 3911802 78707 1 95.441040 1.940678835
0.012005 25000000 28566 3914048 78901 0 95.473206 1.954653978
0.011811 25000000 16824 3884158 78206 0 91.279724 1.789041042
0.011928 25000000 77329 3890428 78250 0 94.000488 1.857796907
0.011953 25000000 23537 3898568 78438 0 94.237732 1.903945923
0.01205 25000000 61235 3920107 78820 0 92.669495 1.803967953
0.011904 25000000 104024 3965276 80128 2 96.908569 1.932540178
0.012052 25000000 82941 3908996 78614 1 98.282471 2.016418934
0.011951 25000000 13107 3909270 78712 0 91.653137 1.798710108
0.011955 25000000 29043 3898829 78467 2 92.955322 1.846510887
0.025679 25000000 63030 3889931 78300 1 94.008240 1.854387999
0.01191 25000000 56393 3957116 79533 0 93.803833 1.860919952
0.011808 25000000 57533 3904556 78514 0 95.873779 1.956241131
0.011904 25000000 77063 3921011 78866 0 95.067444 1.876168013
0.012335 25000000 94296 3937535 79308 0 96.298035 1.929414034
0.011898 25000000 43790 3875153 77732 2 96.282837 1.961529970
0.011952 25000000 55782 3898054 78272 0 95.468628 1.926203966
0.012228 25000000 49749 3947170 79455 0 94.433838 1.879040003
0.011963 25000000 23220 3894269 78381 0 95.393005 1.951320887
0.011955 25000000 44360 3899367 78299 0 96.896240 1.970370054
0.011991 25000000 72342 3898866 78456 0 99.241333 2.017425060
0.012063 25000000 110655 3910024 78633 2 98.777283 1.957344055
0.012069 25000000 173204 3913919 78798 1 100.291687 1.977492094
0.011807 25000000 87565 3919564 78882 1 95.490173 1.842376947
0.012427 25000000 159546 3932786 79214 2 98.365173 1.906193972
0.012108 25000000 106232 3909516 78555 0 99.636230 1.975047112
0.011919 25000000 110932 3926127 78851 0 99.936523 1.978456020
0.011991 25000000 52551 3937688 79241 1 94.180725 1.832093954
0.011968 25000000 95207 3931329 79024 2 98.454102 1.940231085
0.01199 25000000 137656 3908810 78483 0 101.136353 2.031670094
