"Validation time(S)" "Commits" "Aborts" "Val Reads" "Val success" "Val fail" "Energy (J)" "Time(S)"
2.07934 1000000 30824 293864568 94143 1782 311.083862 5.029700994
2.3454 1000000 35757 294111065 94109 1794 309.608948 5.033842087
2.17888 1000000 21521 296540955 94848 1800 312.806885 5.155200005
2.37299 1000000 24339 293558525 94414 1859 312.519165 5.004750013
2.19487 1000000 30873 298832266 95783 1757 316.212463 4.979788065
2.40478 1000000 23969 294078754 94557 1732 311.967041 4.992403984
2.57756 1000000 27413 300183164 94634 1830 316.103516 5.058876038
2.32801 1000000 24577 295087537 93884 1764 313.670044 4.983283997
2.53583 1000000 24986 295627143 94468 1826 313.809448 5.038881063
2.46103 1000000 46925 296060601 94979 1743 317.521179 5.041930199
2.45948 1000000 28629 298866793 94629 1704 322.880188 5.191406965
2.03096 1000000 21914 296632629 94974 1776 317.455139 5.069456100
2.27724 1000000 21417 294919282 94421 1786 316.802429 5.060393095
2.48866 1000000 21473 300235045 94604 1752 318.846680 5.097405910
2.41743 1000000 21094 294349375 94341 1745 311.521118 4.969532013
2.37589 1000000 25924 289927648 94235 1758 310.645447 4.951339006
2.23686 1000000 29113 295613017 94955 1761 311.677917 4.977688074
2.11313 1000000 28640 296408948 94162 1713 310.559753 4.958044767
2.40038 1000000 29046 291181013 94412 1818 309.879272 4.975020885
2.56439 1000000 29351 294385581 94342 1654 321.071899 5.161311150
