"Validation time(S)" "Commits" "Aborts" "Val Reads" "Val success" "Val fail" "Energy (J)" "Time(S)"
1.95274 80000000 8883452 304329307 8000071 225061 484.623901 8.977523804
1.84416 80000000 8595267 293044872 7996982 226944 479.288147 9.090804100
2.18628 80000000 9364724 297615739 7996743 228309 503.408691 9.402382851
1.86981 80000000 7760656 306721812 8002042 219426 470.821777 8.714504957
2.14495 80000000 7834529 309751813 7996811 213767 477.113708 8.791292191
1.76816 80000000 7153596 308024544 8002422 206719 462.052612 8.665336847
1.67875 80000000 7887425 293784837 8000528 220353 466.388184 8.736151934
1.49077 80000000 7846739 272094803 7997179 227793 442.092773 8.246767044
1.6381 80000000 7926182 297270957 7994663 221817 467.501282 8.743278027
1.91264 80000000 8022260 305769925 8002105 244325 460.867126 8.461082220
1.80242 80000000 7771653 296040671 7994267 226787 456.539612 8.495446920
1.80236 80000000 7596706 296863831 7996333 223540 444.681641 8.233402014
1.85081 80000000 8151128 293879431 7997579 211472 479.628113 9.019853115
1.91351 80000000 7752260 335623779 7996398 231217 485.652283 8.933105946
1.75872 80000000 7569320 310892963 7999813 215876 473.484253 8.805568933
1.82249 80000000 7379499 318980567 7997713 228937 463.821289 8.584678173
1.81225 80000000 7275530 309560466 7998445 211431 465.967529 8.599353075
1.7866 80000000 7197896 296072189 8001178 217180 444.970764 8.244999886
1.94937 80000000 7806634 287031200 7999052 226210 452.615662 8.394603014
1.68665 80000000 7302453 290643186 8003175 213664 445.816345 8.322360992
