"Validation time(S)" "Commits" "Aborts" "Val Reads" "Val success" "Val fail" "Energy (J)" "Time(S)"
0.940706 22362319 389935 22362342 22362319 0 205.477234 6.269404888
0.816238 22362317 352271 22362340 22362317 0 202.944031 6.232269049
0.75305 22362315 292924 22362338 22362315 0 201.155396 6.223292112
0.806093 22362317 350752 22362340 22362317 0 205.414551 6.298795938
0.929829 22362315 335744 22362338 22362315 0 204.832153 6.247226000
0.80835 22362315 290442 22362338 22362315 0 202.466187 6.201570034
0.896973 22362319 354057 22362342 22362319 0 205.198120 6.251546860
0.893049 22362315 271197 22362338 22362315 0 203.891479 6.246752977
0.838063 22362315 330312 22362338 22362315 0 205.564209 6.251003027
0.867052 22362315 297193 22362338 22362315 0 203.493835 6.248583078
0.803818 22362313 316394 22362336 22362313 0 204.599121 6.267935038
0.789331 22362311 365191 22362334 22362311 0 205.319458 6.283817768
0.931613 22362315 324941 22362338 22362315 0 203.194214 6.228616238
0.916117 22362319 379861 22362342 22362319 0 205.251465 6.247277737
0.898608 22362315 388990 22362338 22362315 0 206.139099 6.292572021
0.850672 22362317 338578 22362340 22362317 0 204.491150 6.278252125
0.88144 22362317 326582 22362340 22362317 0 204.408447 6.257844925
0.947246 22362317 351287 22362340 22362317 0 205.878479 6.282020092
0.827731 22362315 301700 22362338 22362315 0 203.999878 6.242112875
0.83332 22362319 305383 22362342 22362319 0 203.832458 6.249067068
0.82857 22362319 343928 22362342 22362319 0 205.392578 6.279453993
0.821308 22362315 372833 22362338 22362315 0 204.780090 6.248733044
1.07084 22362319 392525 22362342 22362319 0 206.193970 6.283146143
