"Validation time(S)" "Commits" "Aborts" "Val Reads" "Val success" "Val fail" "Energy (J)" "Time(S)"
0.031604 10000 374398 1989426 10000 1108 20.423645 0.364727974
0.006488 10000 347433 1994833 10000 1137 20.330139 0.365892887
0.006483 10000 326243 1995013 10000 1139 19.531982 0.344240904
0.006461 10000 345351 1982076 10000 1067 20.487732 0.366955042
0.0265 10000 349337 1992329 10000 1124 19.984741 0.350697994
0.0063 10000 375395 1994701 10000 1137 21.368958 0.395447016
0.038381 10000 360263 1985718 10000 1087 20.400574 0.364777088
0.022484 10000 366479 1996825 10000 1149 19.658936 0.343671083
0.006377 10000 328198 1982259 10000 1068 19.539673 0.346130133
0.054499 10000 358374 1995195 10000 1139 19.517456 0.338498116
0.00652 10000 370898 1991821 10000 1121 20.900818 0.375846863
0.0269 10000 400685 1999190 10000 1162 22.298462 0.396784067
0.006556 10000 281565 2013299 10000 1241 18.014160 0.316740990
0.006442 10000 351336 1990003 10000 1110 19.403381 0.341089964
0.02243 10000 323224 2012441 10000 1235 19.834717 0.346101046
0.006302 10000 411635 1979929 10000 1054 23.073364 0.414422035
0.00663 10000 247168 2015120 10000 1252 17.065125 0.296494007
0.00654 10000 302527 2000138 10000 1167 17.961792 0.309216022
0.038547 10000 322673 2004278 10000 1190 18.219849 0.315922022
0.022385 10000 380899 1984449 10000 1080 20.776062 0.387312889
0.006467 10000 296438 1992935 10000 1127 17.971497 0.310539007
0.022367 10000 437860 1971609 10000 1008 21.724121 0.383610964
0.006623 10000 340087 2002065 10000 1178 19.945679 0.351019144
0.00642 10000 350701 2006213 10000 1201 20.720337 0.369697094
0.006438 10000 380769 1997318 10000 1152 22.561401 0.404898167
0.006455 10000 323208 1996266 10000 1145 20.481262 0.366119862
0.022553 10000 312852 2000774 10000 1170 19.031982 0.328981161
0.010613 10000 311194 2021942 10000 1288 20.126770 0.352539062
0.006621 10000 281574 2011193 10000 1229 17.817200 0.305268049
0.006576 10000 250620 2007948 10000 1211 17.480652 0.305541039
0.006532 10000 331465 2003809 10000 1189 20.178284 0.350342035
