"Validation time(S)" "Commits" "Aborts" "Val Reads" "Val success" "Val fail" "Energy (J)" "Time(S)"
4.92662 4194304 2229528 1662185666 4161829 32462 639.143677 15.506040096
4.92131 4194304 2007455 1661971155 4161855 32030 622.160767 14.962108850
4.87576 4194304 2140325 1662403936 4161879 32827 624.444702 14.971761942
4.90815 4194304 1993412 1662267534 4161769 32691 626.045288 15.074156046
4.86297 4194304 2013273 1662469222 4161788 33041 627.424744 15.027251959
4.8543 4194304 1870762 1662295678 4161860 32670 617.567078 14.776186943
4.88453 4194304 2343744 1662341565 4161857 32797 641.348999 15.405483961
4.86468 4194304 2127240 1662672131 4161829 33444 630.235291 15.045522928
4.85408 4194304 2045795 1661511115 4161815 32264 622.952759 14.795925140
4.89526 4194304 2150459 1661343295 4161799 31921 633.337830 15.271679163
4.85369 4194304 2366095 1662485529 4161818 33129 654.499390 15.942439079
4.95092 4194304 1914274 1662405311 4161826 32909 630.198792 15.317355156
4.873 4194304 1984966 1662135238 4161843 32347 623.631714 14.816966057
4.9321 4194304 1997162 1662213929 4161831 32579 624.876953 14.947493076
4.82002 4194304 1984465 1662308627 4161813 32705 622.655823 14.863057852
4.90687 4194304 2004832 1662347631 4161817 32838 627.374451 15.197853804
4.83446 4194304 2050497 1662144522 4161894 32376 632.811340 15.311203957
4.97258 4194304 2029261 1661981237 4161816 32142 628.921448 15.102592945
4.98592 4194304 2172162 1662337304 4161818 32653 637.244324 15.357377052
4.9058 4194304 1966060 1662204616 4161824 32562 627.814819 15.099200964
4.9099 4194304 2453528 1662472385 4161839 33081 653.807251 15.835338116
4.80871 4194304 2255418 1662320862 4161796 32784 645.624756 15.641048193
4.86781 4194304 2144299 1662120363 4161820 32408 636.770630 15.258882999
