"Validation time(S)" "Commits" "Aborts" "Val Reads" "Val success" "Val fail" "Energy (J)" "Time(S)"
3.05037 4194304 1243960 1189971032 4187796 14935 369.119324 8.688662052
3.04153 4194304 1202065 1190033535 4187786 15102 366.289368 8.592288017
3.04456 4194304 1255746 1190172153 4187780 15572 382.066162 9.160109997
2.99803 4194304 1131630 1190022972 4187775 15144 368.419617 8.688642979
2.98883 4194304 1219383 1190021472 4187784 15106 371.347839 8.677679062
3.06069 4194304 1443279 1190189964 4187787 15639 385.156616 9.121854782
2.99735 4194304 1075578 1190143614 4187783 15422 357.491699 8.233223915
3.10727 4194304 1367934 1190051326 4187787 15162 380.542053 8.954312086
2.99895 4194304 1285754 1190148208 4187775 15495 374.382507 8.829900026
3.05343 4194304 1235990 1190067838 4187781 15245 371.222656 8.673403978
2.9815 4194304 1343502 1190064778 4187786 15328 378.123047 8.911934137
2.97607 4194304 1257501 1189988771 4187782 14978 377.563782 9.077234983
3.0262 4194304 1101542 1189933667 4187788 14824 368.023499 8.708529949
3.01761 4194304 1125219 1190054130 4187765 15205 366.369446 8.619518042
2.97015 4194304 1192333 1190094590 4187781 15333 368.237854 8.646367073
3.02998 4194304 1159013 1190048466 4187785 15144 367.875122 8.605481863
3.04099 4194304 1243826 1189996858 4187780 14958 373.156982 8.735025883
3.00121 4194304 1194943 1190015933 4187789 15090 372.543884 8.809731960
3.03809 4194304 1154952 1189974879 4187778 15020 370.150208 8.695809841
3.05069 4194304 1381408 1190190106 4187771 15644 382.625793 9.026368141
3.01365 4194304 1186046 1190036300 4187793 15132 375.627380 8.874677181
2.99146 4194304 1180723 1190132617 4187779 15446 369.720459 8.607550144
2.98724 4194304 1246352 1190081050 4187786 15212 376.101379 8.837106943
