"Validation time(S)" "Commits" "Aborts" "Val Reads" "Val success" "Val fail" "Energy (J)" "Time(S)"
0.003534 14092 68074 719423 9223 245 10.051880 0.288054943
0.017635 14150 77662 708509 9272 206 7.942871 0.180617809
0.003367 14254 96202 736082 9325 274 12.141602 0.355021000
0.003425 14263 84186 730608 9342 240 10.388855 0.282908916
0.018081 14488 94344 736935 9486 237 12.741577 0.413349152
0.018521 14174 78331 725322 9299 248 9.683960 0.263707876
0.003334 14292 80264 722584 9361 227 11.569214 0.360294104
0.018111 14122 124239 715491 9205 238 11.855591 0.308860064
0.019398 14231 53279 730115 9345 247 9.472717 0.280947208
0.003386 14276 87558 736144 9348 260 9.861389 0.243043900
0.003441 14194 82797 722093 9290 230 9.895142 0.272356033
0.017121 14302 62171 715197 9372 199 9.821533 0.296530962
0.018005 14361 74667 742222 9401 276 9.683655 0.255583048
0.00362 14320 66952 724939 9384 222 8.027405 0.181671143
0.0164 14268 73238 728065 9351 253 8.893921 0.227829933
0.016506 14478 111143 732413 9461 240 13.129150 0.403960943
0.00325 14074 63310 729036 9239 261 7.568298 0.168326139
0.003316 14311 64929 738417 9373 267 8.353943 0.207218170
0.003411 14397 96318 721698 9397 229 10.366577 0.274178982
0.003418 14132 99586 713516 9209 237 11.682129 0.338739157
0.003273 14298 53622 737832 9350 265 8.884949 0.236367941
0.003152 14270 48337 728271 9344 257 7.464050 0.184522867
0.021839 14213 88174 721949 9300 232 9.541504 0.234875917
