"Validation time(S)" "Commits" "Aborts" "Val Reads" "Val success" "Val fail" "Energy (J)" "Time(S)"
0.009601 50000000 120244 720601 512563 11 91.430298 1.862833977
0.010064 50000000 74313 730909 519561 12 90.290955 1.832726002
0.00992 50000000 74251 730634 519158 13 88.940125 1.821144104
0.009823 50000000 79967 732396 520354 10 89.118958 1.817918062
0.010194 50000000 74115 734738 520950 6 89.139465 1.816655874
0.009865 50000000 73948 729737 518459 7 89.505859 1.824083805
0.009873 50000000 73666 728734 518176 11 89.138611 1.816231012
0.009694 50000000 74802 731073 518899 11 89.238464 1.818523169
0.009787 50000000 212467 692661 499296 70 88.921204 1.812819004
0.009907 50000000 74485 731212 519839 8 89.154175 1.821960926
0.009911 50000000 73989 727475 517449 8 89.303223 1.819297791
0.009843 50000000 74682 735152 521117 10 89.261475 1.819190979
0.009861 50000000 72450 726675 516831 10 89.265320 1.818793058
0.009847 50000000 75362 732490 520256 5 89.183594 1.821053028
0.009675 50000000 74397 729240 518498 7 89.145264 1.817881823
0.009832 50000000 74485 738140 522659 3 89.169128 1.817270041
0.009893 50000000 74146 724297 515482 10 89.335327 1.820349932
0.009949 50000000 74720 729035 518069 8 89.421631 1.822638035
0.009667 50000000 74102 729110 518092 10 89.669495 1.837507010
0.009896 50000000 73473 729235 518900 12 88.901245 1.814808130
0.00969 50000000 73303 731528 518984 7 89.185181 1.816052914
0.009914 50000000 75015 737317 522252 7 89.153564 1.816588879
