"Validation time(S)" "Commits" "Aborts" "Val Reads" "Val success" "Val fail" "Energy (J)" "Time(S)"
0.003745 54926 248852 1305022 35058 1002 0.635925 0.008980036
0.00376 54926 244316 1301294 35256 1049 0.636414 0.009367943
0.00385 54926 249746 1307140 35030 1263 0.669983 0.009670973
0.003838 54926 267157 1305831 35032 1257 0.656677 0.009910107
0.003732 54926 243545 1295829 35157 985 0.648865 0.009072065
0.003829 54926 249006 1301266 35107 1020 0.637817 0.009066105
0.003724 54926 257837 1295687 34857 1163 0.681580 0.009763002
0.003656 54926 238903 1300460 35105 681 0.641235 0.009032011
0.003807 54926 257750 1301684 35124 1152 0.677734 0.009773970
0.003742 54926 245771 1315048 35255 999 0.672546 0.009431124
0.00364 54926 238513 1304879 35301 736 0.614136 0.008682013
0.003782 54926 259274 1302044 35059 1443 0.662415 0.009968042
0.003774 54926 249705 1301745 35032 1168 0.648071 0.008785009
0.003766 54926 265879 1302211 35137 1011 0.628723 0.009953022
0.003712 54926 252031 1297667 34873 1085 0.680115 0.009344101
0.003867 54926 253638 1305464 35030 1294 0.666260 0.009677887
0.003709 54926 251292 1302346 35009 1168 0.655334 0.009253979
0.003814 54926 248218 1291793 35000 907 0.635254 0.009127855
0.003672 54926 243543 1298982 35095 839 0.649414 0.008630991
0.003699 54926 231683 1305276 35267 922 0.636658 0.008625031
0.003636 54926 238172 1310251 35140 556 0.684998 0.009772062
0.003908 54926 244481 1304723 35327 881 0.632690 0.008797884
0.003668 54926 237901 1305854 35109 553 0.641174 0.008781910
0.003729 54926 259787 1307980 35116 1115 0.653137 0.008838177
0.00386 54926 263024 1308857 35057 1444 0.663025 0.010071993
0.003838 54926 244516 1314483 35216 1087 0.642883 0.008769989
0.003804 54926 247487 1307809 35106 966 0.672546 0.009556055
0.003862 54926 252072 1303403 34962 1182 0.664307 0.009711981
0.003724 54926 245676 1307553 35111 1201 0.634705 0.009804964
0.003858 54926 269771 1308398 35190 1058 0.684753 0.010127068
0.003885 54926 250738 1306486 35299 1070 0.646729 0.009414911
