"Validation time(S)" "Commits" "Aborts" "Val Reads" "Val success" "Val fail" "Energy (J)" "Time(S)"
1.12317 23428133 55923782 576160834 10165569 37803 231.032715 3.713395834
1.12949 23428133 57194704 575553918 10159027 37115 231.159180 3.706915140
1.11818 23428133 58748115 575641857 10163263 38499 229.900879 3.696564198
1.12284 23428133 56422882 577822165 10161204 40033 230.286865 3.690765858
1.12228 23428133 55097622 576514995 10182396 37086 228.633484 3.654780865
1.11691 23428133 56425941 575468909 10164505 37051 231.327209 3.721015930
1.11695 23428133 56754997 576040594 10174282 38351 228.248352 3.676433086
1.11417 23428133 57073489 575834945 10178471 50824 231.145264 3.704413176
1.11862 23428133 60719630 576376079 10159421 41346 230.052856 3.691174984
1.11429 23428133 61766254 575967362 10190226 39198 228.110535 3.669612885
1.11824 23428133 59258635 575654393 10179910 41127 230.850464 3.696683884
1.11997 23428133 64196501 576149638 10174074 36577 230.550354 3.687872887
1.12133 23428133 60574193 576686067 10167446 37883 228.335693 3.677300930
1.1224 23428133 57204392 579002556 10157631 37921 228.848816 3.686976910
1.1236 23428133 52821414 576573296 10174530 39272 231.258301 3.706536770
1.11975 23428133 56064229 577686037 10161876 40932 230.617798 3.693114042
1.11982 23428133 58622898 576412923 10177632 37774 229.686646 3.685811996
1.11957 23428133 60222391 574818543 10171551 41871 228.690735 3.688204050
1.11946 23428133 59419692 575936020 10174980 37018 229.002136 3.681468010
1.1155 23428133 59056152 575300534 10178237 41962 227.912292 3.684633970
1.12063 23428133 56519414 575588495 10167356 37208 229.359314 3.694858074
1.11574 23428133 59856948 575667607 10162834 38122 227.634766 3.687242031
1.11722 23428133 57626990 575617116 10164339 36836 229.377808 3.720598936
1.12197 23428133 55312683 576461976 10182172 39070 228.680481 3.683497190
1.1205 23428133 59437153 575607402 10176192 38236 230.556274 3.709746122
1.11807 23428133 57104750 576527642 10179807 39686 230.339478 3.678766966
1.12133 23428133 61771877 576568194 10167145 38684 229.640381 3.692065001
1.12538 23428133 52819457 575782781 10181261 38748 229.765137 3.684051991
1.12028 23428133 58798379 575883374 10170293 38937 229.440002 3.701008081
1.12539 23428133 54907348 576099197 10174083 38721 230.203552 3.696516991
1.12052 23428133 66263256 578476869 10166383 38195 230.566956 3.691545963
