"Validation time(S)" "Commits" "Aborts" "Val Reads" "Val success" "Val fail" "Energy (J)" "Time(S)"
0.000579 21853 45052 111005 16377 0 2.156372 0.035315990
0.000534 21853 44986 111505 16478 0 2.194458 0.034670830
0.000573 21853 46376 109753 16190 0 2.190979 0.035091877
0.000569 21853 45068 112115 16517 0 2.166077 0.034471035
0.000522 21853 44060 111117 16347 0 2.173157 0.033854961
0.000529 21853 43511 111088 16361 0 2.230225 0.035593987
0.000509 21853 43553 110501 16279 0 2.171814 0.034344912
0.000514 21853 44577 111358 16420 0 2.173767 0.034375906
0.000551 21853 45209 110374 16310 0 2.160217 0.035212994
0.000556 21853 44523 112006 16541 0 2.226562 0.034801006
0.000539 21853 44591 111502 16495 0 2.175049 0.034030199
0.000546 21853 42958 111254 16409 0 2.169922 0.034132004
0.000532 21853 43870 110144 16276 0 2.215210 0.035601854
0.000541 21853 45940 111496 16448 0 2.242798 0.035682917
0.00055 21853 44972 110657 16357 0 2.232056 0.034398079
0.00052 21853 44911 111453 16478 0 2.223145 0.034145832
0.00056 21853 44146 111459 16446 0 2.155151 0.034420013
0.000533 21853 43851 111749 16503 0 2.182739 0.033401966
0.000564 21853 44981 111528 16471 0 2.184143 0.035124063
0.000513 21853 44214 111885 16512 0 2.220886 0.034673929
0.000534 21853 45138 111475 16429 0 2.221924 0.034507990
0.000552 21853 44463 111833 16503 0 2.234070 0.035386801
0.00053 21853 45716 111664 16490 0 2.149231 0.033495188
0.00059 21853 45653 110732 16368 0 2.231079 0.035187006
0.000577 21853 43775 111964 16524 0 2.174438 0.033878088
0.000557 21853 45177 111089 16424 0 2.191223 0.035173893
0.000571 21853 45804 111309 16414 0 2.187317 0.034788847
0.000534 21853 44039 109825 16243 0 2.160339 0.035032034
0.000554 21853 43662 110877 16386 0 2.210083 0.035879850
0.000567 21853 44055 110797 16349 0 2.176086 0.034536123
0.000524 21853 43016 111822 16478 0 2.197693 0.035139084
