"Validation time(S)" "Commits" "Aborts" "Val Reads" "Val success" "Val fail" "Energy (J)" "Time(S)"
1.33991 100000000 29037340 647363268 6142464 4371395 610.026672 9.922769070
1.48289 100000000 28381067 658678889 6245386 4922353 617.163025 10.109193087
1.27971 100000000 29024565 648729669 6282483 4065480 600.746216 9.816670895
1.11219 100000000 29602464 562912837 6086959 6270355 486.620911 7.980901432
1.19055 100000000 28486510 686818568 6425759 4195050 623.957153 10.287872239
1.31265 100000000 28314911 694732098 6367845 3977413 655.751953 10.815805806
1.24817 100000000 28599256 644430557 6268412 4483858 597.464417 9.717883129
1.15096 100000000 28925946 673835407 6251205 4068870 617.015503 10.162457367
1.16971 100000000 28562098 648797043 6210647 4787854 576.672791 9.492533746
1.28031 100000000 28580667 627404334 6330707 4772049 567.827637 9.265391709
1.13879 100000000 28860484 642880035 6282239 4397513 576.352478 9.497210159
1.30138 100000000 28935404 666325535 6308344 5005863 576.748352 9.470875473
1.26863 100000000 28672601 648048318 6067218 5110381 597.914612 9.862680741
