"Validation time(S)" "Commits" "Aborts" "Val Reads" "Val success" "Val fail" "Energy (J)" "Time(S)"
0.675394 15000000 7621427 300812007 8295714 5201 102.658813 1.672362089
0.671494 15000000 7637682 298962959 8291901 5029 101.965027 1.664918900
0.669572 15000000 7622550 299548501 8287778 5992 102.179565 1.664153099
0.670575 15000000 7553195 299033732 8293739 5409 102.175537 1.658832073
0.690061 15000000 7977845 299027915 8261754 6292 103.509583 1.672871828
0.673815 15000000 7593386 299850604 8300195 6623 102.636536 1.658396959
0.683969 15000000 7955063 300538705 8341011 5565 102.567017 1.664249897
0.676686 15000000 7607956 300565591 8329054 5649 103.073975 1.659919977
0.674685 15000000 7507102 302804387 8346448 6853 101.949951 1.647583008
0.675623 15000000 7557468 301400980 8334587 10018 102.678406 1.660784960
0.671169 15000000 7617517 299646659 8303878 5998 102.064941 1.658844948
0.672916 15000000 7641271 300416743 8324948 5890 102.328247 1.661916018
0.676704 15000000 7760669 298734028 8285235 5464 103.824341 1.663198948
0.659211 15000000 6914289 292024677 8038546 4970 107.300720 1.767564774
0.672361 15000000 6911769 289874541 7970333 5378 105.408203 1.710036993
0.673717 15000000 7837562 301388801 8346043 5435 103.323730 1.668681145
0.6745 15000000 7582442 301136306 8346353 5312 103.112427 1.662714005
0.6725 15000000 7751210 300551794 8326636 5089 102.695862 1.663756132
0.677206 15000000 7717725 298396311 8260024 5144 103.890198 1.675071001
0.664947 15000000 7873200 297998991 8254519 6545 103.917358 1.677792072
0.675143 15000000 7732139 300616780 8309876 4639 103.775085 1.671079874
0.676097 15000000 7654482 300883289 8317713 4367 103.928833 1.662672997
0.673763 15000000 7632706 301405685 8334626 7268 103.326965 1.656074047
0.674138 15000000 7441047 299942973 8260079 5006 102.588379 1.659806013
0.676614 15000000 7827434 300443579 8318312 5487 103.067566 1.668371916
0.682077 15000000 7552930 304636807 8450231 6020 102.452332 1.644502163
0.683297 15000000 7584592 303109503 8397836 7752 102.566467 1.648292065
0.680801 15000000 7522032 304745658 8444135 6717 102.757812 1.649471045
0.68042 15000000 7544300 302567273 8400591 7504 102.119019 1.645051003
0.677098 15000000 7546152 303640044 8416854 5432 102.869934 1.648997068
0.679516 15000000 7564522 303070547 8407623 5902 102.510986 1.651050091
0.684663 15000000 7531236 303381247 8400783 6918 102.733948 1.648213148
0.677629 15000000 7573181 302793588 8394731 6480 102.881653 1.648698807
0.675932 15000000 7550931 302409105 8399891 8430 101.868713 1.644230843
0.677584 15000000 7542542 303625648 8408516 6560 101.666931 1.643594027
0.679451 15000000 7534136 304079128 8445664 5927 102.544800 1.648681164
0.677866 15000000 7554198 303762172 8416004 7925 102.829529 1.654744864
0.677663 15000000 7547157 304506376 8421268 8478 102.184998 1.648799896
0.679966 15000000 7504770 304411785 8421578 5546 102.792114 1.649011850
0.675951 15000000 7553346 302695937 8389906 7285 102.424133 1.648119926
0.67104 15000000 7592925 302201989 8391862 7366 102.858459 1.652899027
0.673843 15000000 7577938 301977293 8372974 6057 102.097839 1.651983023
0.674301 15000000 7590222 302987633 8404111 6763 102.255493 1.649125814
0.67755 15000000 7600096 303587635 8428911 5799 102.434387 1.648684978
0.680129 15000000 7554557 303677224 8411059 6521 102.286377 1.647332907
0.631801 15000000 8765564 318404982 8867487 3110 119.114990 1.951975691
0.64073 15000000 8746086 319586234 8888810 1625 119.128052 1.948266238
0.633281 15000000 8811287 317515781 8860153 1393 118.627625 1.956814722
0.638342 15000000 8714401 318877015 8883850 1414 118.588318 1.947613295
0.635207 15000000 8801759 318504513 8862638 2264 117.918030 1.954381466
0.632683 15000000 8790052 317870977 8860873 2130 118.407471 1.952326960
0.638883 15000000 8726323 318326960 8882729 1687 118.519165 1.950288423
0.637539 15000000 8781144 318257979 8877465 2566 119.028870 1.945746692
0.629853 15000000 8741109 316453735 8822797 2203 118.009460 1.949934173
0.635894 15000000 8796590 318648457 8878883 1799 118.694580 1.952925380
