"Validation time(S)" "Commits" "Aborts" "Val Reads" "Val success" "Val fail" "Energy (J)" "Time(S)"
0.004031 24459 278159444 920313 857 14 325.447937 5.068000000
0.003501 24089 277036280 800093 801 17 327.415955 5.076000000
0.003859 24709 278520566 864383 909 24 324.525391 5.068000000
0.00371 23802 298829189 846048 803 11 324.321045 5.083000000
0.003756 23068 282526131 828070 838 16 324.490540 5.085000000
0.003624 24633 283663962 817301 831 17 325.627014 5.075000000
0.004096 23044 284244023 871668 932 17 323.051819 5.071000000
0.003946 24474 274209566 869319 925 23 324.145630 5.083000000
0.003728 24590 282624586 829412 883 13 324.913940 5.086000000
0.003751 23851 284983149 870216 823 18 322.068726 5.071000000
0.003741 24373 288926779 828374 870 24 325.391479 5.064000000
0.003776 25063 275969240 865971 824 11 324.615540 5.077000000
0.001785 21012 326775466 380584 542 13 327.595032 5.068000000
0.004033 23813 281460907 897594 900 15 326.819946 5.092000000
0.004122 24536 288234097 895827 944 25 325.614807 5.083000000
0.004018 24378 279201867 900696 881 11 321.597656 5.059000000
0.003794 24628 279627001 874226 813 17 322.745483 5.072000000
0.00397 22552 254003546 872009 866 19 323.352173 5.067000000
0.003899 25236 273331986 875132 887 29 325.260193 5.078000000
0.003577 25142 269705567 793125 854 16 326.839050 5.075000000
