"Validation time(S)" "Commits" "Aborts" "Val Reads" "Val success" "Val fail" "Energy (J)" "Time(S)"
0.000384 66 797147197 86392 11 3 742.253601 12.110000000
0.032919 53 589195392 10581760 11 1 490.251587 7.737000000
0.018612 64 1327175976 5092741 11 3 647.684998 10.692000000
0.003861 63 1125775800 1020185 11 2 645.340332 10.733000000
0.014433 59 624712810 4451058 12 2 596.466309 9.659000000
0.000265 52 316984387 61913 9 2 478.098694 7.684000000
0.028929 53 436728617 10425738 15 0 490.023071 7.879000000
0.033232 54 605904501 10376584 11 1 514.196106 8.162000000
0.015395 57 617374195 4559805 7 6 580.019897 9.868000000
0.029172 64 1024507214 8368486 11 2 653.764221 11.011000000
0.023404 66 429626080 7576720 16 3 662.417114 11.121000000
0.014309 63 442636418 4283963 22 0 592.119507 9.599000000
0.03705 54 212282307 11396315 13 2 523.201599 8.515000000
0.048437 54 898925543 14642844 15 0 505.455933 8.007000000
0.015177 53 609962650 4379103 11 2 504.248169 7.946000000
0.03519 54 622561796 11051458 12 1 473.072449 7.939000000
0.013681 57 606536187 3638029 8 2 589.361206 10.059000000
0.001624 63 584798873 420004 8 3 669.227112 10.698000000
0.01413 64 431087639 4365759 12 3 626.168579 10.841000000
0.01457 66 511037868 4424317 10 3 696.228394 11.182000000
