"Validation time(S)" "Commits" "Aborts" "Val Reads" "Val success" "Val fail" "Energy (J)" "Time(S)"
0.85296 80000000 6507450 215293254 4773935 446073 322.484131 5.101672173
0.786266 80000000 6146097 189982035 4864622 359811 293.905701 4.594419956
0.755134 80000000 21417812 158328564 4556947 303683 302.863037 4.743163824
0.765647 80000000 4148526 181913656 4578539 289713 295.738831 4.558190107
0.795158 80000000 4209866 188450408 4581565 300670 304.196289 4.678733826
0.780598 80000000 4106478 185728424 4618601 283506 302.169861 4.644773006
0.774837 80000000 4184850 182691719 4689223 269904 292.414124 4.502401115
0.809466 80000000 4574226 181353774 4651629 324850 300.428772 4.625665999
0.792188 80000000 5171645 183777466 4625191 387924 293.534851 4.521448277
0.732451 80000000 4778008 170573775 4689252 312186 276.781006 4.257885625
0.699979 80000000 6776757 153913442 4712887 312572 264.460083 4.067806859
0.741114 80000000 4627595 170265519 4642744 302824 283.446838 4.384874837
0.791232 80000000 4796525 190750048 4647368 360437 297.572510 4.653236758
0.737435 80000000 4724219 169610640 4671697 317222 278.758240 4.288218981
0.726332 80000000 4717296 166832455 4687661 274976 274.956909 4.220395622
0.774626 80000000 5806099 181184842 4654119 396286 289.564514 4.451586627
0.73932 80000000 4619190 158865337 4689999 267193 271.298340 4.171607331
0.793428 80000000 4486987 184904658 4643745 295790 300.409607 4.635542974
0.734504 80000000 5257585 169280393 4694902 323889 277.209106 4.262983099
0.81899 80000000 4356547 183258592 4662390 279556 304.556396 4.686898275
0.725191 80000000 4830113 172689867 4666847 319030 280.592896 4.321221226
0.790366 80000000 4386284 176273383 4655729 310866 293.311523 4.516757664
0.741992 80000000 4819212 172543249 4666475 323977 279.973083 4.305135987
