"Validation time(S)" "Commits" "Aborts" "Val Reads" "Val success" "Val fail" "Energy (J)" "Time(S)"
44.2734 12018722 38267560 32299605069 12120841 536012 4042.442871 61.549444126
44.0014 12491695 39354927 31925771303 12640476 538449 4067.459351 61.530516931
43.9446 12347033 38892217 31888640902 12477834 567486 4036.286072 61.524343316
44.0122 12378465 38896641 31911121924 12523881 545182 4052.141235 61.533227832
35.647 8821483 77345163 26759877806 9211488 294457 4041.311035 61.537862349
43.1608 11962591 46617522 31458429560 12093694 536976 4054.944641 61.547462411
44.1417 12555970 38473117 32017450207 12683093 530562 4046.365662 61.533369270
44.1212 12582630 38790176 31980662216 12728349 538736 4052.522095 61.537352040
43.4174 12326672 42041848 31585055444 12467227 537209 4055.550903 61.531666906
44.1113 12427072 38555093 32001785672 12554748 535991 4037.102173 61.530279550
35.6934 8878227 77576531 26753218862 9268314 313763 4082.524170 61.527739498
44.315 11978213 38822604 32358625528 12092998 585134 4052.135986 61.524813795
44.1432 12421135 38745140 32113992760 12538131 544266 4050.571106 61.529881212
33.8151 9303946 86476268 25063634862 9579953 279253 4111.307983 61.528249037
33.873 9219795 87059572 25100161743 9483075 280864 4039.981201 61.528985408
33.9783 8994763 85620679 25247763997 9246796 281726 4042.185181 61.532697577
43.7763 12071301 40703532 31866936036 12205077 549387 4036.486572 61.537357169
35.8027 8824010 77360109 26825809071 9251448 316870 4099.683289 61.540982446
43.6562 12084153 42029128 31763564862 12211768 520654 4091.658508 61.531701603
33.7728 9331432 86152872 25016310394 9611972 271500 4112.873718 61.531131353
