"Validation time(S)" "Commits" "Aborts" "Val Reads" "Val success" "Val fail" "Energy (J)" "Time(S)"
1.7445 4194304 31180 1178246648 4200183 4362 168.221252 2.919210911
1.75108 4194304 26906 1177451443 4197381 4254 169.346619 2.928503990
1.74664 4194304 29720 1177265774 4196670 4424 168.815063 2.920532942
1.75001 4194304 36727 1177143453 4196226 4444 169.193115 2.930487156
1.73408 4194304 29830 1173994405 4185109 4302 170.966919 2.961901903
1.74443 4194304 30598 1178342295 4200508 4655 169.813782 2.900775909
1.75022 4194304 30423 1177893288 4198804 4591 169.024719 2.903352022
1.74719 4194304 39474 1177479536 4197558 4227 168.822876 2.907896996
1.74056 4194304 29788 1178663000 4201486 4596 168.675293 2.895226955
1.74251 4194304 27881 1178621811 4201372 4463 167.754761 2.893200159
1.74609 4194304 30195 1178465430 4200982 4205 167.987732 2.889961004
1.74689 4194304 28708 1178369041 4200416 4303 168.304565 2.889385939
1.74519 4194304 29626 1178175248 4199780 4348 168.818787 2.900228024
1.74456 4194304 30433 1178029436 4199316 4480 169.567261 2.906116009
1.7433 4194304 30955 1178111911 4199597 4731 169.224609 2.899225950
1.74121 4194304 29348 1178541132 4201154 4248 168.948242 2.895434141
1.74244 4194304 68819 1177542696 4197541 4531 169.589722 2.917064905
1.74703 4194304 29949 1177605420 4197883 4564 169.276550 2.920838833
1.75026 4194304 35487 1178621536 4201366 4284 169.025330 2.901355982
1.74402 4194304 30749 1178462845 4200862 4382 167.772644 2.898494959
1.74192 4194304 30131 1178194217 4200075 4266 170.174500 2.904150009
1.7444 4194304 29815 1178645442 4201509 4516 169.365784 2.903193951
1.74596 4194304 28510 1178263579 4200217 4297 169.850891 2.901962996
1.74557 4194304 28992 1178624296 4201437 4230 168.997925 2.899875879
1.74185 4194304 28983 1178248745 4200175 4305 168.089966 2.894263029
1.74038 4194304 28172 1178406769 4200614 4275 169.942444 2.910222054
1.75141 4194304 29124 1178361451 4200564 4509 168.992249 2.902794123
1.74254 4194304 30031 1178160754 4199700 4361 169.232117 2.905028820
1.74355 4194304 28586 1178482091 4200959 4385 168.591675 2.904776812
1.74798 4194304 30876 1178261426 4200085 4683 168.492249 2.895058870
1.74677 4194304 31592 1178584430 4201238 4667 168.907288 2.891678810
