"Validation time(S)" "Commits" "Aborts" "Val Reads" "Val success" "Val fail" "Energy (J)" "Time(S)"
0.001695 4096 27 1156686 4137 0 0.257996 0.004927158
0.001688 4096 25 1137019 4077 1 0.246338 0.005146027
0.001581 4096 22 1130986 4061 2 0.251343 0.005307913
0.001639 4096 48 1150785 4118 1 0.219299 0.004367113
0.001631 4096 61 1144320 4098 3 0.220398 0.004178047
0.001646 4096 52 1150538 4116 0 0.245239 0.005059004
0.001795 4096 56 1147182 4111 1 0.260620 0.004542112
0.001635 4096 85 1147235 4107 4 0.205872 0.004938126
0.001638 4096 27 1137903 4082 1 0.256897 0.004943132
0.001684 4096 57 1148180 4112 1 0.251343 0.004765034
0.001658 4096 26 1150996 4119 0 0.261536 0.004565001
0.001689 4096 31 1159773 4146 0 0.230042 0.004091978
0.001646 4096 25 1147399 4108 2 0.246460 0.005053997
0.001686 4096 52 1147152 4110 0 0.216248 0.004865885
0.001589 4096 28 1145556 4107 2 0.208191 0.004674911
0.001708 4096 60 1152391 4119 3 0.228088 0.004185915
0.001667 4096 53 1147914 4107 0 0.211975 0.004814863
0.001671 4096 34 1151174 4115 2 0.204224 0.005118847
0.001641 4096 58 1154260 4126 0 0.222168 0.004371881
0.001652 4096 32 1142486 4092 1 0.257507 0.004966974
0.001666 4096 25 1141433 4095 0 0.207275 0.005107880
0.001657 4096 38 1136693 4080 3 0.229431 0.005286932
0.001606 4096 21 1140011 4089 3 0.217896 0.004430056
0.001655 4096 132 1149285 4115 1 0.239380 0.004195929
0.001678 4096 103 1152318 4121 1 0.239258 0.004402876
0.001672 4096 64 1156176 4133 1 0.256165 0.004986048
0.001657 4096 10 1136688 4077 0 0.210632 0.004990101
0.00165 4096 20 1143119 4098 1 0.215027 0.004518986
0.001647 4096 38 1156408 4134 0 0.230896 0.004184008
0.001664 4096 49 1154171 4124 2 0.211182 0.004724979
0.00167 4096 21 1145254 4101 1 0.248291 0.005275011
