"Validation time(S)" "Commits" "Aborts" "Val Reads" "Val success" "Val fail" "Energy (J)" "Time(S)"
0.534414 2601511 64280909 155089970 824604 5502 316.097961 2.007302046
0.537996 2601445 63310731 154782814 824872 6532 313.637512 1.974637985
0.536326 2601625 63668559 154794659 822594 7027 313.386169 1.990060091
0.537006 2602105 73387530 156052930 825527 7448 333.295532 2.133357048
0.539119 2602867 64177099 155474335 825045 5894 311.685120 1.980407000
0.537379 2603245 64385848 156690505 826522 5543 314.816650 1.986796856
0.53555 2600742 63351490 155241207 825286 8345 313.660034 1.978422165
0.540961 2602481 63955357 155944886 827708 6199 307.805786 1.979997158
0.534759 2601691 63579591 154891851 826732 13848 316.204224 1.985620975
0.541331 2600638 64713711 157131115 826716 12027 309.829102 1.988665104
0.538639 2602007 64025677 155536555 825182 6142 309.952698 1.984332085
0.541039 2602043 64177760 155685514 825858 10392 314.722351 2.000037909
0.534301 2602577 63529597 154699019 826370 5649 311.792297 1.971269846
0.531915 2602461 63575533 155778122 824765 5332 311.656982 1.971718073
0.534316 2600512 63181741 154833378 825740 5288 314.479309 1.965389013
0.538574 2603102 64043492 156681759 825612 7152 315.045166 1.980028868
0.539024 2602361 64337754 156135860 825473 7589 312.561401 1.991849184
0.536762 2603154 63889645 155103589 826187 6380 312.682800 1.982439995
0.538953 2602050 63597317 155082786 825819 7996 313.003479 1.981530190
0.537553 2602002 63370623 156957871 826528 6520 310.807190 1.966902971
0.53485 2600979 63301204 155825226 825492 6017 310.676331 1.967445135
0.534715 2600797 63509551 155318491 825310 5783 311.419312 1.963200092
0.538107 2603159 64355800 156056073 825197 6879 308.718811 1.973091125
0.538269 2602486 63852026 155962708 827241 6525 311.039612 1.981117964
0.538931 2602943 63088046 155475441 824996 6260 310.724243 1.968033075
0.543983 2602433 64015823 155171088 826526 6320 315.595520 1.991580009
0.533162 2601543 63535118 155658287 825637 5088 311.634399 1.972944975
0.534141 2602532 63922715 155338943 824976 5591 311.053101 1.975633144
0.53777 2601315 64238431 155536432 824271 4719 311.679443 1.980779171
0.536069 2600876 64054288 155653737 823450 5476 311.559937 1.975343943
0.539657 2602175 63822697 156389715 825275 5764 311.043762 1.975486040
0.538142 2600476 64173008 155535439 823397 5884 342.001465 1.982642889
0.537786 2601096 64541708 154968477 822396 4895 328.366516 2.015197039
0.540486 2600237 65179643 156456434 823519 4931 321.952148 2.001756907
0.542842 2599532 67765534 154799060 821172 6816 334.645325 2.042792797
