"Validation time(S)" "Commits" "Aborts" "Val Reads" "Val success" "Val fail" "Energy (J)" "Time(S)"
0.000557 11263 19761 205578 7210 584 0.193604 0.002902031
0.000551 11263 20241 203104 7308 509 0.201416 0.002991199
0.000512 11263 20749 193670 6877 618 0.249146 0.003983974
0.000547 11263 19415 198914 7079 548 0.148438 0.002884865
0.000521 11263 19681 205323 7278 542 0.198547 0.002892017
0.000583 11263 21388 201064 7256 655 0.195618 0.003033161
0.000585 11263 20961 203612 7215 578 0.195190 0.002958059
0.000565 11263 20391 202851 7226 629 0.195862 0.002753973
0.000563 11263 19712 199658 7078 563 0.198486 0.002985001
0.000573 11263 20528 202123 7220 629 0.186157 0.003178835
0.000535 11263 20153 200772 7153 567 0.192322 0.002861023
0.000519 11263 20241 200028 7128 596 0.198242 0.003243923
0.000587 11263 20260 202508 7250 590 0.187622 0.002861977
0.000542 11263 19763 200677 7190 675 0.199036 0.002908945
0.000583 11263 18992 201465 7219 631 0.202637 0.002935886
0.000538 11263 22050 199614 7139 664 0.156311 0.003075123
0.000506 11263 20356 203288 7173 644 0.187805 0.002756119
0.000566 11263 19617 204664 7306 630 0.195923 0.002867937
0.002127 54922 87690 1031252 29992 2219 0.575867 0.009042025
0.000562 11263 21194 201321 7170 556 0.147766 0.002916098
0.000596 11263 22375 199480 7044 680 0.198425 0.002936125
0.00055 11263 20315 203152 7168 625 0.185791 0.003030062
0.000539 11263 20522 203035 7212 593 0.160278 0.002883196
0.000562 11263 21000 198359 7107 657 0.199280 0.002905846
0.000558 11263 20422 200195 7172 541 0.188232 0.002839088
0.000553 11263 20502 200410 7189 604 0.189697 0.002741098
0.000547 11263 20632 201552 7194 611 0.153687 0.002934933
0.00054 11263 20318 199744 7123 571 0.194092 0.002847910
0.000602 11263 20552 204221 7176 648 0.148499 0.002953053
0.00052 11263 19140 203374 7116 582 0.198120 0.002847195
0.000553 11263 20857 204480 7268 568 0.194580 0.002936125
0.000614 11263 20596 202396 7197 591 0.183411 0.003018856
0.000568 11263 20618 200694 7226 638 0.156006 0.002720118
0.000567 11266 19455 200743 7190 564 0.152893 0.002772093
0.000589 11263 20174 195158 7066 566 0.190613 0.002979994
0.000559 11263 21970 202971 7168 646 0.188965 0.003243923
0.000526 11263 19683 197697 7050 523 0.156372 0.002826929
0.000542 11263 22780 202818 7195 636 0.199829 0.003005981
0.000579 11263 20451 201708 7080 588 0.200134 0.003008127
0.000588 11263 20983 202455 7289 581 0.200317 0.002923965
0.000745 11263 34007 190433 6610 512 0.195496 0.003496885
0.000572 11263 20848 203455 7261 565 0.198792 0.002992153
0.000552 11263 20817 199940 7145 629 0.201904 0.003031969
0.000561 11263 20623 202958 7291 651 0.187256 0.002901077
0.000566 11263 20071 203445 7291 588 0.185547 0.002982140
0.000541 11263 19851 201998 7136 546 0.189941 0.002891064
0.000606 11263 20709 203143 7251 558 0.197632 0.003009081
0.000528 11263 20721 200472 7154 668 0.152527 0.002970934
0.000532 11263 20764 198472 7144 563 0.156372 0.002851963
0.000538 11263 19296 202502 7312 515 0.180603 0.003267050
0.000557 11263 20501 201469 7242 574 0.199646 0.002948999
0.000547 11263 20427 203402 7215 575 0.192871 0.002896070
0.00055 11263 20131 202763 7239 617 0.199097 0.002974033
0.000584 11263 20071 205314 7273 590 0.179871 0.002938032
0.000556 11263 20829 199972 7155 585 0.147400 0.002860785
0.000582 11263 19324 202889 7288 577 0.157837 0.002893925
0.00056 11263 20613 201691 7153 586 0.198120 0.002936125
0.000529 11263 19138 200133 7233 554 0.198486 0.003376007
0.00053 11263 18647 202170 7175 532 0.153931 0.002778053
0.000543 11263 20645 201013 7215 601 0.182617 0.002997875
0.000555 11263 19252 203863 7401 589 0.197327 0.002815008
0.000556 11263 22699 200927 7097 627 0.183533 0.003315926
0.000538 11263 20851 198475 7206 614 0.190552 0.002882957
0.000517 11263 21281 200241 7092 644 0.198792 0.002946138
0.000538 11263 21326 200355 7097 625 0.200134 0.002948046
0.000554 11263 21075 201490 7178 592 0.189026 0.003018856
0.000535 11263 19537 204370 7247 529 0.186279 0.002767086
0.000539 11263 20872 201350 7283 554 0.197632 0.002959967
0.00052 11263 19416 199806 7117 545 0.144897 0.002655029
0.000538 11263 19348 205418 7329 581 0.193054 0.002982855
0.000503 11263 18847 200519 7135 601 0.185547 0.002898932
0.000565 11263 19321 203072 7191 533 0.199707 0.002948999
0.000544 11263 20825 198020 7134 601 0.186401 0.002933979
0.000521 11263 19602 201547 7296 582 0.192505 0.002918959
0.000611 11263 19636 200215 7122 612 0.188538 0.002861977
0.000531 11266 20598 203589 7242 656 0.191345 0.002892971
0.000574 11263 20309 202000 7172 596 0.196228 0.003013134
0.000508 11263 20116 202073 7145 579 0.169495 0.003230095
0.000565 11263 19825 202957 7212 569 0.193481 0.002872944
0.000537 11263 20203 200628 7188 578 0.197754 0.002712965
0.000562 11263 20105 202140 7235 573 0.192993 0.002969980
0.000521 11263 19893 197623 6919 521 0.181885 0.003124952
0.000535 11263 20266 202886 7267 564 0.194336 0.002929926
0.000566 11263 20533 203786 7332 619 0.197815 0.002910852
0.002222 54922 93045 1034964 30009 2324 0.594910 0.010154009
0.000548 11263 19940 204033 7240 596 0.150513 0.002814054
0.000567 11263 21214 200440 7174 620 0.185974 0.002974987
0.000571 11263 21055 203085 7226 631 0.195435 0.002844095
0.000536 11266 19637 202825 7058 563 0.193298 0.002851009
0.000527 11263 19970 199067 7235 631 0.180176 0.002976894
0.000507 11263 20285 201656 7173 620 0.204834 0.003028154
0.000588 11263 19979 200890 7207 615 0.199036 0.002909184
0.000516 11263 19137 200783 7220 540 0.162964 0.002684116
0.000546 11263 19951 202476 7249 588 0.183655 0.002927065
0.000533 11263 20964 198840 7071 571 0.189148 0.002873898
0.000544 11263 21075 200289 7200 584 0.153015 0.002957821
0.000569 11263 19442 202792 7262 600 0.184204 0.002872229
0.00052 11263 20419 200105 7138 568 0.152283 0.003014088
