"Validation time(S)" "Commits" "Aborts" "Val Reads" "Val success" "Val fail" "Energy (J)" "Time(S)"
0.001777 87385 273702 555790 63918 0 105.275757 1.923591852
0.001837 87385 265826 555731 63977 0 103.881226 1.922420025
0.001817 87385 269847 554622 63834 0 104.518738 1.927821159
0.00188 87385 268419 555376 63904 0 105.818054 1.929643154
0.001947 87385 266646 556972 64082 0 105.818054 1.930557013
0.001858 87385 265146 556538 64078 0 103.469849 1.917150974
0.001832 87385 267344 555861 64018 0 105.239746 1.920399189
0.001842 87385 273438 554364 63893 0 105.684448 1.919099092
0.001853 87385 266829 556805 64112 0 105.446045 1.923192024
0.001791 87385 260293 558014 64129 0 105.425659 1.919638157
0.001836 87385 262696 556247 64044 0 104.820618 1.923781872
0.001852 87385 263647 555133 63997 0 105.644043 1.922492027
0.00178 87385 253601 557172 64050 0 106.579651 1.937699080
0.001944 87385 260749 555371 63866 0 106.076050 1.933019876
0.001854 87385 269671 556200 63995 0 104.976196 1.924112082
0.001893 87385 258401 555379 63966 0 105.914001 1.930943012
0.001871 87385 265499 555870 63893 0 103.855896 1.922080040
0.001739 87385 261062 557102 64227 0 105.383728 1.936432838
0.001774 87385 262249 555442 64016 0 104.261841 1.917184114
0.001863 87385 260027 557352 64132 0 103.561829 1.917513132
0.001771 87385 260339 556409 64004 0 103.267517 1.915655851
0.001848 87385 268091 557068 64149 0 104.455750 1.919296026
0.001854 87385 261013 557805 64189 0 106.591370 1.933410883
0.001855 87385 265414 556770 64073 0 105.557312 1.926964998
0.001849 87385 262084 557846 64199 0 105.292236 1.924836159
0.001881 87385 270100 555819 64002 0 105.387634 1.918931961
0.00184 87385 266175 554770 63856 0 104.709229 1.921646833
0.001964 87385 265253 555458 63871 0 105.620483 1.946841955
0.001827 87385 264854 556882 63967 0 104.198242 1.929980993
0.001851 87385 265077 556382 64058 0 106.498230 1.929099083
0.001827 87385 266348 556039 63959 0 105.691650 1.921464205
