"Validation time(S)" "Commits" "Aborts" "Val Reads" "Val success" "Val fail" "Energy (J)" "Time(S)"
0.001236 87385 34776 404689 45602 0 386.533569 7.592322111
0.001213 87385 37042 403125 45443 0 387.162109 7.590579987
0.001119 87385 37146 404234 45557 0 387.993469 7.592784882
0.001172 87385 34999 402063 45308 0 386.768616 7.590051889
0.001165 87385 36469 397802 44803 0 386.851379 7.606241941
0.001176 87385 35126 403439 45423 0 386.741882 7.605582952
0.001144 87385 37438 404266 45589 0 386.324402 7.597201109
0.001161 87385 34295 404499 45582 0 385.479858 7.579469204
0.001163 87385 34306 404502 45510 0 385.833557 7.586930037
0.001148 87385 34685 404755 45524 0 385.985779 7.590789080
0.001097 87385 32836 402781 45376 0 385.561096 7.581705093
0.001141 87385 36276 404503 45500 0 385.823853 7.587673903
0.001172 87385 34359 407484 45891 0 385.647339 7.586083889
0.001134 87385 34442 401668 45219 0 385.873596 7.582890987
0.001169 87385 36176 402179 45330 0 386.146423 7.587620020
0.001174 87385 38070 401764 45315 0 385.885925 7.590286016
0.001159 87385 39742 395297 44610 0 389.169617 7.619451046
0.001174 87385 34199 405643 45588 0 386.943298 7.603348017
0.001209 87385 34116 409940 46059 0 386.123901 7.588661909
0.001149 87385 35073 403551 45444 0 385.855591 7.589247942
0.001212 87385 34468 405802 45668 0 386.191528 7.591974020
0.001226 87385 33879 401465 45169 0 386.378296 7.594868898
0.001215 87385 37748 402630 45379 0 385.826294 7.580929041
0.001177 87385 34275 405657 45600 0 386.193970 7.586389065
0.00117 87385 36961 401531 45219 0 386.209961 7.585603237
0.001152 87385 36946 398200 44936 0 386.053955 7.583597898
0.001133 87385 35431 406278 45785 0 387.765930 7.600534916
0.001184 87385 35096 403002 45397 0 386.344604 7.589138031
0.001214 87385 35872 411516 46242 0 386.680786 7.591743946
0.001227 87385 35898 402482 45334 0 386.083069 7.587078094
0.001177 87385 75794 399340 44946 0 386.134949 7.590662956
