"Validation time(S)" "Commits" "Aborts" "Val Reads" "Val success" "Val fail" "Energy (J)" "Time(S)"
3.1e-05 2734 692 7082 1448 0 0.318970 0.007063866
3.2e-05 2734 773 6976 1425 0 0.283752 0.006660938
2.9e-05 2734 814 6564 1374 0 0.327820 0.006905079
2.8e-05 2734 833 6894 1431 0 0.327637 0.006541014
3.5e-05 2734 850 6805 1434 0 0.297852 0.006247997
3.1e-05 2734 839 6692 1404 0 0.289307 0.006205797
2.5e-05 2734 832 6754 1415 0 0.318970 0.007019997
4e-05 2734 802 6727 1411 0 0.324097 0.006977081
3.4e-05 2734 652 6700 1397 0 0.284180 0.006500006
3.1e-05 2734 860 6701 1413 0 0.297241 0.007222891
2.8e-05 2734 825 6327 1351 0 0.316284 0.006788015
3.5e-05 2734 993 6499 1393 0 0.312805 0.007215023
2.6e-05 2734 750 6654 1391 0 0.321289 0.006960869
3.7e-05 2734 663 6807 1400 0 0.298035 0.007167816
2.6e-05 2734 563 6887 1421 0 0.279846 0.006835938
2.3e-05 2734 546 7156 1471 0 0.312988 0.007076025
3e-05 2734 789 6897 1416 0 0.327393 0.006506205
3.1e-05 2734 866 6628 1399 0 0.280518 0.006828070
3.3e-05 2734 793 6769 1398 0 0.318665 0.006598949
2.6e-05 2734 493 6431 1313 0 0.321594 0.006392002
3.5e-05 2734 836 6514 1369 0 0.284729 0.006388903
3.9e-05 2734 968 6700 1397 0 0.310791 0.007035971
4.3e-05 2734 1056 6728 1421 0 0.313416 0.007064104
3.6e-05 2734 746 6728 1394 0 0.326843 0.006799936
4.2e-05 2734 921 6678 1385 0 0.324768 0.006684065
2.2e-05 2734 764 6592 1376 0 0.281250 0.006589890
3.3e-05 2734 830 6957 1445 0 0.315430 0.007075787
2.8e-05 2734 1249 6829 1419 0 0.309570 0.006861925
3.8e-05 2734 761 7054 1454 0 0.297241 0.007331133
3.4e-05 2734 764 6877 1427 0 0.286499 0.006790161
4.6e-05 2734 855 6862 1436 0 0.304688 0.006978035
