"Validation time(S)" "Commits" "Aborts" "Val Reads" "Val success" "Val fail" "Energy (J)" "Time(S)"
0.445707 15000000 7426861 302536779 7935904 18876 200.711853 3.577455997
0.449889 15000000 7351562 303318868 7952713 18181 201.099854 3.568002939
0.458484 15000000 7257106 304998879 7996580 22283 201.714905 3.568207026
0.446439 15000000 7279575 300544168 7880737 22784 200.157227 3.550611019
0.448257 15000000 7311380 303768676 7945145 17727 201.143860 3.566010952
0.450886 15000000 7373188 304115295 7962554 20066 204.524048 3.581584930
0.452066 15000000 7358157 303901156 7945300 16650 200.850342 3.568134069
0.456972 15000000 7333607 304319695 7974867 17298 202.626587 3.551329136
0.446948 15000000 7303030 302507118 7931290 20169 201.474670 3.566076040
0.460318 15000000 7242377 306035209 7996254 22902 201.430420 3.579504967
0.452864 15000000 7404243 302894187 7955624 17217 202.827820 3.570218801
0.454721 15000000 7375525 302950590 7955468 19584 206.534729 3.595407963
0.446443 15000000 7385517 301376211 7905258 20849 203.406250 3.573432922
0.450718 15000000 7413170 303908722 7973643 15741 200.643494 3.566528082
0.451 15000000 7293052 303526610 7969257 20849 201.738281 3.554440022
0.449625 15000000 7368946 304718202 7986771 16508 204.787231 3.584398031
0.449077 15000000 7367404 302517811 7935592 21484 203.810181 3.583170176
0.449819 15000000 7370283 303067982 7956330 19181 202.901428 3.565263987
0.451286 15000000 7310787 305036559 7947834 18782 201.225159 3.554965973
0.454023 15000000 7295137 303628049 7953638 21404 202.635376 3.559833050
