"Validation time(S)" "Commits" "Aborts" "Val Reads" "Val success" "Val fail" "Energy (J)" "Time(S)"
0.000537 10000 2467265 79816 4226 313 28.729797 0.533104181
0.000525 10000 2666721 81481 4345 324 32.448242 0.594997168
0.000585 10000 2489795 87527 4397 340 31.539612 0.570044994
0.000518 10000 2533535 79855 4225 295 28.264465 0.529469967
0.000524 10000 2581354 80411 4115 292 28.784668 0.538748026
0.000509 10000 2517216 80431 4131 299 28.077515 0.525781870
0.000547 10000 2561644 81825 4383 336 30.307495 0.558668852
0.000517 10000 2546694 81176 4244 342 29.172363 0.542832136
0.000575 10000 2657593 81501 4237 344 30.184875 0.562331200
0.000689 10000 2459654 92643 4764 371 33.471252 0.581646919
0.000655 10000 2415392 88771 4543 310 34.597168 0.593069077
0.000674 10000 2477123 96451 4646 361 34.062134 0.593354940
0.000509 10000 2519713 78722 4184 275 29.237122 0.542921782
0.000533 10000 2535127 87164 4277 305 29.334900 0.547991991
0.000513 10000 2520615 80845 4224 283 28.296631 0.532172918
0.000517 10000 2601876 80240 4196 268 29.351990 0.547502995
0.000475 10000 2502227 77292 3993 301 27.998840 0.524534941
