"Validation time(S)" "Commits" "Aborts" "Val Reads" "Val success" "Val fail" "Energy (J)" "Time(S)"
0.001848 4096 37 1469362 3731 2 0.363525 0.008129835
0.001823 4096 46 1481134 3767 0 0.437195 0.008539200
0.001878 4096 55 1471103 3745 0 0.399963 0.008348942
0.001877 4096 23 1474147 3760 4 0.371094 0.008150816
0.001868 4096 15 1463994 3724 1 0.391296 0.008397102
0.001893 4096 11 1474337 3739 1 0.403992 0.008209944
0.00184 4096 34 1487647 3773 3 0.400452 0.008563042
0.001829 4096 25 1463737 3717 2 0.393677 0.008504868
0.001921 4096 25 1474990 3757 3 0.393494 0.008203983
0.00186 4096 22 1456200 3705 2 0.387573 0.008460999
0.001892 4096 24 1489605 3786 1 0.409424 0.008237839
0.001848 4096 30 1476868 3764 2 0.360107 0.008291006
0.001845 4096 40 1474067 3747 3 0.403259 0.008478880
0.001879 4096 8 1475799 3780 1 0.428284 0.008589029
0.001861 4096 96 1482335 3774 4 0.399231 0.008714914
0.001891 4096 79 1471725 3734 1 0.394348 0.008625984
0.001936 4096 49 1486497 3770 0 0.401062 0.008714914
0.001927 4096 48 1477572 3755 1 0.405640 0.008747101
0.001869 4096 48 1483768 3764 2 0.405884 0.008580923
0.001897 4096 41 1482108 3774 4 0.408630 0.008155823
0.001895 4096 78 1479564 3752 6 0.374634 0.007978916
0.001885 4096 75 1476313 3746 1 0.399231 0.008378983
0.001887 4096 7 1471662 3743 1 0.391602 0.008301020
0.001849 4096 9 1469680 3726 0 0.404419 0.007960081
0.001882 4096 22 1471925 3753 1 0.392578 0.008390903
0.001893 4096 25 1480169 3750 1 0.385803 0.008540154
0.001906 4096 40 1491353 3788 1 0.366150 0.008327007
0.001897 4096 49 1493475 3794 3 0.380981 0.008509874
0.001835 4096 36 1486129 3783 1 0.396057 0.008549929
0.001929 4096 15 1475357 3761 0 0.398743 0.008271933
0.001909 4096 38 1482531 3766 1 0.402771 0.008043051
