"Validation time(S)" "Commits" "Aborts" "Val Reads" "Val success" "Val fail" "Energy (J)" "Time(S)"
1.44349 4194304 10159 1152559192 4088124 1935 241.261902 4.690019131
1.44225 4194304 11484 1154893940 4096858 1831 239.044739 4.655203819
1.44342 4194304 10213 1154461470 4095089 1885 239.211975 4.661768913
1.44482 4194304 11494 1154731190 4096265 1970 239.095642 4.649855852
1.45136 4194304 11855 1153685169 4092614 1949 240.830200 4.678567886
1.43766 4194304 10024 1153841253 4093165 1905 239.480957 4.629270792
1.44291 4194304 11361 1152707809 4088832 1958 239.231384 4.661753893
1.47181 4194304 10677 1148220209 4072821 1940 240.038513 4.714881182
1.43837 4194304 11284 1154107067 4093780 1956 236.189209 4.599135876
1.45784 4194304 10662 1150704730 4081892 1804 240.606384 4.699080944
1.43674 4194304 11167 1154320448 4094636 1887 238.913391 4.625836134
1.43811 4194304 10541 1152819563 4089419 1908 238.296936 4.647804022
1.49544 4194304 10620 1149871476 4078232 1848 244.367920 4.757058144
1.47702 4194304 11103 1152600425 4087703 1954 242.532104 4.701236963
1.45717 4194304 10882 1149762598 4078572 2079 242.636230 4.710901976
1.46904 4194304 11783 1149992522 4079313 1969 239.989380 4.695043087
1.45176 4194304 10432 1153208330 4090495 1890 239.836975 4.662665844
1.46811 4194304 11340 1147233718 4069550 1893 242.093384 4.735470057
1.4726 4194304 11499 1145694551 4064029 1900 242.337097 4.758044004
1.44203 4194304 10603 1153290570 4091020 1902 241.793762 4.654145002
1.44531 4194304 10541 1153371686 4091306 1885 239.976074 4.648835182
1.44657 4194304 10991 1153446966 4091682 1945 240.948669 4.660045147
1.4627 4194304 11197 1149650870 4077869 1938 240.896545 4.705935955
1.43771 4194304 10869 1152429457 4088192 1783 239.964905 4.680653811
1.43633 4194304 9745 1154724605 4095900 2020 238.533142 4.616390944
1.44135 4194304 10290 1154888482 4096843 1882 240.089783 4.639392853
1.4371 4194304 10956 1154678983 4095961 1813 239.104431 4.629985094
1.43858 4194304 10269 1154799879 4096658 1868 240.516052 4.635535002
1.44314 4194304 10843 1154342289 4095021 1896 240.625000 4.659128904
1.43447 4194304 10476 1154014504 4093776 1969 241.325073 4.630748034
1.43837 4194304 10797 1154217709 4094535 1887 239.965454 4.629818916
