"Validation time(S)" "Commits" "Aborts" "Val Reads" "Val success" "Val fail" "Energy (J)" "Time(S)"
0.00133 4096 5 1031609 3723 1 0.209595 0.004035950
0.001363 4096 10 1034398 3749 1 0.224365 0.003823996
0.001316 4096 7 1043120 3790 2 0.206360 0.004104853
0.001321 4096 8 1033049 3745 1 0.207947 0.004107952
0.001321 4096 26 1034060 3750 3 0.169983 0.004231930
0.001259 4096 12 1034014 3749 1 0.169495 0.004070997
0.001354 4096 24 1046954 3786 0 0.164429 0.004115105
0.001323 4096 10 1032831 3745 2 0.162170 0.004142046
0.001302 4096 27 1043938 3779 2 0.175110 0.003648996
0.001305 4096 23 1035724 3747 2 0.213135 0.004182100
0.001318 4096 8 1037893 3771 0 0.211060 0.004118919
0.001337 4096 7 1040888 3784 2 0.181885 0.003880978
0.001321 4096 20 1043344 3787 2 0.165894 0.003734112
0.001303 4096 12 1034021 3752 3 0.208374 0.004288912
0.00135 4096 39 1048634 3788 3 0.208374 0.004281044
0.001363 4096 8 1033352 3739 0 0.216125 0.004096031
0.001306 4096 13 1040022 3769 1 0.206726 0.004368067
0.00131 4096 25 1030235 3726 2 0.200256 0.004147053
0.001268 4096 2 1018375 3697 2 0.209595 0.004143953
0.001292 4096 21 1037789 3753 4 0.208008 0.004031897
0.001331 4096 30 1035646 3741 4 0.165955 0.004307985
0.00131 4096 15 1036327 3749 0 0.166077 0.004112959
0.001292 4096 20 1038232 3762 3 0.169800 0.003877163
0.001307 4096 5 1029021 3728 1 0.215576 0.003991127
0.001359 4096 6 1035135 3752 1 0.216248 0.004060030
0.00133 4096 7 1035039 3754 1 0.208191 0.003887892
0.001272 4096 19 1033851 3758 1 0.167236 0.004296064
0.00132 4096 11 1038321 3766 1 0.171570 0.004060984
0.001344 4096 20 1038155 3766 2 0.207397 0.004108906
0.00131 4096 10 1029304 3727 2 0.217712 0.004086971
0.001281 4096 10 1036283 3763 1 0.205750 0.004153013
