"Validation time(S)" "Commits" "Aborts" "Val Reads" "Val success" "Val fail" "Energy (J)" "Time(S)"
0.000981 4096 0 759121 3866 0 0.156555 0.003428936
0.000985 4096 0 758942 3862 0 0.166260 0.003044844
0.000943 4096 1 756065 3846 1 0.115479 0.003255129
0.000937 4096 3 764467 3898 0 0.170166 0.003456831
0.000972 4096 1 761831 3883 0 0.147339 0.003360033
0.001019 4096 13 764422 3900 0 0.164673 0.003354073
0.00098 4096 4 762431 3887 0 0.154724 0.003546000
0.000983 4096 3 761319 3876 0 0.122253 0.003062010
0.000977 4096 9 766936 3909 0 0.126038 0.003176928
0.000972 4096 2 760718 3877 0 0.161926 0.003370047
0.00098 4096 12 759863 3863 0 0.153687 0.003424168
0.000919 4096 1 758819 3869 0 0.142944 0.003512859
0.000943 4096 2 763610 3888 1 0.146057 0.003393173
0.000939 4096 10 761656 3876 0 0.163208 0.002985001
0.000969 4096 0 755034 3851 0 0.151184 0.003572941
0.00094 4096 0 760060 3879 0 0.172119 0.003117085
0.00099 4096 2 759575 3882 0 0.159546 0.003259897
0.000952 4096 2 763219 3891 0 0.150757 0.003515005
0.000983 4096 3 760383 3873 0 0.115295 0.003467798
0.000934 4096 8 761159 3877 0 0.114624 0.003324986
0.001003 4096 2 757762 3864 0 0.164429 0.003405094
0.000945 4096 4 763104 3885 0 0.166809 0.003262043
0.00095 4096 6 762414 3880 0 0.163269 0.003093958
0.000953 4096 1 752449 3832 0 0.151550 0.003597021
0.000962 4096 4 763831 3899 0 0.150146 0.003340006
0.000975 4096 2 757565 3859 1 0.169128 0.003432989
0.00095 4096 0 763037 3897 0 0.156250 0.003581047
0.000955 4096 3 761619 3873 0 0.162781 0.003618002
0.000926 4096 3 759001 3868 1 0.156189 0.003422022
0.000959 4096 3 758233 3864 1 0.162598 0.003468037
0.000995 4096 4 761125 3879 0 0.140686 0.003447056
