"Validation time(S)" "Commits" "Aborts" "Val Reads" "Val success" "Val fail" "Energy (J)" "Time(S)"
0.00139 4096 45 1095599 3902 0 0.306396 0.006340027
0.001448 4096 6 1096374 3910 0 0.302551 0.006586075
0.001446 4096 14 1089572 3879 2 0.302368 0.007151842
0.00141 4096 10 1092108 3887 1 0.290283 0.006685019
0.001309 4096 4 1085462 3864 1 0.300171 0.006761074
0.001374 4096 17 1095976 3889 1 0.306335 0.006617069
0.001379 4096 24 1091188 3876 2 0.301514 0.006915092
0.001419 4096 13 1088338 3871 0 0.271851 0.006359816
0.001395 4096 11 1094823 3897 0 0.307190 0.006648064
0.0014 4096 89 1101940 3912 2 0.292786 0.006933928
0.00137 4096 44 1087631 3866 0 0.293091 0.007088900
0.001345 4096 14 1093944 3902 0 0.336609 0.007118940
0.001348 4096 12 1090687 3876 1 0.331055 0.007108927
0.001377 4096 82 1085181 3856 1 0.306213 0.006670952
0.00137 4096 29 1089131 3875 0 0.311951 0.006564140
0.001339 4096 11 1087584 3863 1 0.316467 0.006399870
0.001329 4096 5 1082681 3849 1 0.333374 0.007153988
0.001383 4096 65 1096822 3887 2 0.322937 0.007119894
0.001332 4096 30 1085868 3868 4 0.338379 0.006980896
0.001315 4096 12 1088060 3861 1 0.296021 0.006920099
0.001361 4096 10 1089263 3877 1 0.308777 0.006484032
0.001366 4096 31 1092694 3889 3 0.293152 0.007223129
0.001366 4096 12 1095827 3896 1 0.295959 0.007165909
0.001382 4096 42 1090847 3880 1 0.298035 0.006772995
0.001326 4096 6 1086520 3865 2 0.310181 0.006532907
0.001399 4096 7 1086662 3870 1 0.295532 0.006938934
0.001348 4096 24 1089848 3878 0 0.298584 0.007200003
0.001337 4096 39 1091793 3880 1 0.335876 0.007148027
0.001429 4096 14 1094492 3894 2 0.296997 0.007160902
0.001389 4096 26 1097083 3897 1 0.307007 0.006649971
0.001353 4096 6 1083557 3854 0 0.300476 0.006580114
