"Validation time(S)" "Commits" "Aborts" "Val Reads" "Val success" "Val fail" "Energy (J)" "Time(S)"
0.000632 5083 74803 218491 1326 94 0.383667 0.005650043
0.000713 5055 74135 227353 1346 74 0.389282 0.006105185
0.000678 4992 74057 224227 1324 78 0.384644 0.005535126
0.000711 5110 81525 229986 1389 65 0.383850 0.005756140
0.000705 5051 69982 225962 1396 61 0.377747 0.005850077
0.000695 5129 110352 226168 1329 90 0.458679 0.007107019
0.000706 5001 83895 225601 1353 56 0.438110 0.006500006
0.000656 5084 72130 222586 1312 79 0.376770 0.005594969
0.000703 5037 81451 225118 1320 97 0.408325 0.007153034
0.000715 5095 77864 230279 1388 65 0.390625 0.006308079
0.000678 5107 68891 230568 1357 51 0.343018 0.005609989
0.000719 5037 81878 228095 1329 67 0.434387 0.006072998
0.000682 5188 91764 228339 1361 58 0.411377 0.005892038
0.000683 5173 86371 226478 1353 75 0.433716 0.006113052
0.000664 5083 71892 227348 1349 61 0.374146 0.005452156
0.000658 5005 66468 216677 1314 50 0.361511 0.006259918
0.000688 5145 79820 228706 1359 72 0.432617 0.006289005
0.00066 5181 81046 231591 1411 71 0.397766 0.005890131
0.000669 5019 73875 226743 1347 68 0.373047 0.005528927
0.000665 5086 72803 227323 1361 57 0.483765 0.009363890
0.000673 5029 65855 227426 1369 51 0.391602 0.005450010
0.000692 5111 83630 226597 1367 70 0.370667 0.005751848
0.000686 4963 80556 226269 1309 131 0.426331 0.005957127
0.000741 5199 78115 235806 1421 62 0.380371 0.005843163
0.000714 5077 81124 227397 1376 66 0.389587 0.006024122
0.000681 5059 68698 229714 1358 56 0.376282 0.005369902
0.000698 5169 95050 226443 1358 80 0.395142 0.006305933
0.000691 5053 81333 224621 1336 71 0.417419 0.006983042
0.000659 5048 75934 225580 1370 68 0.341370 0.005514145
0.000671 4971 72222 217314 1299 42 0.334900 0.005362034
0.000697 5089 79290 225963 1399 63 0.373718 0.005730152
