"Validation time(S)" "Commits" "Aborts" "Val Reads" "Val success" "Val fail" "Energy (J)" "Time(S)"
0.40881 2547693 32569646 150932042 756361 8628 338.467285 2.696216822
0.406745 2548901 32581647 149079344 754844 8370 335.459534 2.692641973
0.406149 2549417 32839195 148959508 754225 7903 336.809204 2.702740192
0.408479 2547427 32529562 150975475 755000 7825 336.514648 2.695379019
0.412897 2548591 32067205 151185983 756133 7509 337.682373 2.722775221
0.404772 2548452 32265955 149555756 753832 7819 336.405212 2.675312042
0.410485 2547565 32549184 151245731 753864 8286 331.897888 2.707835197
0.407028 2548075 31449563 149593982 756328 8381 336.439880 2.705971956
0.406026 2547677 32526723 149969025 755347 7912 335.098755 2.687524080
0.40828 2546769 31899909 150145290 756492 8737 333.048279 2.716214895
0.410267 2550342 32318826 150083144 754795 8469 335.242371 2.701056957
0.410758 2547405 31614118 149592463 759566 8463 337.539001 2.742872953
0.40745 2548653 32680328 150903716 754400 7819 338.206360 2.691138983
0.410018 2548939 32458000 149939847 757320 7921 337.431274 2.733587027
0.408849 2549076 32562273 152078619 755046 7732 333.614197 2.698461056
0.405171 2548462 32379210 149931642 755814 7929 335.041992 2.675724030
0.405146 2549324 32566696 149847277 754393 7823 335.755737 2.687737942
0.40797 2547756 32461345 149656440 755624 8694 334.831604 2.719352007
0.406152 2547693 32230789 150555233 754895 7775 335.060852 2.688462019
0.404509 2547321 32043414 148636696 755273 7278 334.173828 2.681561947
0.403737 2548880 32481670 149123166 754863 8506 334.666748 2.686917067
0.409096 2548805 32391415 149744391 753507 8323 329.894104 2.700065851
0.405844 2548859 32696136 150361084 756591 9199 332.516052 2.711034060
0.408306 2548494 32600277 150933587 752888 7830 331.824158 2.684781075
0.408096 2548464 32482958 150120346 755579 7975 338.484192 2.691928864
0.405609 2547779 32429952 149120419 754000 8326 336.604309 2.689518929
0.409488 2547544 31514964 150052213 758782 7935 331.027588 2.699558973
0.405774 2549324 32458006 150413081 756614 7839 334.090881 2.691557169
0.407844 2548456 32422317 149096367 755485 8723 339.340881 2.737042904
0.405632 2548590 32441750 149719649 755533 7841 335.032532 2.685625076
0.408983 2547180 32408520 150779129 755631 8171 333.351624 2.689774036
