"Validation time(S)" "Commits" "Aborts" "Val Reads" "Val success" "Val fail" "Energy (J)" "Time(S)"
0 87382 0 0 0 0 691.508362 28.611240675
0 87382 0 0 0 0 692.943787 28.648162802
0 87382 0 0 0 0 691.064087 28.593124631
0 87382 0 0 0 0 690.758850 28.583144473
0 87382 0 0 0 0 693.588440 28.705616083
0 87382 0 0 0 0 690.943542 28.590225112
0 87382 0 0 0 0 691.847107 28.628250655
0 87382 0 0 0 0 691.031250 28.601253496
0 87382 0 0 0 0 691.078979 28.601626696
0 87382 0 0 0 0 691.246582 28.597518657
