"Validation time(S)" "Commits" "Aborts" "Val Reads" "Val success" "Val fail" "Energy (J)" "Time(S)"
0 25000000 0 0 0 0 314.753967 13.064222281
0 25000000 0 0 0 0 313.962280 13.055017388
0 25000000 0 0 0 0 314.021912 13.057177369
0 25000000 0 0 0 0 315.076050 13.073488312
0 25000000 0 0 0 0 313.523438 13.034728754
0 25000000 0 0 0 0 314.747070 13.061397079
0 25000000 0 0 0 0 315.458435 13.052094749
0 25000000 0 0 0 0 315.914368 13.105739461
0 25000000 0 0 0 0 315.722778 13.139151100
0 25000000 0 0 0 0 314.302734 13.100940920
