"Validation time(S)" "Commits" "Aborts" "Val Reads" "Val success" "Val fail" "Energy (J)" "Time(S)"
0 15000000 0 0 0 0 275.130371 11.105821390
0 15000000 0 0 0 0 277.536011 11.106917736
0 15000000 0 0 0 0 275.936829 11.136622157
0 15000000 0 0 0 0 276.482361 11.147965437
0 15000000 0 0 0 0 275.267273 11.101339399
0 15000000 0 0 0 0 277.613953 11.121276992
0 15000000 0 0 0 0 280.134155 11.124432206
0 15000000 0 0 0 0 275.398926 11.112748097
0 15000000 0 0 0 0 275.617737 11.125505169
0 15000000 0 0 0 0 274.718445 11.086582594
