"Validation time(S)" "Commits" "Aborts" "Val Reads" "Val success" "Val fail" "Energy (J)" "Time(S)"
0 25000000 0 0 0 0 388.152527 15.755000842
0 25000000 0 0 0 0 387.839722 15.751862279
0 25000000 0 0 0 0 384.141907 15.734357194
0 25000000 0 0 0 0 383.882080 15.723116161
0 25000000 0 0 0 0 385.086365 15.778299852
0 25000000 0 0 0 0 387.082642 15.731819929
0 25000000 0 0 0 0 383.678528 15.717602342
0 25000000 0 0 0 0 384.122498 15.740376344
0 25000000 0 0 0 0 386.262634 15.818896883
0 25000000 0 0 0 0 385.027466 15.777312007
