"Validation time(S)" "Commits" "Aborts" "Val Reads" "Val success" "Val fail" "Energy (J)" "Time(S)"
0 52 6 0 0 0 150.348083 6.248000000
0 52 6 0 0 0 155.029846 6.474000000
0 52 7 0 0 0 151.870544 6.320000000
0 52 5 0 0 0 150.698730 6.261000000
0 52 7 0 0 0 149.608398 6.198000000
0 52 6 0 0 0 124.506104 5.159000000
0 52 5 0 0 0 147.572998 6.135000000
0 52 7 0 0 0 145.340942 6.029000000
0 52 6 0 0 0 149.443115 6.209000000
0 52 5 0 0 0 149.735840 6.231000000
0 52 6 0 0 0 140.558350 5.865000000
0 52 5 0 0 0 146.636902 6.116000000
0 52 5 0 0 0 143.429993 5.973000000
0 52 5 0 0 0 151.082153 6.287000000
0 52 6 0 0 0 150.582458 6.265000000
0 52 6 0 0 0 147.483093 6.143000000
0 52 5 0 0 0 152.659790 6.353000000
0 52 7 0 0 0 145.847534 6.082000000
0 52 5 0 0 0 149.324707 6.215000000
0 52 9 0 0 0 148.435303 6.176000000
