"Validation time(S)" "Commits" "Aborts" "Val Reads" "Val success" "Val fail" "Energy (J)" "Time(S)"
0 4194304 0 0 0 0 383.636047 15.891311281
0 4194304 0 0 0 0 383.112305 15.866179277
0 4194304 0 0 0 0 383.859802 15.898220043
0 4194304 0 0 0 0 383.303040 15.879484192
0 4194304 0 0 0 0 392.866577 16.278689350
0 4194304 0 0 0 0 382.890442 15.863124162
0 4194304 0 0 0 0 384.449402 15.914419002
0 4194304 0 0 0 0 383.842957 15.900737144
0 4194304 0 0 0 0 387.145996 16.035418492
0 4194304 0 0 0 0 383.157959 15.874953249
