"Validation time(S)" "Commits" "Aborts" "Val Reads" "Val success" "Val fail" "Energy (J)" "Time(S)"
0 100000000 0 0 0 0 230.105286 9.195130308
0 100000000 0 0 0 0 231.393433 9.247283569
0 100000000 0 0 0 0 231.115662 9.233354421
0 100000000 0 0 0 0 229.975830 9.190578942
0 100000000 0 0 0 0 230.713623 9.219763225
0 100000000 0 0 0 0 231.337097 9.239654962
0 100000000 0 0 0 0 229.357483 9.165810172
0 100000000 0 0 0 0 232.841919 9.302387006
0 100000000 0 0 0 0 229.290649 9.161921292
0 100000000 0 0 0 0 234.767456 9.380102818
