"Validation time(S)" "Commits" "Aborts" "Val Reads" "Val success" "Val fail" "Energy (J)" "Time(S)"
0 150000000 0 0 0 0 250.533447 10.488364618
0 150000000 0 0 0 0 250.294861 10.502991597
0 150000000 0 0 0 0 250.274048 10.495659509
0 150000000 0 0 0 0 251.066406 10.528449138
0 150000000 0 0 0 0 250.803040 10.489720196
0 150000000 0 0 0 0 249.848938 10.481447744
0 150000000 0 0 0 0 248.792542 10.446237895
0 150000000 0 0 0 0 249.409180 10.456898177
0 150000000 0 0 0 0 248.998962 10.453531029
0 150000000 0 0 0 0 250.776917 10.508342001
