"Validation time(S)" "Commits" "Aborts" "Val Reads" "Val success" "Val fail" "Energy (J)" "Time(S)"
0 50000000 0 0 0 0 293.304749 13.573221904
0 50000000 0 0 0 0 293.787048 13.591369690
0 50000000 0 0 0 0 294.410828 13.594204646
0 50000000 0 0 0 0 293.581482 13.584061794
0 50000000 0 0 0 0 293.259705 13.570923542
0 50000000 0 0 0 0 300.540527 13.906493701
0 50000000 0 0 0 0 296.415161 13.716280620
0 50000000 0 0 0 0 293.205811 13.565415482
0 50000000 0 0 0 0 293.198059 13.555213019
0 50000000 0 0 0 0 300.868835 13.594412997
