"Validation time(S)" "Commits" "Aborts" "Val Reads" "Val success" "Val fail" "Energy (J)" "Time(S)"
0 23428126 0 0 0 0 428.862000 17.631795684
0 23428126 0 0 0 0 426.875916 17.494574792
0 23428126 0 0 0 0 425.831726 17.748188485
0 23428126 0 0 0 0 427.732239 17.467371503
0 23428126 0 0 0 0 425.093689 17.459529574
0 23428126 0 0 0 0 423.981873 17.489006439
0 23428126 0 0 0 0 422.733582 17.458256216
0 23428126 0 0 0 0 427.751648 17.716678160
0 23428126 0 0 0 0 434.871887 17.944867081
0 23428126 0 0 0 0 424.809875 17.466354648
