"Validation time(S)" "Commits" "Aborts" "Val Reads" "Val success" "Val fail" "Energy (J)" "Time(S)"
0 87382 0 0 0 0 391.839539 15.056567881
0 87382 0 0 0 0 395.021790 15.025635197
0 87382 0 0 0 0 396.238647 15.096277992
0 87382 0 0 0 0 393.397095 15.037350161
0 87382 0 0 0 0 398.549133 15.192453639
0 87382 0 0 0 0 401.342529 15.270238555
0 87382 0 0 0 0 396.113037 15.133037226
0 87382 0 0 0 0 392.970520 15.123128519
0 87382 0 0 0 0 392.634949 15.019274900
0 87382 0 0 0 0 391.940796 15.012211167
