"Validation time(S)" "Commits" "Aborts" "Val Reads" "Val success" "Val fail" "Energy (J)" "Time(S)"
0 200000 0 0 0 0 291.082825 10.521295928
0 200000 0 0 0 0 286.575378 10.326825282
0 200000 0 0 0 0 291.259216 10.494944758
0 200000 0 0 0 0 291.071167 10.505502675
0 200000 0 0 0 0 301.269531 10.886980451
0 200000 0 0 0 0 286.911499 10.333576297
0 200000 0 0 0 0 292.852661 10.555212673
0 200000 0 0 0 0 285.665039 10.302408352
0 200000 0 0 0 0 287.645142 10.355124402
0 200000 0 0 0 0 286.065979 10.404971313
