"Validation time(S)" "Commits" "Aborts" "Val Reads" "Val success" "Val fail" "Energy (J)" "Time(S)"
0 400000 0 0 0 0 574.971436 20.815716649
0 400000 0 0 0 0 575.566895 20.837747995
0 400000 0 0 0 0 581.912964 21.096859903
0 400000 0 0 0 0 586.631897 21.393528323
0 400000 0 0 0 0 581.143982 21.105111692
0 400000 0 0 0 0 581.810425 21.067106069
0 400000 0 0 0 0 575.908691 20.826459332
0 400000 0 0 0 0 590.441406 21.386410399
0 400000 0 0 0 0 581.467407 21.039935960
0 400000 0 0 0 0 585.138733 21.314012281
