"Validation time(S)" "Commits" "Aborts" "Val Reads" "Val success" "Val fail" "Energy (J)" "Time(S)"
0 15000000 0 0 0 0 308.305908 12.992685989
0 15000000 0 0 0 0 308.409729 12.991278405
0 15000000 0 0 0 0 307.422852 12.960753858
0 15000000 0 0 0 0 307.657349 12.967637584
0 15000000 0 0 0 0 308.234009 12.980449013
0 15000000 0 0 0 0 309.380920 13.011990614
0 15000000 0 0 0 0 307.435730 12.965109958
0 15000000 0 0 0 0 311.316589 13.120606225
0 15000000 0 0 0 0 308.887939 13.008030389
0 15000000 0 0 0 0 308.006653 12.961251466
