"Validation time(S)" "Commits" "Aborts" "Val Reads" "Val success" "Val fail" "Energy (J)" "Time(S)"
0 15000000 0 0 0 0 339.299744 13.909534699
0 15000000 0 0 0 0 340.711365 13.892814530
0 15000000 0 0 0 0 338.575256 13.897488728
0 15000000 0 0 0 0 339.782349 13.929137764
0 15000000 0 0 0 0 338.863037 13.890482547
0 15000000 0 0 0 0 338.932800 13.887626106
0 15000000 0 0 0 0 339.122620 13.898324436
0 15000000 0 0 0 0 338.240662 13.862376638
0 15000000 0 0 0 0 338.998413 13.898043673
0 15000000 0 0 0 0 338.971619 13.890133253
