"Validation time(S)" "Commits" "Aborts" "Val Reads" "Val success" "Val fail" "Energy (J)" "Time(S)"
0 4958 874 0 0 0 114.975342 5.078000000
0 4959 929 0 0 0 115.025085 5.071000000
0 5025 1165 0 0 0 114.791992 5.075000000
0 5031 1204 0 0 0 116.299072 5.085000000
0 4948 1181 0 0 0 115.315613 5.076000000
0 4958 918 0 0 0 116.155029 5.088000000
0 5010 1235 0 0 0 115.131836 5.079000000
0 5067 1618 0 0 0 115.183289 5.067000000
0 4958 981 0 0 0 115.997009 5.092000000
0 4958 823 0 0 0 115.832092 5.066000000
0 4958 1159 0 0 0 116.109924 5.084000000
0 4959 1024 0 0 0 116.096924 5.080000000
0 4957 1278 0 0 0 115.556519 5.078000000
0 4957 920 0 0 0 117.044434 5.076000000
0 4957 810 0 0 0 115.670898 5.075000000
0 5053 1519 0 0 0 115.963013 5.074000000
0 4948 1051 0 0 0 115.072144 5.066000000
0 5010 929 0 0 0 116.184448 5.075000000
0 5053 1063 0 0 0 115.883545 5.085000000
0 5031 1152 0 0 0 115.805725 5.074000000
