"Validation time(S)" "Commits" "Aborts" "Val Reads" "Val success" "Val fail" "Energy (J)" "Time(S)"
0 4962 714 0 0 0 114.645386 5.068000000
0 5013 884 0 0 0 115.755676 5.086000000
0 4957 1170 0 0 0 115.021667 5.074000000
0 5053 847 0 0 0 115.283020 5.082000000
0 4959 1277 0 0 0 115.636841 5.086000000
0 4957 855 0 0 0 115.991455 5.069000000
0 4958 911 0 0 0 114.896912 5.078000000
0 4857 1021 0 0 0 115.877075 5.084000000
0 4957 838 0 0 0 117.369934 5.077000000
0 4957 1152 0 0 0 115.490784 5.082000000
0 4948 977 0 0 0 115.884766 5.081000000
0 4916 927 0 0 0 116.043884 5.067000000
0 4916 889 0 0 0 123.285828 5.074000000
0 5013 1335 0 0 0 116.330200 5.084000000
0 4958 1297 0 0 0 115.955017 5.089000000
0 5031 755 0 0 0 115.337463 5.076000000
0 5045 1083 0 0 0 115.730103 5.083000000
0 4948 984 0 0 0 115.829468 5.081000000
0 4959 837 0 0 0 115.529724 5.075000000
0 4701 1032 0 0 0 116.046936 5.075000000
