"Validation time(S)" "Commits" "Aborts" "Val Reads" "Val success" "Val fail" "Energy (J)" "Time(S)"
0 5045 1663 0 0 0 114.897522 5.085000000
0 4948 876 0 0 0 114.574646 5.071000000
0 5019 1193 0 0 0 115.249634 5.069000000
0 4948 1066 0 0 0 114.993652 5.070000000
0 4948 828 0 0 0 115.661438 5.085000000
0 4935 1381 0 0 0 115.644287 5.064000000
0 4911 1266 0 0 0 115.427246 5.071000000
0 4676 805 0 0 0 115.627625 5.075000000
0 5013 992 0 0 0 116.420105 5.077000000
0 4957 1422 0 0 0 115.732788 5.067000000
0 5090 1534 0 0 0 115.710022 5.070000000
0 4959 1145 0 0 0 116.128662 5.089000000
0 4958 1013 0 0 0 116.184631 5.068000000
0 5032 1039 0 0 0 116.014954 5.071000000
0 5013 840 0 0 0 115.585876 5.072000000
0 5013 927 0 0 0 115.771729 5.068000000
0 4948 1066 0 0 0 115.563293 5.066000000
0 4957 1030 0 0 0 115.949097 5.084000000
0 4958 849 0 0 0 115.432434 5.067000000
0 4959 1073 0 0 0 116.218140 5.080000000
