"Validation time(S)" "Commits" "Aborts" "Val Reads" "Val success" "Val fail" "Energy (J)" "Time(S)"
0 4948 707 0 0 0 114.464905 5.070000000
0 5013 1185 0 0 0 114.956055 5.078000000
0 4958 1372 0 0 0 115.002502 5.079000000
0 4958 1011 0 0 0 114.898132 5.075000000
0 4956 1396 0 0 0 115.209534 5.069000000
0 4926 1034 0 0 0 115.620911 6.019000000
0 5031 969 0 0 0 115.998596 5.086000000
0 4958 994 0 0 0 116.108093 5.087000000
0 5090 1380 0 0 0 115.889038 5.091000000
0 4958 1338 0 0 0 115.429321 5.080000000
0 4959 1268 0 0 0 115.434692 5.087000000
0 4958 1317 0 0 0 115.308289 5.087000000
0 5013 1082 0 0 0 115.670837 5.081000000
0 4958 1239 0 0 0 115.565552 5.071000000
0 5010 1184 0 0 0 116.099243 5.074000000
0 4959 1345 0 0 0 115.521057 5.071000000
0 4926 991 0 0 0 115.157410 5.070000000
0 5090 1161 0 0 0 116.610657 5.085000000
0 5010 1489 0 0 0 115.919067 5.077000000
0 5013 813 0 0 0 115.825195 5.065000000
