"Validation time(S)" "Commits" "Aborts" "Val Reads" "Val success" "Val fail" "Energy (J)" "Time(S)"
0 5097 840 0 0 0 115.040100 5.083000000
0 4948 1288 0 0 0 115.560974 5.073000000
0 4957 911 0 0 0 115.281250 5.084000000
0 4958 1134 0 0 0 115.304016 5.070000000
0 4867 1043 0 0 0 115.265320 5.077000000
0 4959 1311 0 0 0 116.045471 5.077000000
0 4957 796 0 0 0 115.157104 5.073000000
0 4727 770 0 0 0 115.653687 5.070000000
0 5053 1187 0 0 0 115.273132 5.073000000
0 5010 1491 0 0 0 115.681641 5.064000000
0 4959 1196 0 0 0 116.403992 5.073000000
0 4959 860 0 0 0 116.585022 5.080000000
0 5045 1312 0 0 0 115.813843 5.081000000
0 5010 1608 0 0 0 115.884521 5.084000000
0 4958 1137 0 0 0 116.075989 5.081000000
0 5013 1059 0 0 0 115.788757 5.074000000
0 4957 984 0 0 0 115.728943 5.075000000
0 5010 1342 0 0 0 115.681274 5.064000000
0 4958 1004 0 0 0 116.170715 5.089000000
0 4966 1048 0 0 0 116.669373 5.070000000
