"Validation time(S)" "Commits" "Aborts" "Val Reads" "Val success" "Val fail" "Energy (J)" "Time(S)"
0 52 1 0 0 0 144.050598 6.088000000
0 52 0 0 0 0 140.062012 5.944000000
0 52 3 0 0 0 145.449524 6.140000000
0 52 2 0 0 0 146.722778 6.195000000
0 52 1 0 0 0 139.071411 5.867000000
0 52 0 0 0 0 143.224182 6.043000000
0 52 0 0 0 0 146.761841 6.192000000
0 52 0 0 0 0 144.034058 6.074000000
0 52 1 0 0 0 144.716431 6.107000000
0 52 1 0 0 0 144.444458 6.079000000
0 52 1 0 0 0 141.593445 5.972000000
0 52 3 0 0 0 145.936829 6.147000000
0 52 0 0 0 0 146.407104 6.133000000
0 52 1 0 0 0 133.012207 5.620000000
0 52 1 0 0 0 140.719543 5.942000000
0 52 1 0 0 0 145.524597 6.144000000
0 52 0 0 0 0 146.433105 6.174000000
0 52 0 0 0 0 133.455933 5.630000000
0 52 0 0 0 0 133.161560 5.624000000
0 52 1 0 0 0 147.185913 6.210000000
