"Validation time(S)" "Commits" "Aborts" "Val Reads" "Val success" "Val fail" "Energy (J)" "Time(S)"
0 1000000 0 0 0 0 593.319702 22.074293603
0 1000000 0 0 0 0 591.620239 21.902165335
0 1000000 0 0 0 0 601.965637 22.356649494
0 1000000 0 0 0 0 586.210266 21.783685787
0 1000000 0 0 0 0 584.820435 21.726341763
0 1000000 0 0 0 0 585.019592 21.735353918
0 1000000 0 0 0 0 585.627197 21.754546528
0 1000000 0 0 0 0 591.742676 21.978710159
0 1000000 0 0 0 0 595.034241 22.096254432
0 1000000 0 0 0 0 599.118713 22.284624776
0 1000000 0 0 0 0 599.855530 22.335187267
0 1000000 0 0 0 0 576.734253 21.428873603
0 1000000 0 0 0 0 586.445618 21.783150480
0 1000000 0 0 0 0 595.738037 22.024098171
0 1000000 0 0 0 0 605.775574 22.332376867
0 1000000 0 0 0 0 590.777222 21.787023355
0 1000000 0 0 0 0 600.897339 22.295859635
0 1000000 0 0 0 0 599.644775 22.290481070
0 1000000 0 0 0 0 609.423218 22.702944623
0 1000000 0 0 0 0 598.156250 22.211224505
0 1000000 0 0 0 0 595.597961 22.103355888
0 1000000 0 0 0 0 588.055908 21.799936556
0 1000000 0 0 0 0 602.198792 22.283951717
0 1000000 0 0 0 0 593.353943 22.030402347
0 1000000 0 0 0 0 602.486450 22.356008590
0 1000000 0 0 0 0 612.954041 22.672367923
0 1000000 0 0 0 0 596.049866 22.113507101
