"Validation time(S)" "Commits" "Aborts" "Val Reads" "Val success" "Val fail" "Energy (J)" "Time(S)"
0 22362279 0 0 0 0 285.927124 12.497884159
0 22362279 0 0 0 0 284.590393 12.484673226
0 22362279 0 0 0 0 285.189209 12.514914774
0 22362279 0 0 0 0 285.283142 12.469720148
0 22362279 0 0 0 0 285.757935 12.482519666
0 22362279 0 0 0 0 284.726440 12.493615924
0 22362279 0 0 0 0 285.548279 12.489327594
0 22362279 0 0 0 0 284.580994 12.489157785
0 22362279 0 0 0 0 286.355408 12.543187453
0 22362279 0 0 0 0 283.448303 12.472740542
