"Validation time(S)" "Commits" "Aborts" "Val Reads" "Val success" "Val fail" "Energy (J)" "Time(S)"
0 3055475 0 0 0 0 1632.092957 60.633327624
0 3093245 0 0 0 0 1632.189941 60.634631330
0 3063392 0 0 0 0 1623.700500 60.635803684
0 3104401 0 0 0 0 1630.959534 60.632788093
0 3079993 0 0 0 0 1622.061829 60.634131270
0 3079282 0 0 0 0 1626.766602 60.632707556
0 3046421 0 0 0 0 1626.528015 60.634235172
0 3077042 0 0 0 0 1624.792786 60.670471651
0 3073361 0 0 0 0 1636.208679 60.636005414
0 3054595 0 0 0 0 1642.358459 60.637229603
