"Validation time(S)" "Commits" "Aborts" "Val Reads" "Val success" "Val fail" "Energy (J)" "Time(S)"
0 268626 0 0 0 0 1680.420898 60.635465482
0 270528 0 0 0 0 1683.652466 60.632835993
0 271088 0 0 0 0 1669.628723 60.634669833
0 267660 0 0 0 0 1686.659363 60.632129128
0 267592 0 0 0 0 1662.120667 60.635162923
0 270771 0 0 0 0 1686.107239 60.635140886
0 267595 0 0 0 0 1679.128052 60.632558688
0 268363 0 0 0 0 1677.960327 60.631906495
0 264973 0 0 0 0 1691.840881 60.633835102
0 263306 0 0 0 0 1689.927002 60.634633033
