"Validation time(S)" "Commits" "Aborts" "Val Reads" "Val success" "Val fail" "Energy (J)" "Time(S)"
0 12374425 0 0 0 0 1666.025391 60.664370855
0 11854071 0 0 0 0 1624.452515 60.632929605
0 11951772 0 0 0 0 1666.906616 60.632394893
0 12417251 0 0 0 0 1658.630737 60.634297923
0 12353739 0 0 0 0 1646.666931 60.634184435
0 12709288 0 0 0 0 1644.662292 60.632241065
0 12766214 0 0 0 0 1648.129333 60.634388145
0 12538423 0 0 0 0 1638.551941 60.633731145
0 12378755 0 0 0 0 1655.439514 60.631176796
0 10178966 0 0 0 0 1612.293945 60.633793422
