"Validation time(S)" "Commits" "Aborts" "Val Reads" "Val success" "Val fail" "Energy (J)" "Time(S)"
0 3115875 0 0 0 0 1617.608032 60.632330132
0 3106954 0 0 0 0 1620.836426 60.632555629
0 3138806 0 0 0 0 1621.089722 60.631474741
0 3128288 0 0 0 0 1622.003723 60.640932633
0 3154470 0 0 0 0 1617.679443 60.633476889
0 3092961 0 0 0 0 1620.080811 60.635316914
0 3095862 0 0 0 0 1617.856445 60.635386791
0 3133369 0 0 0 0 1620.409668 60.631674416
0 3058668 0 0 0 0 1621.689392 60.644397621
0 3061843 0 0 0 0 1621.761658 60.634270626
