"Validation time(S)" "Commits" "Aborts" "Val Reads" "Val success" "Val fail" "Energy (J)" "Time(S)"
0 1085600 0 0 0 0 1660.104980 60.634396733
0 1078913 0 0 0 0 1666.154175 60.635112881
0 1075438 0 0 0 0 1660.991455 60.632616636
0 1083023 0 0 0 0 1659.649414 60.634893260
0 1081644 0 0 0 0 1655.009155 60.632222728
0 1091124 0 0 0 0 1659.938599 60.664532085
0 1091447 0 0 0 0 1660.112000 60.631931001
0 1090823 0 0 0 0 1642.261963 60.633420018
0 1079873 0 0 0 0 1671.481262 60.637408307
0 1076737 0 0 0 0 1677.378357 60.630043730
