"Validation time(S)" "Commits" "Aborts" "Val Reads" "Val success" "Val fail" "Energy (J)" "Time(S)"
0.043714 50000000 37 5189589 2594795 0 133.950195 3.050328016
0.044257 50000000 34 5193970 2596986 0 136.559998 3.119442940
0.044256 50000000 39 5192050 2596026 0 136.078979 3.084029913
0.044422 50000000 47 5193800 2596899 1 136.469299 3.070819139
0.043005 50000000 206962 4935513 2467757 0 136.945374 3.109153986
0.044181 50000000 28 5195156 2597578 0 135.863281 3.059894800
0.044154 50000000 32 5185471 2592734 1 136.864990 3.088041067
0.044136 50000000 38 5194151 2597074 1 135.380859 3.064025879
0.043855 50000000 37 5179001 2589501 0 134.638916 3.066406965
0.044461 50000000 36 5191456 2595726 2 135.283325 3.049981833
0.044511 50000000 56 5192373 2596187 0 137.004395 3.067615032
0.043968 50000000 44 5192765 2596383 0 136.511658 3.089959145
0.044437 50000000 43 5192997 2596499 0 138.180298 3.147172928
0.044744 50000000 44 5186240 2593120 0 136.250427 3.073785067
0.044477 50000000 50 5189939 2594968 1 136.578735 3.105057001
0.044429 50000000 26 5189901 2594951 0 136.230896 3.056318998
0.044089 50000000 34 5182800 2591400 0 136.223877 3.050167084
0.04479 50000000 33 5181921 2590961 0 137.418091 3.085273981
0.044361 50000000 41 5197670 2598836 0 136.377197 3.064030170
0.043915 50000000 34 5188396 2594198 0 135.720581 3.118358850
