"Validation time(S)" "Commits" "Aborts" "Val Reads" "Val success" "Val fail" "Energy (J)" "Time(S)"
1.1294 23428129 7417785 531166598 15880894 9054 341.536926 6.204783916
1.13263 23428129 7434127 530943845 15880894 8272 341.367615 6.196325064
1.13523 23428129 7335944 530566274 15880894 8003 340.755249 6.201825857
1.13143 23428129 7388629 530239556 15880894 9881 342.897644 6.215576172
1.12982 23428129 7308029 530094431 15880894 8752 341.279297 6.172271013
1.12903 23428129 7459699 530052503 15880894 8063 345.456543 6.248810053
1.1361 23428129 7439455 529611108 15880894 8480 340.921265 6.178859949
1.13854 23428129 7349025 530310487 15880894 9197 341.663879 6.210079908
1.13403 23428129 7389912 530930950 15880894 8783 345.106079 6.236558914
1.14129 23428129 7365945 531170385 15880894 8992 344.363220 6.228087902
1.12811 23428129 7463149 527116449 15880894 8377 341.969238 6.169848919
1.1312 23428129 7429079 530506993 15880894 8751 341.661804 6.178209066
1.13504 23428129 7404444 530126496 15880894 8586 344.336487 6.221723795
1.12742 23428129 7435057 529670059 15880894 8451 340.603149 6.174995899
1.133 23428129 7467100 529470191 15880894 8887 343.429138 6.207548857
1.14104 23428129 7432675 531205447 15880894 9337 341.782349 6.199361086
1.12408 23428129 7460308 527806319 15880894 8824 342.130127 6.181063890
1.14353 23428129 7387380 530754603 15880894 8240 342.669312 6.201653004
1.13217 23428129 7332038 531451143 15880894 12347 343.620117 6.249292135
1.12888 23428129 7312465 530087813 15880894 8548 343.589905 6.208757162
1.13265 23428129 7393684 532343607 15880894 8982 343.472168 6.213787079
