"Validation time(S)" "Commits" "Aborts" "Val Reads" "Val success" "Val fail" "Energy (J)" "Time(S)"
0.000847 21849 15745 415065 21849 0 0.772095 0.013299942
0.000825 21849 15519 415065 21849 0 0.792175 0.013087988
0.000886 21849 13875 415065 21849 0 0.851746 0.013702869
0.00082 21849 15757 415065 21849 0 0.788452 0.012922049
0.000848 21849 15864 415065 21849 0 0.928894 0.013570070
0.000811 21849 13887 415065 21849 0 0.833008 0.013835192
0.000828 21849 16024 415065 21849 0 0.797607 0.012742043
0.000798 21849 15419 415065 21849 0 0.831177 0.013114929
0.0008 21849 15039 415065 21849 0 0.801819 0.012325048
0.000771 21849 13965 415065 21849 0 0.809692 0.013999939
0.000817 21849 13785 415065 21849 0 0.781189 0.013633013
0.000861 21849 13352 415065 21849 0 0.823120 0.013603926
0.000822 21849 13687 415065 21849 0 0.794983 0.013268948
0.000809 21849 13828 415065 21849 0 0.824890 0.013968945
0.000831 21849 13988 415065 21849 0 0.752441 0.012881994
0.000843 21849 15125 415065 21849 0 0.763062 0.013355017
0.000832 21849 15973 415065 21849 0 0.777222 0.012736082
0.000871 21849 14969 415065 21849 0 0.826233 0.013999939
0.000824 21849 13983 415065 21849 0 0.827942 0.013634205
0.000791 21849 13608 415065 21849 0 0.796936 0.013368130
0.000814 21849 16056 415065 21849 0 0.775452 0.012973070
