"Validation time(S)" "Commits" "Aborts" "Val Reads" "Val success" "Val fail" "Energy (J)" "Time(S)"
0.003703 87385 23898 2184537 87385 0 222.932861 3.961634874
0.003609 87385 28153 2184537 87385 0 215.059937 3.842271090
0.003712 87385 28066 2184537 87385 0 273.724609 4.875030994
0.003606 87385 28396 2184537 87385 0 221.757263 3.887047052
0.003754 87385 24599 2184537 87385 0 216.254272 3.833626986
0.003764 87385 24160 2184537 87385 0 218.773254 3.919396877
0.003625 87385 23960 2184537 87385 0 264.948547 4.751121998
0.003682 87385 23795 2184537 87385 0 215.143433 3.844427109
0.003856 87385 25709 2184537 87385 0 231.474548 4.147826910
0.003811 87385 27974 2184537 87385 0 267.733521 4.797740936
0.003683 87385 24766 2184537 87385 0 196.231873 3.507888079
0.003681 87385 23689 2184537 87385 0 229.400574 4.108392000
0.003671 87385 26855 2184537 87385 0 214.939331 3.845355034
0.003691 87385 23496 2184537 87385 0 217.600647 3.890097141
0.003686 87385 23645 2184537 87385 0 217.391968 3.870918989
0.00374 87385 23560 2184537 87385 0 258.853699 4.638132095
0.003709 87385 27532 2184537 87385 0 267.604187 4.786998987
0.00369 87385 23411 2184537 87385 0 248.145020 4.450470924
0.003728 87385 24279 2184537 87385 0 214.606567 3.841815948
0.003724 87385 27254 2184537 87385 0 197.896484 3.539056063
0.003728 87385 23903 2184537 87385 0 223.355591 3.984333038
