"Validation time(S)" "Commits" "Aborts" "Val Reads" "Val success" "Val fail" "Energy (J)" "Time(S)"
0.000577 1026 102 184844 1022 0 644.119080 12.108732939
0.000578 1026 91 184544 1022 0 620.052795 11.691133976
0.000597 1026 110 184852 1022 0 649.947388 12.251625061
0.000598 1026 99 184603 1021 0 630.761719 11.892762184
0.000622 1026 137 184849 1022 0 684.440979 12.900766850
0.000597 1026 105 184599 1021 0 653.463684 12.183569908
0.000587 1026 146 184513 1022 0 710.062805 13.287753105
0.00058 1026 87 184474 1022 0 627.913635 11.774447918
0.000616 1026 101 184846 1022 0 645.578918 12.115092039
0.000606 1026 93 184469 1021 0 635.778564 11.918756008
0.000614 1026 100 184622 1022 0 660.985046 12.208474874
0.000609 1026 104 184847 1022 0 652.506958 12.163585186
0.000596 1026 91 184631 1022 0 629.099365 11.802746058
0.000601 1026 91 184575 1022 0 620.732849 11.673434019
0.000625 1026 83 184475 1022 0 618.669006 11.630674839
0.00063 1026 98 184604 1021 0 648.381653 12.088433027
0.000629 1026 94 184475 1022 0 630.462769 11.755130053
0.000608 1026 95 184696 1022 0 633.383179 11.875200033
0.000625 1026 102 184641 1022 0 643.854553 12.080497026
0.000597 1026 92 184701 1022 0 625.090637 11.740556955
0.000632 1026 96 184473 1022 0 642.649841 12.005808115
