"Validation time(S)" "Commits" "Aborts" "Val Reads" "Val success" "Val fail" "Energy (J)" "Time(S)"
4e-06 180 40 2358 148 0 0.192505 0.004233122
5e-06 180 36 2364 149 0 0.241516 0.004595995
8e-06 180 36 2424 149 0 0.203857 0.004159927
2e-06 180 38 2386 148 0 0.217590 0.003639221
5e-06 180 33 2421 152 0 0.199219 0.004229784
2e-06 180 42 2413 147 0 0.201843 0.004089117
5e-06 180 35 2422 152 0 0.214600 0.003891945
1.2e-05 180 31 2388 149 0 0.211487 0.003976107
3e-06 180 37 2423 152 0 0.208191 0.003693104
8e-06 180 34 2418 150 0 0.195740 0.004346848
3e-06 180 33 2420 150 0 0.172363 0.004066229
3e-06 180 35 2427 150 0 0.164490 0.004052877
6e-06 180 36 2439 147 0 0.252930 0.005656004
3e-06 180 26 2272 145 0 0.195190 0.003958941
8e-06 180 33 2416 150 0 0.171631 0.003905773
9e-06 180 35 2309 143 0 0.000005 58
1.2e-05 180 40 2203 140 0 0.200745 0.004565954
9e-06 180 43 2359 147 0 0.000002 32
1e-05 180 30 2446 150 0 0.166870 0.003870964
8e-06 180 31 2337 146 0 0.169373 0.003976107
6e-06 180 37 2383 153 0 0.161865 0.003723860
