"Validation time(S)" "Commits" "Aborts" "Val Reads" "Val success" "Val fail" "Energy (J)" "Time(S)"
14.5316 50000000 82050219 6835021657 44999125 30930425 1827.912354 33.936192036
16.035 50000000 87859081 7680332928 44997049 35531651 1916.900452 35.940567970
16.0094 50000000 93329060 7716498727 44995133 33539747 2070.438904 38.435488939
15.0735 50000000 86054939 7043170098 44999948 32184630 1907.040100 35.388192892
14.9181 50000000 83629358 6998572564 44999418 32672179 1872.981689 34.451264143
16.6871 50000000 98801461 7939334842 44995172 36103562 2124.002502 38.774955034
14.9022 50000000 82306422 6861787646 44995206 33414841 1820.458130 33.719870090
15.2995 50000000 90971646 7461558852 44999028 33207278 1977.088623 36.335208893
17.105 50000000 91362818 7954332481 44996231 36653967 2065.174683 38.138144970
14.2854 50000000 79002440 6839822015 44996865 32084949 1772.652466 32.802489996
15.8146 50000000 89566674 7675498490 44998940 34860753 1985.613953 36.509336948
16.2814 50000000 88887143 7671243627 44998280 33999077 2052.281982 37.639755011
14.2337 50000000 79156274 6832105098 44998332 31194044 1745.423950 32.664889097
