"Validation time(S)" "Commits" "Aborts" "Val Reads" "Val success" "Val fail" "Energy (J)" "Time(S)"
23.4862 200000 333461 6759469903 229731 202782 1369.360596 24.797177076
23.1037 200000 325517 6747868210 229950 202067 1344.059753 24.777592897
22.881 200000 327282 6688448457 229754 200470 1338.534180 24.329664946
23.8493 200000 341536 6870507938 229792 209376 1379.551758 24.722887993
23.3726 200000 344512 6907543195 229895 213084 1376.704773 24.266583204
23.5419 200000 340301 6837882978 229777 205021 1382.674011 24.872856855
23.286 200000 338520 6751491754 229799 206374 1365.323425 24.568654060
22.5012 200000 321458 6584863059 229740 195140 1339.948792 24.893815041
23.009 200000 334987 6739084821 229810 203595 1361.879761 24.378748894
22.7732 200000 329855 6659547247 229642 199344 1348.613770 24.566565990
22.9819 200000 332871 6718277032 229652 203764 1347.683899 24.248607159
23.6902 200000 342418 6914609542 229528 213413 1383.227905 24.510419130
22.7488 200000 332557 6670223839 229873 199155 1359.860779 24.547768116
