"Validation time(S)" "Commits" "Aborts" "Val Reads" "Val success" "Val fail" "Energy (J)" "Time(S)"
0.042511 25000000 2363033 16500843 314257 8 179.308960 3.270256996
0.042199 25000000 2353650 16502954 313673 17 181.779663 3.284523964
0.0423 25000000 2406662 16546979 314424 12 180.671753 3.271148205
0.04216 25000000 2359485 16517026 313744 13 180.978638 3.270657063
0.042463 25000000 2374015 16472095 313145 12 181.528687 3.275205135
0.042277 25000000 2413693 16496098 313911 8 182.483826 3.298756123
0.042352 25000000 2401485 16555066 314446 14 182.067505 3.305855036
0.042661 25000000 2348034 16461776 313484 13 180.544250 3.291429996
0.04227 25000000 2420396 16581589 314548 11 181.101440 3.284739971
0.042369 25000000 2387435 16545807 314127 18 179.858032 3.288527012
0.04224 25000000 2383984 16519384 314276 9 180.031555 3.288465023
0.042403 25000000 2366888 16500792 313652 11 180.376160 3.294304132
0.041976 25000000 2388896 16479018 313499 10 180.443359 3.277403116
0.042536 25000000 2400065 16536743 314333 12 181.025574 3.297128916
0.042108 25000000 2395857 16499118 314165 17 180.991089 3.286669970
0.042358 25000000 2423043 16480118 313801 8 180.591919 3.290141106
0.042277 25000000 2425902 16598238 315136 16 182.633911 3.306231022
0.041815 25000000 2354384 16443836 313500 16 179.531006 3.260071993
0.042349 25000000 2396734 16503911 313448 10 180.174866 3.284211874
0.042537 25000000 2368464 16486422 313933 12 179.615784 3.266304970
0.042513 25000000 2411330 16562639 314801 9 185.024841 3.353049994
0.042259 25000000 2359070 16490507 313832 15 183.728088 3.327626944
0.042301 25000000 2405840 16586623 315224 16 185.053040 3.348412037
0.042525 25000000 2378256 16576571 315267 13 184.105713 3.321590900
0.042587 25000000 2318468 16469080 312969 11 183.723816 3.313049078
0.042279 25000000 2316358 16578278 314605 16 182.956604 3.309811831
0.042474 25000000 2392665 16539225 314053 7 184.421021 3.329382896
0.04228 25000000 2340379 16463064 313267 11 183.186768 3.311981201
0.042085 25000000 2343041 16477046 313582 14 183.732300 3.317022800
0.042704 25000000 2395542 16552197 314186 13 184.322449 3.341297150
