"Validation time(S)" "Commits" "Aborts" "Val Reads" "Val success" "Val fail" "Energy (J)" "Time(S)"
6.40155 750000 32001 2037022963 639697 21268 534.689148 9.385293961
6.37626 750000 32106 2024821785 639448 21226 531.650269 9.399044991
6.32273 750000 32143 2013009137 639679 21450 530.363831 9.323745966
6.49396 750000 32226 2061323582 639660 21366 547.467041 9.565117836
6.57522 750000 32041 2068246357 639367 21331 552.033875 9.718330145
6.42756 750000 32046 2049654164 639637 21295 541.390808 9.416352987
6.39809 750000 31930 2011293281 639828 21327 537.871033 9.432424068
6.29233 750000 32414 2008775721 639483 21502 531.622620 9.261090994
6.53909 750000 32084 2070510730 640233 21129 549.825623 9.618812084
6.53447 750000 31673 2072292055 639860 20875 549.796326 9.618809938
6.508 750000 31979 2054817524 639892 21348 549.030762 9.644406080
6.45719 750000 31953 2052704079 639781 21252 544.593933 9.514969110
6.39258 750000 31819 2018190076 639512 21134 538.594910 9.431574106
6.49526 750000 31545 2054597468 639309 21089 546.777161 9.590040922
6.48232 750000 32344 2053450265 639730 21002 548.387390 9.555355072
6.52102 750000 31962 2060913258 639586 21188 544.228821 9.565822124
6.51198 750000 32189 2069835859 639279 21236 552.187683 9.686914921
6.40768 750000 32156 2041537229 639907 21128 541.179626 9.421842098
6.40683 750000 31994 2041013941 639529 21077 542.209106 9.393617153
6.57392 750000 32103 2086877091 639559 20936 554.256165 9.759492159
