"Validation time(S)" "Commits" "Aborts" "Val Reads" "Val success" "Val fail" "Energy (J)" "Time(S)"
0.364816 22362287 218 22362310 22362287 0 234.975159 6.999524117
0.364637 22362287 285 22362310 22362287 0 235.655396 7.009445906
0.365372 22362287 189 22362310 22362287 0 237.149719 7.022077084
0.366643 22362285 201 22362308 22362285 0 234.742126 7.013796091
0.365632 22362285 233 22362308 22362285 0 235.035889 6.989723921
0.366693 22362287 196 22362310 22362287 0 235.529175 6.989011049
0.365749 22362287 164 22362310 22362287 0 235.925232 7.012418032
0.366673 22362287 213 22362310 22362287 0 236.181824 7.027019978
0.364767 22362287 147 22362310 22362287 0 238.226685 7.032557249
0.36589 22362287 260 22362310 22362287 0 235.923340 7.011979103
0.364768 22362287 181 22362310 22362287 0 236.460144 7.022674084
0.365365 22362287 235 22362310 22362287 0 235.947021 7.004193068
0.365457 22362287 209 22362310 22362287 0 235.277588 7.010812759
0.376168 22362287 197 22362310 22362287 0 264.191528 7.306927919
0.368099 22362285 221 22362308 22362285 0 270.133179 7.196819782
0.381459 22362285 205 22362308 22362285 0 278.313782 7.496596098
0.387548 22362285 155 22362308 22362285 0 279.164307 7.517019749
0.383735 22362285 206 22362308 22362285 0 298.406311 7.616891146
0.369359 22362287 240 22362310 22362287 0 260.450378 7.219809055
0.379722 22362287 809 22362310 22362287 0 299.067200 7.497925758
0.394356 22362287 927 22362310 22362287 0 282.484192 7.664744139
