"Validation time(S)" "Commits" "Aborts" "Val Reads" "Val success" "Val fail" "Energy (J)" "Time(S)"
0.000778 47265 22 47272 47265 0 0.524719 0.016745806
0.00083 47265 15 47272 47265 0 0.466553 0.014647961
0.000795 47265 21 47272 47265 0 0.476379 0.016036987
0.000775 47267 5 47274 47267 0 0.464478 0.014593124
0.000793 47267 4 47274 47267 0 0.578064 0.016025066
0.000748 47267 18 47274 47267 0 0.478271 0.014241934
0.000761 47265 17 47272 47265 0 0.425232 0.012985945
0.000816 47265 22 47272 47265 0 0.522583 0.016768694
0.0008 47267 14 47274 47267 0 0.508972 0.016524076
0.000763 47267 23 47274 47267 0 0.511719 0.017105103
0.000778 47267 32 47274 47267 0 0.490906 0.015094042
0.000813 47267 20 47274 47267 0 0.481873 0.015965223
0.00078 47263 23 47270 47263 0 0.512390 0.016649008
0.000803 47267 29 47274 47267 0 0.518677 0.017529011
0.000805 47263 17 47270 47263 0 0.757996 0.026648045
0.000738 47267 30 47274 47267 0 0.476929 0.015625954
0.000891 47267 707 47274 47267 0 0.892883 0.023344994
0.000764 47267 10 47274 47267 0 0.512695 0.016337872
0.000762 47265 13 47272 47265 0 0.532898 0.017097950
0.000843 47263 23 47270 47263 0 0.554871 0.017735004
0.000803 47265 180 47272 47265 0 0.527527 0.015731096
