"Validation time(S)" "Commits" "Aborts" "Val Reads" "Val success" "Val fail" "Energy (J)" "Time(S)"
0.003598 4096 52 1558578 4096 4 0.724731 0.015431166
0.003661 4096 89 1559972 4096 7 0.685120 0.014694929
0.003575 4096 61 1556943 4096 1 0.681946 0.014773846
0.003602 4096 93 1560441 4096 8 0.709106 0.014896870
0.003589 4096 93 1557504 4096 3 0.670166 0.014707088
0.003562 4096 27 1560351 4096 8 0.676453 0.014524937
0.003614 4096 51 1559260 4096 5 0.677490 0.014665127
0.003607 4096 57 1557721 4096 2 0.667542 0.014378786
0.003591 4096 82 1560039 4096 7 0.714722 0.014879942
0.003644 4096 74 1559810 4096 6 0.717529 0.015337944
0.003534 4096 22 1559528 4096 5 0.669983 0.014361858
0.003588 4096 68 1557533 4096 2 0.679443 0.014739037
0.003564 4096 79 1562262 4096 11 0.666809 0.014367104
0.003612 4096 38 1558475 4096 4 0.675110 0.014636993
0.003643 4096 179 1560762 4096 8 0.685547 0.015119076
0.003585 4096 77 1558488 4096 4 0.716431 0.014821053
0.003557 4096 79 1558283 4096 4 0.663391 0.014863014
0.003614 4096 54 1558738 4096 4 0.678772 0.014510155
0.003596 4096 42 1558253 4096 4 0.687805 0.014643908
0.003572 4096 95 1557542 4096 3 0.667114 0.014629841
0.003622 4096 65 1558554 4096 5 0.682983 0.014730930
