"Validation time(S)" "Commits" "Aborts" "Val Reads" "Val success" "Val fail" "Energy (J)" "Time(S)"
0.002257 4096 27 1099935 4090 1 0.407410 0.008879900
0.00229 4096 10 1100498 4090 2 0.411011 0.008633852
0.002318 4096 41 1099654 4090 0 0.408142 0.008891106
0.002214 4096 8 1100057 4090 1 0.391663 0.008185863
0.002292 4096 21 1099672 4090 0 0.407776 0.008831978
0.002274 4096 13 1100476 4090 2 0.418762 0.008494854
0.002339 4096 38 1100182 4090 1 0.395447 0.008529902
0.002273 4096 25 1099658 4090 0 0.411377 0.008104086
0.002243 4096 5 1099711 4090 0 0.527893 0.011737108
0.002266 4096 21 1100089 4090 1 0.446777 0.008571863
0.002301 4096 19 1100070 4090 1 0.447327 0.008580923
0.002304 4096 8 1100533 4090 2 0.436096 0.008666992
0.002245 4096 11 1100309 4090 2 0.411743 0.008412123
0.002299 4096 23 1099659 4090 0 0.418518 0.009076118
0.002245 4096 19 1100061 4090 1 0.406982 0.008679152
0.002265 4096 13 1099943 4090 1 0.394714 0.008522987
0.002291 4096 43 1100841 4090 4 0.413330 0.008562803
0.002231 4096 10 1100796 4090 3 0.416016 0.008767843
0.002304 4096 7 1100023 4090 1 0.446411 0.009138107
0.002265 4096 27 1101318 4090 5 0.446045 0.009379864
0.002216 4096 20 1100182 4090 1 0.399536 0.008372068
