"Validation time(S)" "Commits" "Aborts" "Val Reads" "Val success" "Val fail" "Energy (J)" "Time(S)"
2.13385 4194304 16710 1185877424 4187892 2390 330.003845 6.602721930
2.13768 4194304 17276 1185882023 4187891 2408 333.338867 6.588763952
2.12783 4194304 17391 1185884241 4187895 2440 330.023193 6.557308912
2.12492 4194304 16027 1185884819 4187891 2436 329.646362 6.522909880
2.12805 4194304 16865 1185868153 4187897 2350 325.731018 6.540099859
2.12794 4194304 17535 1185873926 4187890 2406 325.858826 6.525835991
2.12614 4194304 16388 1185890236 4187892 2444 325.368042 6.549987078
2.13073 4194304 16250 1185891036 4187892 2469 330.999329 6.538032055
2.12818 4194304 16337 1185848479 4187894 2341 327.975464 6.540781975
2.12354 4194304 16772 1185879434 4187896 2398 329.156677 6.520961046
2.12747 4194304 16236 1185856816 4187894 2345 329.449036 6.543174982
2.12875 4194304 17190 1185892395 4187895 2450 329.437256 6.532826900
2.12872 4194304 16351 1185865505 4187891 2355 326.234009 6.533493996
2.13018 4194304 16940 1185873051 4187895 2391 332.591675 6.569347143
2.12913 4194304 16523 1185882723 4187893 2407 327.771362 6.553497076
2.12891 4194304 17113 1185880136 4187890 2435 327.897827 6.565850973
2.12847 4194304 16560 1185896996 4187894 2449 331.557739 6.561245918
2.12494 4194304 17124 1185882850 4187897 2415 327.762024 6.555439234
2.13816 4194304 16911 1185864630 4187899 2356 331.737854 6.584453821
2.12532 4194304 17308 1185888412 4187894 2444 328.187927 6.518318176
2.13304 4194304 17637 1185865454 4187893 2374 331.041504 6.543975115
