"Validation time(S)" "Commits" "Aborts" "Val Reads" "Val success" "Val fail" "Energy (J)" "Time(S)"
0.002215 4096 49 1147327 4096 5 0.523987 0.010725975
0.002261 4096 31 1145679 4096 1 0.491821 0.010416031
0.002238 4096 17 1146002 4096 2 0.520386 0.011085987
0.002138 4096 32 1146844 4096 4 0.484314 0.010356188
0.002176 4096 11 1145753 4096 1 0.484680 0.009881973
0.002144 4096 27 1146184 4096 2 0.480469 0.010063887
0.002142 4096 21 1145388 4096 0 0.479736 0.010364056
0.00219 4096 36 1145388 4096 0 0.494812 0.010118961
0.002163 4096 20 1145988 4096 2 0.486755 0.010375977
0.002174 4096 25 1145789 4096 1 0.519897 0.010637045
0.002132 4096 54 1146453 4096 3 0.483398 0.010491848
0.002218 4096 19 1145753 4096 1 0.471313 0.010622025
0.002127 4096 29 1146181 4096 3 0.487122 0.010262012
0.002208 4096 34 1145589 4096 1 0.490417 0.011027098
0.002137 4096 20 1145789 4096 1 0.487732 0.010452986
0.002252 4096 11 1145789 4096 1 0.485535 0.010786057
0.002162 4096 51 1146225 4096 3 0.487427 0.010488033
0.002121 4096 17 1145663 4096 1 0.476929 0.010299921
0.002226 4096 6 1146166 4096 2 0.484314 0.009933949
0.002183 4096 35 1146684 4096 4 0.449768 0.009850979
0.00221 4096 8 1145795 4096 1 0.481201 0.010487795
