"Validation time(S)" "Commits" "Aborts" "Val Reads" "Val success" "Val fail" "Energy (J)" "Time(S)"
0.368163 2599774 4006438 118239381 1661150 6630 470.859497 5.457674026
0.370136 2600781 4070062 118575184 1661699 7054 474.861694 5.508280993
0.364444 2600651 4002783 116704554 1661650 6290 468.836792 5.403867960
0.364688 2599769 3955206 117141954 1661386 4505 466.623840 5.358670950
0.365785 2598595 4017318 117212919 1660675 5839 472.555542 5.442342997
0.364806 2599632 3963289 117157226 1661220 4356 468.150452 5.355912209
0.365037 2601120 3979846 117582560 1661979 5479 471.387146 5.398956060
0.36374 2600824 3970749 116389359 1661631 4666 467.363892 5.352110147
0.364415 2600482 3959219 116929437 1661521 4670 467.477234 5.361665010
0.364932 2601493 3982936 116821051 1662048 4026 469.904907 5.345035076
0.365383 2599362 4012707 116849903 1660990 6026 473.474121 5.407770872
0.368841 2600884 4031786 117303180 1661820 6328 470.573120 5.443527937
0.371297 2599642 3965063 118049840 1661278 4588 470.657166 5.435934067
0.368448 2600763 4010993 118721313 1661809 5602 476.403809 5.446465969
0.367077 2601056 3995223 117596027 1661839 4773 469.674988 5.391820192
0.36687 2600781 3975570 117978431 1661686 4588 468.750183 5.379236221
0.365405 2599973 3997020 116736441 1661211 4999 469.733337 5.372953176
0.368693 2599849 3981391 118127728 1661529 6079 468.215332 5.409452915
0.367655 2600481 4021470 117521192 1661713 6387 471.356384 5.444890976
0.367014 2601075 3981344 117027984 1661807 5492 473.875366 5.460537910
0.369115 2599828 4020864 118089936 1661234 6134 478.421387 5.460833073
