"Validation time(S)" "Commits" "Aborts" "Val Reads" "Val success" "Val fail" "Energy (J)" "Time(S)"
0.002408 14133 15363 709387 9325 152 3.438232 0.040519953
0.002404 14122 14500 689243 9317 92 3.260864 0.036458969
0.002352 14236 14604 694144 9381 110 3.347656 0.035114050
0.002352 14107 14658 686872 9297 103 3.287048 0.034512997
0.002299 14113 14426 695491 9317 126 3.394531 0.035392046
0.00245 14163 17122 706017 9338 156 3.487488 0.039829016
0.002382 14156 14642 695699 9340 107 3.246826 0.036164999
0.002354 14140 15008 686760 9330 96 3.282593 0.034545183
0.002337 14160 15970 693329 9332 103 3.417358 0.037574053
0.002442 14125 14481 698120 9326 132 3.628601 0.038418055
0.00247 14092 16397 713835 9303 195 3.572571 0.040472031
0.0023 14143 15042 693219 9337 121 3.349060 0.036013842
0.00236 14120 14881 696364 9314 126 3.365662 0.038254976
0.00246 14131 14149 692471 9322 113 3.466736 0.039056063
0.002374 14062 13535 687928 9286 104 3.259827 0.034091949
0.00236 14103 14746 691881 9312 106 3.275513 0.034721136
0.0024 14112 14782 694992 9318 121 3.359192 0.036334038
0.002345 14098 13942 695407 9310 144 3.214294 0.034329891
0.002321 14170 13839 692894 9347 113 3.178406 0.033830166
0.002345 14297 17064 697307 9418 108 3.309143 0.035506964
0.002398 14111 13761 697404 9313 122 3.382996 0.037901878
