"Validation time(S)" "Commits" "Aborts" "Val Reads" "Val success" "Val fail" "Energy (J)" "Time(S)"
3.12031 35000000 50 61404280 75119160 50 131.326172 2.265143156
3.17753 35000000 266252 61096366 74399835 266252 131.390015 2.262826920
3.2464 35000000 44 62614010 76007781 44 131.179138 2.285162926
3.23717 35000000 43 62336429 75619020 43 130.015381 2.277043104
3.15475 35000000 56 61779064 75320672 56 128.625671 2.258798122
3.12074 35000000 50 61212041 75038884 50 128.915039 2.242671013
3.23935 35000000 47 62712128 75779408 47 129.869690 2.273303032
3.21763 35000000 39 62150919 75504394 39 131.077576 2.275927067
3.20456 35000000 257094 61374862 74504651 257094 130.669861 2.267852068
3.28642 35000000 33 63016645 75674919 33 133.664368 2.304892778
3.22158 35000000 57 62218100 75590689 57 129.874146 2.273374081
3.24833 35000000 64 62760086 76060005 64 130.948486 2.287231922
3.13096 35000000 42 61272424 75179343 42 131.091003 2.259335995
3.17212 35000000 42 61602487 75515123 42 131.316467 2.257210970
3.13752 35000000 418125 60030435 73603055 418125 131.001587 2.243339062
3.18105 35000000 35 61772465 75575169 35 129.160278 2.264748812
3.28879 35000000 39 62870796 76213788 39 130.994141 2.287261009
3.21142 35000000 46 62226553 75453792 46 132.119507 2.276357174
3.25486 35000000 48 62731720 76192489 48 132.712769 2.292026997
3.20776 35000000 41 62304137 75717862 41 130.310974 2.274889946
