"Validation time(S)" "Commits" "Aborts" "Val Reads" "Val success" "Val fail" "Energy (J)" "Time(S)"
36.7756 100000000 5857105 1587992728 480449062 5857105 722.880127 13.663136005
37.3819 100000000 5921894 1785127703 481119373 5921894 732.312134 13.793363094
36.6244 100000000 5948327 1672024719 487564703 5948327 733.713684 13.807103872
35.5317 100000000 5822034 1584254046 483084633 5822034 719.990173 13.637758970
36.6783 100000000 5931319 1591798940 487468810 5931319 731.040527 13.859906197
36.83 100000000 5869843 1823058034 482698529 5869843 733.653870 13.923437119
37.9734 100000000 6053425 1710610026 493073881 6053425 747.099487 14.127870083
36.0333 100000000 5816194 1502561329 479549405 5816194 718.365845 13.808516026
36.2561 100000000 5812295 1561601781 480984308 5812295 728.372253 13.877367020
37.622 100000000 6069890 1692440000 495604129 6069890 746.833923 14.106211901
36.6309 100000000 5803544 1780999125 482229920 5803544 733.102783 13.870381117
37.1447 100000000 6021922 1678573966 487057437 6021922 730.581543 13.869540930
36.5108 100000000 5889210 1623431466 487488162 5889210 733.727905 13.868954897
36.8637 100000000 5770635 1664446613 482646121 5770635 725.557190 13.701991081
37.0281 100000000 5910817 1666623166 480273017 5910817 726.795288 13.804605961
36.4226 100000000 6004339 1673890748 487160287 6004339 726.735657 13.729409218
37.0296 100000000 5842482 1664327275 488283013 5842482 729.663940 13.761629105
35.2158 100000000 5721367 1545797987 476775515 5721367 725.097717 13.785944939
35.4092 100000000 5806790 1584943443 483873624 5806790 720.419678 13.635751963
37.398 100000000 5950500 1735183589 490335765 5950500 747.185181 14.060098886
