"Validation time(S)" "Commits" "Aborts" "Val Reads" "Val success" "Val fail" "Energy (J)" "Time(S)"
1.55975 150000000 374152 53368738 43322241 374152 232.020142 3.840919018
1.56232 150000000 381772 53002545 43178401 381772 230.435669 3.795135975
1.56308 150000000 365570 60657742 43784422 365570 232.455872 3.834761858
1.57681 150000000 367041 54442878 43408618 367041 232.731689 3.848023891
1.62726 150000000 366882 55097589 43121956 366882 232.750427 3.835336924
1.6088 150000000 364272 57919126 43593867 364272 233.612244 3.835330963
1.56116 150000000 371940 52938350 43063678 371940 231.449219 3.826673985
1.59244 150000000 359360 56369563 42970980 359360 233.378235 3.837625027
1.56859 150000000 367904 54708975 43156841 367904 231.979248 3.828912020
1.62471 150000000 371716 54965321 43112813 371716 233.687561 3.870408058
1.65202 150000000 371165 56290216 43413590 371165 233.417419 3.853493929
1.60121 150000000 369413 53421324 42953358 369413 232.231079 3.834550858
1.58464 150000000 371230 55486330 43268839 371230 232.689392 3.833978891
1.60714 150000000 378836 52077330 43524253 378836 231.988831 3.845599890
1.62494 150000000 365801 56589391 43265359 365801 233.269836 3.853168011
1.57536 150000000 378164 51197464 42884654 378164 231.678589 3.810944080
1.6065 150000000 368906 52505002 42894282 368906 232.405273 3.832184076
1.6013 150000000 363401 51661790 43137790 363401 234.066772 3.883604050
1.57187 150000000 373383 53695311 42882062 373383 231.833069 3.802690983
1.57419 150000000 367048 55097424 43313689 367048 232.826965 3.860080957
