"Validation time(S)" "Commits" "Aborts" "Val Reads" "Val success" "Val fail" "Energy (J)" "Time(S)"
0.004312 11267 8420 1558168 35842 8420 0.232544 0.004224062
0.004524 11267 8432 1634979 36768 8432 0.241333 0.003988981
0.004485 11267 8557 1647660 38306 8557 0.216614 0.003519058
0.004558 11267 8317 1586797 36178 8317 0.243042 0.004235983
0.004891 11267 8620 1691042 38380 8620 0.225586 0.004464149
0.004306 11267 8401 1594349 36422 8401 0.205872 0.003240824
0.004546 11267 8490 1634912 37167 8490 0.200928 0.003345013
0.004243 11267 8379 1496351 34177 8379 0.242432 0.004528999
0.004363 11267 8358 1578710 36018 8358 0.225647 0.004397869
0.004284 11267 8465 1589258 36199 8465 0.252197 0.004306078
0.004115 11267 8485 1561441 35690 8485 0.253052 0.003923178
0.004273 11267 8387 1536274 35348 8387 0.251099 0.004096031
0.004597 11267 8524 1645988 37603 8524 0.218140 0.003530025
0.00418 11267 8519 1561187 35661 8519 0.257629 0.004482985
0.004278 11267 8554 1621401 36901 8554 0.233032 0.004097939
0.004505 11267 8205 1550403 35553 8205 0.219299 0.003565073
0.004629 11267 8405 1664066 37984 8405 0.228577 0.004397869
0.004554 11267 8365 1641288 37106 8365 0.234314 0.004277945
0.004468 11267 8440 1590573 36546 8440 0.196106 0.003259897
0.004274 11267 8428 1578566 36418 8428 0.253418 0.004309893
0.00442 11267 8435 1598082 36864 8435 0.241577 0.004426003
0.00411 11267 8384 1544601 35308 8384 0.239258 0.004281998
0.003857 11267 8159 1456675 33409 8159 0.247253 0.004412174
0.004138 11267 8187 1486182 34092 8187 0.199951 0.004147053
0.004681 11267 8498 1643209 37629 8498 0.285217 0.004878044
0.004409 11267 8360 1572782 35971 8360 0.254639 0.004175186
0.00439 11267 8375 1623840 36897 8375 0.245483 0.004334927
0.004473 11267 8335 1603351 36505 8335 0.226501 0.003355980
0.004421 11267 8498 1552776 35288 8498 0.249023 0.003974915
0.004607 11267 8405 1604742 36864 8405 0.194702 0.003303051
0.004357 11267 8477 1581624 36205 8477 0.215698 0.003406048
