"Validation time(S)" "Commits" "Aborts" "Val Reads" "Val success" "Val fail" "Energy (J)" "Time(S)"
0.026232 54926 18457 11191121 174908 18457 0.905518 0.015812874
0.024256 54926 17388 10136612 164015 17388 0.760437 0.011409998
0.022857 54926 16772 9960244 162694 16772 0.782288 0.012107849
0.019146 54926 17136 8241114 127254 17136 0.826538 0.013377905
0.026506 54926 18731 11497756 181207 18731 0.822205 0.012809038
0.026488 54926 18398 11713632 179444 18398 0.748901 0.011821985
0.026053 54926 18725 11538004 180084 18725 0.788879 0.011995077
0.02611 54926 18634 11457174 177185 18634 0.772949 0.011484861
0.026236 54926 18698 11433477 180542 18698 0.796082 0.012451172
0.026429 54926 18555 11522584 178401 18555 0.818726 0.012439966
0.026836 54926 18505 11684562 179201 18505 0.788635 0.012423038
0.025557 54926 18681 11305224 177468 18681 0.816284 0.012680054
0.025825 54926 18703 11431344 178571 18703 0.792847 0.011333942
0.026309 54926 18622 11519921 177821 18622 0.773743 0.011353970
0.026518 54926 18453 11551096 177729 18453 0.783325 0.012376070
0.026097 54926 18628 11567508 179952 18628 0.783569 0.012196064
0.026842 54926 18739 11705081 180231 18739 0.820923 0.012266874
0.025599 54926 18535 11397299 179723 18535 0.801819 0.012341976
0.025862 54926 18468 11447586 180442 18468 0.764404 0.012127161
0.02612 54926 18344 11689687 179476 18344 0.779785 0.012685061
0.026373 54926 18564 11530616 177946 18564 0.820496 0.012278080
0.026163 54926 18620 11561580 180242 18620 0.817139 0.012597799
0.025744 54926 18698 11480385 178541 18698 0.824280 0.012136936
0.026249 54926 18651 11509738 179622 18651 0.787292 0.012383938
0.026481 54926 18675 11620145 179295 18675 0.817932 0.013034105
0.026689 54926 18391 11450613 177352 18391 0.748413 0.011312962
0.026248 54926 18838 11653559 180231 18838 0.780640 0.012367010
0.026104 54926 18746 11354324 180468 18746 0.787903 0.012112856
0.026564 54926 18506 11769742 179985 18506 0.818420 0.013051033
0.026528 54926 18829 11579139 180046 18829 0.821289 0.012977839
0.026058 54926 18283 11657623 182187 18283 0.769836 0.012017012
