"Validation time(S)" "Commits" "Aborts" "Val Reads" "Val success" "Val fail" "Energy (J)" "Time(S)"
11.1725 23428133 581063 5328356773 85346113 581063 287.006348 4.495814800
11.1554 23428133 580720 5352454671 85511432 580720 291.114197 4.506266832
11.3239 23428133 580354 5369835832 85154409 580354 289.914856 4.529453993
11.2217 23428133 584571 5366551759 85530252 584571 289.875366 4.517121077
11.1475 23428133 595608 5354238121 85947066 595608 287.968262 4.510875940
11.3066 23428133 599276 5363860805 85922054 599276 289.854675 4.520524979
11.1857 23428133 579760 5346527302 85519046 579760 289.551392 4.499877930
11.3629 23428133 581134 5417600146 85204674 581134 288.954529 4.517501831
11.2778 23428133 590364 5396577742 85309856 590364 289.420959 4.514004946
11.3304 23428133 581117 5389443820 85672053 581117 290.266235 4.510528088
11.3046 23428133 581875 5426928277 85751034 581875 290.459717 4.521879911
11.3666 23428133 578604 5439782659 85478412 578604 290.179016 4.521733999
11.1592 23428133 590997 5346353135 85754897 590997 286.498596 4.483808041
11.349 23428133 586188 5425391717 85639051 586188 291.295837 4.526739120
11.2558 23428133 592068 5392634128 85857825 592068 289.526855 4.518238068
11.1535 23428133 588798 5379266223 85732594 588798 287.729004 4.488766909
11.269 23428133 583693 5368039467 85420142 583693 292.075684 4.518393040
11.2959 23428133 588871 5390232456 85663537 588871 289.792969 4.523594141
11.1757 23428133 581732 5372274828 85614348 581732 288.251160 4.487884998
11.2802 23428133 585848 5431096405 85702029 585848 289.776245 4.516205072
11.3594 23428133 583530 5391734030 85700994 583530 289.878052 4.524741173
11.2887 23428133 588891 5390848827 85502039 588891 294.252625 4.513676882
11.2358 23428133 591201 5366185139 85852568 591201 290.143005 4.518231869
11.1469 23428133 588698 5348846080 85954062 588698 287.460266 4.491800070
11.2585 23428133 587956 5359461004 85765261 587956 287.353027 4.501155853
11.2863 23428133 588514 5363092863 85874003 588514 289.570435 4.520528078
11.4 23428133 589885 5349271000 85863277 589885 291.729309 4.545869112
11.3572 23428133 584057 5405726698 85600448 584057 289.142883 4.524210930
11.2341 23428133 586838 5382065054 85739439 586838 289.984131 4.516700029
11.2592 23428133 585154 5400784479 85857026 585154 288.812439 4.501219034
11.2394 23428133 580264 5372897327 85577009 580264 287.201843 4.496533155
