"Validation time(S)" "Commits" "Aborts" "Val Reads" "Val success" "Val fail" "Energy (J)" "Time(S)"
6.7e-05 1034 101 5112 612 1 483.691101 8.180140018
3.4e-05 1034 95 2523 609 0 481.440674 8.134822845
2.7e-05 1034 93 942 603 0 482.199036 8.150083065
5.9e-05 1034 107 4135 619 0 490.655273 8.320605993
3.7e-05 1034 106 2073 615 1 493.433044 8.358583927
2.4e-05 1034 100 2279 613 0 488.008728 8.285355091
3.2e-05 1034 103 2582 619 0 491.090149 8.320391893
1.7e-05 1034 100 793 613 0 488.668091 8.282757998
3.5e-05 1034 113 3249 625 2 488.529663 8.386544943
5.1e-05 1034 105 3810 616 1 488.899902 8.335533142
7.7e-05 1034 122 5369 637 1 504.024231 8.630105972
2.4e-05 1034 118 2046 627 2 495.447876 8.496912003
3.2e-05 1034 119 2056 632 0 497.589844 8.515409946
4.2e-05 1034 116 3941 629 2 497.309631 8.512620926
1.8e-05 1034 106 938 615 0 491.996399 8.425795078
1.6e-05 1034 121 236 631 1 507.331360 8.613611937
5.2e-05 1034 102 3869 614 0 485.992737 8.322196007
3.9e-05 1034 116 2673 632 1 499.659119 8.481544971
5.4e-05 1034 99 4471 620 0 485.575195 8.301823854
4.6e-05 1034 116 3552 632 0 497.912964 8.511110067
3.2e-05 1034 100 1805 614 0 482.766541 8.302129030
5.4e-05 1034 105 4013 615 1 492.036987 8.352852106
3.5e-05 1034 101 2616 611 0 488.239624 8.284317970
4.2e-05 1034 117 2211 630 0 494.713684 8.507182121
2.7e-05 1034 123 1993 634 0 501.320862 8.600656986
1.9e-05 1034 122 1768 635 0 503.364868 8.635673046
4.2e-05 1034 118 3835 640 0 503.286194 8.619544029
2.1e-05 1034 107 2698 618 0 488.562073 8.376993895
2.2e-05 1034 119 1958 629 0 496.775696 8.496472836
5.9e-05 1034 117 4059 629 1 500.064209 8.501401186
6.4e-05 1034 117 5146 638 1 494.754211 8.453114986
