"Validation time(S)" "Commits" "Aborts" "Val Reads" "Val success" "Val fail" "Energy (J)" "Time(S)"
1e-06 188 49 9 105 0 0.211609 0.003411055
1e-06 188 63 96 117 3 0.189453 0.004128933
6e-06 188 72 85 130 2 0.209473 0.004102945
2e-06 188 75 10 126 3 0.218323 0.004621983
2e-06 188 59 125 119 2 0.170593 0.003834963
3e-06 188 58 42 107 1 0.138367 0.003184080
3e-06 188 79 52 133 2 0.172607 0.003525019
3e-06 188 70 85 126 1 0.203369 0.004613161
1e-06 188 72 2 121 1 0.178040 0.003412008
1e-06 188 68 55 120 6 0.213562 0.003640890
1e-06 188 68 31 124 4 0.183838 0.003391027
5e-06 188 53 34 112 1 0.128235 0.003051043
4e-06 188 79 71 134 2 0.182312 0.003861904
5e-06 188 95 183 154 1 0.272217 0.004983902
2e-06 188 58 10 111 1 0.180969 0.003227949
4e-06 188 64 56 124 3 0.180237 0.004114866
2e-06 188 63 34 118 1 0.203186 0.003228903
5e-06 188 63 138 126 5 0.170410 0.003158808
4e-06 188 63 146 118 1 0.166931 0.004177094
3e-06 188 56 76 115 1 0.210632 0.003391981
1e-06 188 40 37 93 3 0.195618 0.003746033
2e-06 188 67 69 118 2 0.178467 0.003306150
2e-06 188 68 51 124 2 0.216003 0.003906012
3e-06 188 65 37 122 2 0.223145 0.003817081
2e-06 188 70 60 122 2 0.193359 0.003439903
4e-06 188 69 152 124 2 0.226257 0.003487110
3e-06 188 75 71 138 3 0.173767 0.003567934
4e-06 188 65 55 132 0 0.177612 0.003167868
1e-06 188 59 27 112 2 0.138489 0.003113985
3e-06 188 76 61 131 2 0.212219 0.004164934
2e-06 188 74 155 136 2 0.173218 0.003496885
