"Validation time(S)" "Commits" "Aborts" "Val Reads" "Val success" "Val fail" "Energy (J)" "Time(S)"
42.3915 50000000 90724409 11682830502 132083139 90724409 1563.405640 26.751782179
38.5811 50000000 98763167 9863858095 123091970 98763167 1548.896912 26.152792215
47.7053 50000000 89023431 11699543477 144072560 89023431 1680.203491 28.814092875
41.3094 50000000 93878764 11266352884 135690577 93878764 1597.959106 26.895644903
41.8003 50000000 97420869 10858983200 133090865 97420869 1618.042908 26.852409124
41.8976 50000000 91049358 11362596809 135028927 91049358 1571.689880 26.907299995
42.9731 50000000 92985573 11975279490 138764223 92985573 1665.641357 28.356133938
42.7922 50000000 92495356 11134106671 140153988 92495356 1633.441406 27.515537977
43.9613 50000000 90773517 12909229379 152810321 90773517 1651.921265 27.453242064
39.1267 50000000 90718069 10864460695 131352489 90718069 1515.131714 25.586449862
45.9619 50000000 89917346 12191238303 140364737 89917346 1614.378540 27.648233175
39.5351 50000000 99457060 10552854207 130401790 99457060 1598.016296 26.618358850
37.2603 50000000 93387156 10129298646 130782427 93387156 1514.940125 25.744890928
