"Validation time(S)" "Commits" "Aborts" "Val Reads" "Val success" "Val fail" "Energy (J)" "Time(S)"
0.117255 25000000 626340 25565687 382090 626340 91.539429 1.511989832
0.118356 25000000 628842 25570878 378382 628842 91.260132 1.506294012
0.117821 25000000 628350 25557272 379094 628350 92.203674 1.514590025
0.11877 25000000 622921 25366970 381189 622921 92.020752 1.502368927
0.117208 25000000 626777 25475364 381259 626777 91.601013 1.506112099
0.119796 25000000 625156 25434078 377993 625156 91.592834 1.508116961
0.11815 25000000 624093 25515762 386354 624093 91.358765 1.503307819
0.116307 25000000 621972 25351444 378739 621972 91.001099 1.496393204
0.118412 25000000 621887 25382252 382854 621887 92.565796 1.506271124
0.117885 25000000 625131 25406167 378266 625131 91.356384 1.500288010
0.118207 25000000 622257 25354040 383512 622257 91.601868 1.499804974
0.11935 25000000 621810 25474535 385234 621810 91.895935 1.502139091
0.118189 25000000 633509 25700941 377713 633509 91.460693 1.507219076
0.118228 25000000 632907 25743854 377564 632907 91.928406 1.513264894
0.115048 25000000 620710 25328860 382809 620710 91.029907 1.505518198
0.115947 25000000 622857 25284689 379117 622857 91.079712 1.500344992
0.118116 25000000 631568 25493658 372800 631568 91.754211 1.515084028
0.11822 25000000 623366 25351193 383222 623366 91.271240 1.502912045
0.118478 25000000 620487 25377628 380105 620487 90.849426 1.501519918
0.115793 25000000 610365 25050418 385210 610365 91.070923 1.492192030
0.11738 25000000 614378 25286084 388423 614378 91.644531 1.503268957
0.116996 25000000 632387 25664064 380318 632387 92.646545 1.512141943
0.116235 25000000 627252 25533324 380190 627252 92.734375 1.507034063
0.11597 25000000 603375 25137732 396385 603375 91.656616 1.492187977
0.118483 25000000 631604 25591538 378091 631604 92.651978 1.509394169
0.120444 25000000 635107 25710501 377483 635107 92.590637 1.511442900
0.117805 25000000 619451 25422936 388096 619451 92.001526 1.508055925
0.11644 25000000 613090 25183244 385793 613090 91.765198 1.492704153
0.116448 25000000 621746 25494872 382332 621746 92.424561 1.503458023
0.116584 25000000 613944 25247876 386702 613944 91.442688 1.498532057
