"Validation time(S)" "Commits" "Aborts" "Val Reads" "Val success" "Val fail" "Energy (J)" "Time(S)"
3.34174 80000000 965986 1064876889 43546099 965986 355.956726 5.585772038
3.13989 80000000 984577 985001184 43232956 984577 342.796082 5.362837791
3.36298 80000000 1003528 1083226772 43558192 1003528 355.195618 5.562311888
3.0978 80000000 978938 916654972 43041120 978938 332.594482 5.216510057
2.93054 80000000 1009644 870855269 42726932 1009644 327.062378 5.126090050
2.97813 80000000 1024945 877297554 42672283 1024945 324.753540 5.111293793
3.10346 80000000 1114492 929772766 42959767 1114492 341.645264 5.258774042
3.00058 80000000 1009609 857639856 42470096 1009609 330.833801 5.115210056
3.39353 80000000 1052572 1060032577 43607717 1052572 357.652527 5.626420975
3.14284 80000000 995830 958558974 43262909 995830 344.383911 5.288465977
3.23114 80000000 997505 987675144 43440431 997505 345.519165 5.415699005
3.0278 80000000 998271 915467210 42953026 998271 328.980103 5.161373854
3.04508 80000000 983648 913722843 42934251 983648 333.868286 5.205703020
2.97456 80000000 1041385 838432715 42543554 1041385 322.800232 5.070987940
2.98707 80000000 996521 872115038 42668324 996521 325.828857 5.107136011
3.17938 80000000 1002204 995704080 43384010 1002204 344.644531 5.428108931
2.99395 80000000 967694 922916481 43016720 967694 329.321655 5.161036968
3.40771 80000000 1051403 1099506472 43693032 1051403 368.063904 5.659216881
3.38365 80000000 1010113 1000008608 43440244 1010113 350.415710 5.494429111
3.16981 80000000 1032538 963820627 43341059 1032538 345.156738 5.406059027
