"Validation time(S)" "Commits" "Aborts" "Val Reads" "Val success" "Val fail" "Energy (J)" "Time(S)"
48.81 750000 50533 14931003245 1859699 50533 580.403259 9.286169052
49.2206 750000 49621 15024638954 1858318 49621 585.522522 9.245486975
48.6566 750000 50252 14865036010 1826897 50252 584.110291 9.200396061
47.7874 750000 48679 14564299810 1808205 48679 584.130249 9.349031925
47.9234 750000 49144 14618749480 1845479 49144 576.642334 9.248199940
47.2475 750000 48800 14500435978 1813043 48800 580.378235 9.250586033
49.6431 750000 49913 15138730107 1875127 49913 596.184998 9.335286856
48.1113 750000 48927 14702227603 1821551 48927 583.684998 9.331539869
48.71 750000 49986 14961209821 1824313 49986 584.806335 9.217420101
48.9287 750000 49927 14998965323 1868363 49927 585.377930 9.227984905
47.6366 750000 48736 14636068751 1830318 48736 575.284485 9.283498049
49.5981 750000 50114 15152365446 1893783 50114 593.800598 9.432924986
48.668 750000 48935 14898011357 1858934 48935 585.586121 9.311001062
48.6825 750000 49888 14929098171 1859990 49888 587.554443 9.276362896
49.1698 750000 49815 15040633176 1858492 49815 593.411316 9.302397966
49.4184 750000 50262 15132647231 1879050 50262 590.158936 9.342693090
47.592 750000 48498 14502207543 1770711 48498 571.744080 9.283331871
49.6323 750000 50478 15182809505 1882735 50478 592.478210 9.353537083
49.0041 750000 49667 14883858031 1838490 49667 588.349976 9.266448021
48.3088 750000 49157 14859976379 1864567 49157 585.806824 9.314928055
