"Validation time(S)" "Commits" "Aborts" "Val Reads" "Val success" "Val fail" "Energy (J)" "Time(S)"
7.93843 22362295 134 75626027 93249594 134 269.922058 7.744745970
7.90152 22362293 96 75618384 93381700 96 275.888245 7.861891031
7.82834 22362295 107 75426865 92363756 107 271.165161 7.690595865
8.17811 22362293 116 78057646 96265761 116 273.941895 7.771553040
7.67691 22362295 108 75357390 92585343 108 268.092529 7.688458204
7.76289 22362295 122 76080224 92985947 122 270.676941 7.764893055
7.41642 22362295 135 71762969 89392948 135 263.502502 7.642374992
8.06406 22362293 158 79074117 96517560 158 273.801880 7.797149181
7.47666 22362293 104 72341023 89980533 104 263.807007 7.637336254
7.78147 22362295 122 75444609 92598498 122 267.947205 7.709441900
7.75896 22362295 139 75021245 91536818 139 268.005249 7.704074860
8.30399 22362293 105 78830372 94789718 105 274.973877 7.894186020
7.49921 22362293 137 72143789 89758477 137 264.324524 7.634425163
7.97194 22362295 143 77224607 93803707 143 271.731262 7.747732162
7.40023 22362293 162 71801651 89105304 162 265.736084 7.657780170
7.97991 22362295 101 76125302 93151213 101 267.184448 7.738012075
7.78118 22362293 136 74904304 91860341 136 266.595032 7.686959982
8.1333 22362293 148 77343840 93043930 148 268.713684 7.792098999
7.73447 22362295 145 74823116 90730833 145 275.234314 8.040775061
7.90655 22362295 126 75986066 92701528 126 270.803772 7.793622017
7.72876 22362293 117 74310990 91179997 117 268.328552 7.713002205
7.96297 22362295 133 76488722 94230336 133 270.253967 7.747175932
8.40393 22362293 135 79862195 96432859 135 273.771484 7.838370085
7.93714 22362295 125 76109988 93291099 125 267.490112 7.730041027
8.45611 22362293 98 80952323 98013375 98 273.758423 7.848315954
7.75033 22362295 134 74946144 91881273 134 266.811279 7.712707043
8.62047 22362295 144 81759868 98566372 144 275.914490 7.862367868
8.25487 22362295 158 78744527 97197269 158 273.287231 7.758114100
7.84962 22362295 127 74517585 91476131 127 267.911804 7.754805803
7.90022 22362295 113 75501869 92995908 113 267.030273 7.717071056
8.34112 22362293 134 79732236 95916221 134 273.966553 7.861620903
