"Validation time(S)" "Commits" "Aborts" "Val Reads" "Val success" "Val fail" "Energy (J)" "Time(S)"
0.03808 93707 33 367918 389709 33 1.518066 0.047077179
0.035355 93709 32 358826 391051 32 1.518921 0.047674179
0.045763 93711 16 424867 456940 16 1.635376 0.047838926
0.036254 93711 20 382113 403926 20 1.544495 0.048557043
0.035721 93711 22 359130 392133 22 1.489563 0.047618151
0.038947 93707 30 373548 403969 30 1.452209 0.046487093
0.044637 93705 32 430342 453818 32 1.539429 0.047795057
0.035348 93705 22 375722 391557 22 1.435852 0.046169996
0.035836 93707 36 374308 403594 36 1.450867 0.046235800
0.03734 93707 20 360792 378673 20 1.415955 0.044965029
0.046274 93711 28 429423 464156 28 1.570801 0.048974037
0.03798 93711 26 364982 389086 26 1.459412 0.047574043
0.038869 93711 24 367598 391018 24 1.378113 0.042170048
0.045778 93705 23 428767 456875 23 1.555115 0.047631025
0.045853 93711 25 430794 466268 25 1.554260 0.047956944
0.043834 93711 30 415231 439980 30 1.544739 0.048435926
0.044358 93709 28 420495 449671 28 1.518799 0.047451973
0.038318 93703 25 359826 388024 25 1.446838 0.046883106
0.046732 93711 26 443913 473280 26 1.485291 0.043970108
0.047014 93711 22 438065 468401 22 1.443726 0.043738127
0.045792 93711 35 434848 459997 35 1.472351 0.044270039
0.047555 93711 31 445155 472092 31 1.450867 0.043853045
0.037431 93711 17 359947 384797 17 1.469177 0.049112082
0.046843 93705 26 431236 469581 26 1.554688 0.047940016
0.037303 93705 34 380703 410542 34 1.433594 0.047091007
0.037379 93711 20 352755 389907 20 1.454346 0.046172142
0.045576 93711 31 431344 462032 31 1.445740 0.042450905
0.036794 93703 32 379213 407199 32 1.463623 0.047975063
0.043495 93711 20 412700 442515 20 1.523071 0.048596144
0.046741 93711 18 433573 465530 18 1.565186 0.049371004
0.043844 93711 19 411642 435521 19 1.612732 0.047850132
