"Validation time(S)" "Commits" "Aborts" "Val Reads" "Val success" "Val fail" "Energy (J)" "Time(S)"
0.000653 10000 6 29180 3706 6 0.558594 0.009086847
0.000663 10000 7 30627 3815 7 0.544861 0.009362936
0.00066 10000 8 30180 3705 8 0.494934 0.009230137
0.000692 10000 6 29261 3668 6 0.512390 0.008880854
0.000468 10000 8 27847 3543 8 0.498230 0.009339094
0.000571 10000 10 29796 3607 10 0.541687 0.009685040
0.000666 10000 9 31835 3902 9 0.551636 0.009613991
0.000634 10000 7 30712 3797 7 0.546509 0.009248018
0.000542 10000 4 30126 3741 4 0.544922 0.009759903
0.000708 10000 9 29676 3713 9 0.560608 0.008898973
0.000611 10000 8 29102 3782 8 0.547119 0.009488106
0.000537 10000 3 31820 3835 3 0.530884 0.009751797
0.000614 10000 7 28347 3654 7 0.546204 0.008955956
0.00067 10000 6 31326 3776 6 0.582520 0.009858131
0.000657 10000 4 24496 3309 4 0.516663 0.008844137
0.000633 10000 6 29922 3839 6 0.534119 0.009649992
0.000574 10000 10 29389 3575 10 0.537781 0.009709120
0.000748 10000 9 30723 3754 9 0.565125 0.009966850
0.000687 10000 7 30042 3748 7 0.562927 0.008835077
0.000568 10000 7 31483 3840 7 0.539429 0.009634018
0.000593 10000 5 30028 3734 5 0.561218 0.008859158
0.000499 10000 3 30360 3749 3 0.544495 0.009726048
0.000638 10000 3 28785 3633 3 0.561646 0.009020090
0.000491 10000 4 27079 3517 4 0.549561 0.009154081
0.000573 10000 5 29364 3667 5 0.586914 0.009743929
0.00072 10000 3 29867 3810 3 0.568726 0.008834124
0.000608 10000 10 28997 3616 10 0.528137 0.010089159
0.000574 10000 9 32254 3875 9 0.536499 0.009696007
0.00073 10000 2 31350 3864 2 0.552979 0.009011030
0.000685 10000 5 29650 3699 5 0.542603 0.009738922
