"Validation time(S)" "Commits" "Aborts" "Val Reads" "Val success" "Val fail" "Energy (J)" "Time(S)"
3.23767 1000000 3986228 410097312 2441417 3986228 661.968933 11.439577103
3.25485 1000000 3986056 410252583 2442354 3986056 661.345703 11.438060999
3.22133 1000000 3961374 407908044 2424905 3961374 661.785767 11.478514910
3.22736 1000000 3967129 408381368 2432005 3967129 659.313110 11.479199886
3.24415 1000000 3986232 410201210 2441560 3986232 662.510193 11.469671011
3.21632 1000000 3941719 405881894 2420078 3941719 660.465332 11.560742855
3.22308 1000000 3958549 407436145 2420259 3958549 661.350464 11.490025043
3.2164 1000000 3946265 406771922 2422494 3946265 660.457581 11.526671171
3.26812 1000000 4016206 413595618 2466060 4016206 663.229065 11.382663012
3.25162 1000000 3990017 410948985 2446057 3990017 663.048096 11.416862011
3.16442 1000000 3889189 400629529 2376015 3889189 659.880493 11.676806927
3.29961 1000000 4046158 417053138 2488813 4046158 665.388733 11.308267832
3.23625 1000000 3972710 409263413 2441739 3972710 654.028137 11.461086988
3.26986 1000000 4024315 414071993 2468896 4024315 663.097107 11.366081953
3.25942 1000000 3999050 411807096 2452367 3999050 661.550964 11.402591944
3.20728 1000000 3935799 404951715 2397959 3935799 661.642761 11.498538017
3.22823 1000000 3954633 407135629 2416411 3954633 661.037720 11.487054110
3.28691 1000000 4045315 416166582 2483029 4045315 663.836548 11.316724062
3.28868 1000000 4031693 415039143 2479293 4031693 662.701599 11.317823887
3.2212 1000000 3952682 407359728 2424341 3952682 665.293579 11.503114939
3.23624 1000000 3977235 409673630 2442732 3977235 663.183838 11.461184025
3.22678 1000000 3940358 405841069 2412639 3940358 662.562622 11.544934034
3.23234 1000000 3956960 407491310 2420658 3956960 668.782898 11.499071121
3.2023 1000000 3939409 405536866 2406471 3939409 666.227173 11.521398067
3.2919 1000000 4040201 416033446 2483299 4040201 663.622742 11.319140911
3.20615 1000000 3929786 404643661 2403532 3929786 662.597900 11.560544968
3.23344 1000000 4006975 412207626 2454707 4006975 671.211731 11.532985926
3.29212 1000000 4044758 416286946 2483626 4044758 663.602905 11.305710077
3.27153 1000000 4000431 412249170 2458503 4000431 664.532471 11.400905132
3.21613 1000000 3953506 406955698 2414778 3953506 671.234497 11.534485102
