"Validation time(S)" "Commits" "Aborts" "Val Reads" "Val success" "Val fail" "Energy (J)" "Time(S)"
0.041291 4096 0 4494569 26736 0 0.523804 0.010037899
0.041516 4096 0 4482122 26748 0 0.487549 0.009790182
0.041473 4096 0 4510790 26944 0 0.466370 0.009809971
0.041675 4096 0 4503399 26791 0 0.480652 0.010054111
0.041473 4096 0 4518219 26878 0 0.520691 0.010050058
0.041447 4096 0 4549173 26922 0 0.526428 0.009861946
0.041522 4096 0 4558792 27001 0 0.460388 0.009182215
0.041492 4096 0 4535518 27027 0 0.490173 0.009638071
0.041912 4096 0 4565872 27078 0 0.480896 0.009588003
0.041702 4096 0 4533909 26861 0 0.520935 0.009740829
0.04112 4096 0 4507261 26893 0 0.520386 0.009989023
0.04144 4096 0 4512175 26857 0 0.492310 0.009765148
0.041719 4096 0 4540568 27049 0 0.501160 0.009490967
0.041553 4096 0 4554205 26906 0 0.520508 0.009833097
0.041211 4096 0 4502616 26818 0 0.524048 0.009854078
0.041781 4096 0 4550906 27013 0 0.518127 0.010380030
0.041838 4096 0 4542603 26959 0 0.489075 0.009846926
0.041674 4096 0 4537271 27013 0 0.505554 0.010127068
0.041868 4096 0 4551836 26873 0 0.476807 0.009981871
0.041175 4096 0 4523181 26862 0 0.517761 0.010105133
0.041441 4096 0 4550554 26964 0 0.491272 0.009151220
0.041733 4096 0 4560153 27032 0 0.450562 0.009115934
0.041162 4096 0 4480492 26805 0 0.474609 0.009876966
0.041529 4096 0 4554869 27114 0 0.473877 0.010005951
0.041565 4096 0 4549187 26933 0 0.488464 0.009889126
0.041386 4096 0 4527360 26818 0 0.522888 0.009840012
0.041551 4096 0 4549326 26939 0 0.478027 0.009926081
0.041366 4096 0 4542608 26859 0 0.481812 0.009652138
0.041196 4096 0 4501775 26727 0 0.515747 0.009864807
0.041317 4096 0 4557161 26996 0 0.491516 0.009001970
0.041846 4096 0 4542856 26983 0 0.478333 0.010017872
