"Validation time(S)" "Commits" "Aborts" "Val Reads" "Val success" "Val fail" "Energy (J)" "Time(S)"
0.014504 4096 3 3508834 24404 3 0.223938 0.004118919
0.013982 4096 0 3794083 25949 0 0.219910 0.004783869
0.013788 4096 1 3788766 25937 1 0.209473 0.004765987
0.014033 4096 1 3819891 26249 1 0.238220 0.004084110
0.013722 4096 1 3823323 26065 1 0.229858 0.004088879
0.014019 4096 3 3835982 26213 3 0.220459 0.004434109
0.014392 4096 1 3878819 26466 1 0.237000 0.004043818
0.014056 4096 1 3835483 26045 1 0.262512 0.004913807
0.013675 4096 2 3790021 25873 2 0.211060 0.004798889
0.014081 4096 2 3819324 25887 2 0.256165 0.005115986
0.013586 4096 2 3751214 25643 2 0.260925 0.004921198
0.01397 4096 2 3823426 26117 2 0.222839 0.004297018
0.014089 4096 1 3848540 26150 1 0.229675 0.004549980
0.013549 4096 3 3800874 25806 3 0.245056 0.005035162
0.013699 4096 0 3794503 25877 0 0.260254 0.004791975
0.014064 4096 3 3854032 26204 3 0.257202 0.004972935
0.01394 4096 0 3807338 25878 0 0.209961 0.004722118
0.014103 4096 3 3857058 26295 3 0.211609 0.004832983
0.013639 4096 1 3804759 26023 1 0.248779 0.004899025
0.013916 4096 1 3813022 26012 1 0.239807 0.005007029
0.013971 4096 3 3818706 26027 3 0.247192 0.005033970
0.013726 4096 2 3804236 25957 2 0.197815 0.003998041
0.013641 4096 1 3820283 25969 1 0.211731 0.004478931
0.014255 4096 3 3837222 26048 3 0.269043 0.004577160
0.014054 4096 0 3833530 26054 0 0.215576 0.004807949
0.013946 4096 1 3850090 26158 1 0.212708 0.004468918
0.013712 4096 0 3823595 25979 0 0.260132 0.004951000
0.013827 4096 0 3790631 26003 0 0.225159 0.004649878
0.013702 4096 4 3825606 26074 4 0.231445 0.004009008
0.013532 4096 4 3751508 25702 4 0.221924 0.004691839
0.014 4096 2 3869714 26316 2 0.227417 0.004070997
