"Validation time(S)" "Commits" "Aborts" "Val Reads" "Val success" "Val fail" "Energy (J)" "Time(S)"
0.053699 4096 0 7432355 25460 0 0.648560 0.012403011
0.05327 4096 0 7424714 25447 0 0.657410 0.011881113
0.053917 4096 0 7446965 25571 0 0.625366 0.012605906
0.05419 4096 1 7418556 25463 1 0.648926 0.012859821
0.053372 4096 0 7437069 25603 0 0.669983 0.013031006
0.053421 4096 0 7364873 25482 0 0.635010 0.012453079
0.053631 4096 0 7460810 25670 0 0.653198 0.012459993
0.053382 4096 0 7433693 25626 0 0.641479 0.012170076
0.053347 4096 0 7443322 25608 0 0.601135 0.012102127
0.053348 4096 1 7411216 25392 1 0.655640 0.012425900
0.053793 4096 0 7495961 25638 0 0.642151 0.012328863
0.053538 4096 0 7404236 25451 0 0.643738 0.012460947
0.053271 4096 0 7399149 25447 0 0.642700 0.012539864
0.053361 4096 0 7442317 25624 0 0.650818 0.012395144
0.053278 4096 0 7428576 25438 0 0.649658 0.012614012
0.053305 4096 0 7355652 25336 0 0.655090 0.012392998
0.052915 4096 0 7432282 25445 0 0.661499 0.011631012
0.053159 4096 0 7379379 25417 0 0.636780 0.012454987
0.052991 4096 0 7406931 25261 0 0.617676 0.012063980
0.053526 4096 0 7393239 25503 0 0.655762 0.012408018
0.053933 4096 1 7466927 25511 1 0.603149 0.012085915
0.053812 4096 0 7464521 25677 0 0.651489 0.012399912
0.053761 4096 0 7447707 25787 0 0.676636 0.012473106
0.053873 4096 0 7449876 25531 0 0.632568 0.012597084
0.053996 4096 0 7478434 25754 0 0.618225 0.011559963
0.053723 4096 0 7459186 25588 0 0.640930 0.012730122
0.053214 4096 0 7401097 25254 0 0.604553 0.012270927
0.05365 4096 1 7433641 25557 1 0.628296 0.011607885
0.053922 4096 0 7486390 25687 0 0.632751 0.012335777
0.053097 4096 0 7453528 25516 0 0.640015 0.012158871
0.053714 4096 1 7436879 25702 1 0.648499 0.012303114
