"Validation time(S)" "Commits" "Aborts" "Val Reads" "Val success" "Val fail" "Energy (J)" "Time(S)"
0.018264 4096 9 6224558 23215 9 0.244751 0.005445957
0.017981 4096 10 6266575 23412 10 0.323059 0.006328106
0.018049 4096 7 6279817 23662 7 0.306702 0.005877018
0.018203 4096 5 6288234 23447 5 0.278870 0.005888939
0.018125 4096 9 6316325 23642 9 0.292664 0.005562067
0.018166 4096 6 6266391 23414 6 0.273682 0.005728006
0.018441 4096 9 6319657 23462 9 0.276062 0.005686998
0.018472 4096 9 6310103 23480 9 0.289185 0.005650043
0.018591 4096 1 6410479 23859 1 0.293579 0.005474091
0.018354 4096 6 6348526 23549 6 0.250977 0.005107164
0.01851 4096 14 6312641 23563 14 0.272644 0.005964994
0.018531 4096 4 6302163 23298 4 0.319153 0.005786180
0.017807 4096 6 6233347 23296 6 0.279053 0.005965948
0.01849 4096 12 6396292 23528 12 0.285217 0.005264044
0.018343 4096 8 6273589 23484 8 0.260681 0.005059004
0.018344 4096 6 6330628 23680 6 0.292908 0.005167961
0.018698 4096 7 6365985 23427 7 0.291260 0.005269051
0.018069 4096 11 6319861 23674 11 0.319031 0.005847931
0.017656 4096 7 6234687 23261 7 0.307251 0.006526947
0.018053 4096 5 6282156 23369 5 0.241638 0.005084991
0.018203 4096 8 6352599 23458 8 0.290283 0.005491972
0.017962 4096 8 6276400 23666 8 0.321960 0.006111860
0.018334 4096 4 6372346 23858 4 0.248474 0.005049944
0.018243 4096 8 6268925 23450 8 0.290833 0.005140066
0.018228 4096 9 6333319 23506 9 0.302917 0.005182981
0.018733 4096 4 6345258 23607 4 0.306885 0.005950928
0.018377 4096 5 6392949 23500 5 0.244934 0.004994154
0.018339 4096 4 6324615 23658 4 0.323975 0.006164074
0.018402 4096 7 6297149 23335 7 0.296753 0.005100012
0.018391 4096 7 6318538 23688 7 0.288025 0.005193949
0.01822 4096 7 6357000 23643 7 0.289612 0.005718946
