"Validation time(S)" "Commits" "Aborts" "Val Reads" "Val success" "Val fail" "Energy (J)" "Time(S)"
2.61897 2665964 210537 1422609482 5177252 210537 355.077759 2.786125898
2.61645 2666985 210700 1423802160 5172669 210700 354.023926 2.791419983
2.60719 2666635 210577 1417819784 5185262 210577 354.661255 2.781840086
2.60825 2668868 211416 1415063498 5175928 211416 355.076843 2.776496172
2.60701 2667215 211294 1418780624 5197291 211294 352.534607 2.771774054
2.60201 2668690 211050 1417588649 5186846 211050 352.363708 2.767351866
2.58722 2665966 209697 1411433768 5193252 209697 353.809326 2.762116194
2.59954 2668234 211400 1415114052 5211721 211400 354.674255 2.747867107
2.60353 2667743 210882 1417682764 5184231 210882 353.682190 2.777224064
2.58557 2666948 210643 1404524901 5187812 210643 351.958191 2.755706072
2.59904 2666949 210859 1419190468 5159176 210859 354.636536 2.776720047
2.61157 2667830 211398 1419787439 5179193 211398 351.161011 2.778155088
2.61259 2668013 211401 1425262799 5178654 211401 354.218628 2.785062075
2.5999 2667138 211093 1420274675 5208117 211093 354.577393 2.756111860
2.59323 2667118 210591 1414574402 5189553 210591 352.601196 2.763906002
2.60746 2668050 210626 1416621739 5175929 210626 353.222900 2.777655840
2.5919 2669116 211965 1414369354 5197157 211965 351.082458 2.763319016
2.60234 2667434 210341 1420627537 5199780 210341 348.683655 2.758739948
2.58778 2667803 210906 1413045901 5210022 210906 351.058899 2.755069971
2.5916 2666944 211624 1411262001 5199550 211624 354.103577 2.763852119
2.59938 2668025 210639 1415933435 5174010 210639 352.062378 2.777752876
2.5887 2665661 209777 1413915327 5202136 209777 358.556519 2.754959106
2.601 2667503 212051 1412961491 5206123 212051 356.026917 2.770136118
2.60735 2668542 211618 1415797544 5184766 211618 353.357239 2.761435032
2.61075 2666888 210134 1417159182 5190685 210134 352.514709 2.756582975
2.60948 2667590 211624 1418409598 5175846 211624 351.205444 2.767581224
2.60752 2667299 210896 1419955170 5201358 210896 355.432007 2.762739182
2.59331 2666285 210627 1411680276 5195562 210627 350.991516 2.748754978
2.5976 2667660 210870 1415743761 5162837 210870 351.569641 2.771757841
2.59184 2667992 211409 1411918315 5177584 211409 355.549500 2.765950918
2.6102 2666361 210726 1422178717 5213229 210726 356.702271 2.771145105
