"Validation time(S)" "Commits" "Aborts" "Val Reads" "Val success" "Val fail" "Energy (J)" "Time(S)"
0.015813 14212 1023 8169153 27532 1023 2.403259 0.015817165
0.016091 14439 1222 8494196 28012 1222 2.472107 0.016914845
0.016159 14348 1073 8454254 28108 1073 2.489990 0.015612841
0.016199 14238 1104 8477503 27467 1104 2.427246 0.016610146
0.016401 14408 1107 8569410 27738 1107 2.359436 0.017386913
0.016354 14272 1041 8472625 27053 1041 2.359375 0.016892195
0.016295 14389 1181 8512380 28052 1181 2.397217 0.016376972
0.015965 14298 1101 8394425 27884 1101 2.625916 0.015741825
0.016287 14356 1146 8576728 27825 1146 2.418884 0.016838074
0.015776 14238 1144 8289750 27827 1144 2.405029 0.017077208
0.016055 14186 1053 8341523 27233 1053 2.385742 0.016593933
0.01637 14402 1138 8522178 28321 1138 2.385620 0.017128944
0.016073 14401 1132 8406332 28483 1132 2.370422 0.016072035
0.016253 14217 1087 8524849 27435 1087 2.362000 0.016443014
0.015997 14155 1089 8309705 27374 1089 2.343689 0.016070843
0.015979 14310 1061 8326662 28091 1061 2.303345 0.015588045
0.015904 14360 1208 8368730 28334 1208 2.338745 0.016485929
0.015966 14374 1192 8385469 28483 1192 2.533081 0.016859055
0.015985 14204 1066 8381194 27762 1066 2.367798 0.016700029
0.016294 14287 1134 8469945 28108 1134 2.406982 0.016566038
0.016229 14441 1089 8550657 27387 1089 2.355103 0.016495943
0.016309 14383 1142 8390804 27964 1142 2.368652 0.016352177
0.016299 14262 1074 8502478 27859 1074 2.351685 0.016656160
0.016179 14458 1156 8498423 28217 1156 2.344421 0.016482115
0.015906 14325 1110 8339764 28025 1110 2.529724 0.016185999
0.016164 14211 1130 8407417 27793 1130 2.389282 0.016134024
0.016047 14379 1108 8498139 27812 1108 2.319397 0.016685963
0.016047 14343 1151 8395313 28247 1151 2.353455 0.016434908
0.015785 14312 1150 8266707 27693 1150 2.352478 0.016782999
0.015853 14273 1052 8356254 27545 1052 2.388123 0.016491890
0.016108 14394 1105 8407735 28133 1105 2.354858 0.016476870
