"Validation time(S)" "Commits" "Aborts" "Val Reads" "Val success" "Val fail" "Energy (J)" "Time(S)"
0.001395 54920 32616 723882 16658 67 0.482727 0.010987997
0.001406 54920 31825 726774 16970 72 0.481506 0.011152983
0.001329 54920 32136 725112 16839 59 0.456238 0.011126995
0.001382 54920 32357 724466 16719 62 0.483093 0.011080980
0.001388 54920 33489 723621 16652 76 0.513855 0.011363029
0.001373 54920 34150 722426 16747 71 0.483826 0.011342049
0.001344 54920 32315 726610 16783 71 0.479492 0.011221886
0.001251 54920 33634 718558 16616 58 0.488708 0.011303902
0.001266 54920 32463 721092 16781 67 0.513611 0.011327982
0.001359 54920 32654 720583 16548 65 0.480347 0.011159897
0.001384 54920 32123 721330 16607 69 0.494019 0.011044979
0.001323 54920 31900 723561 16710 77 0.483521 0.011000872
0.001316 54920 32015 733248 16734 77 0.485718 0.011132002
0.001383 54920 32248 721994 16753 60 0.489807 0.011196136
0.00136 54920 32828 726171 16489 71 0.487122 0.010925055
0.001395 54920 33275 719047 16615 60 0.495605 0.011080027
0.001369 54920 31886 727883 16802 60 0.481201 0.011340141
0.001353 54920 33055 715961 16539 52 0.493469 0.011065006
0.001382 54920 31955 724651 16740 73 0.482178 0.011206865
0.001396 54920 32641 719943 16582 64 0.482849 0.011348963
0.001303 54920 31280 717829 16611 69 0.467590 0.011069775
0.001328 54920 32725 724308 16777 58 0.481262 0.011084795
0.001393 54920 32438 720419 16651 53 0.483093 0.011077881
0.001339 54920 31885 720824 16480 76 0.482422 0.011065006
0.001377 54920 32901 713770 16395 58 0.479431 0.011181116
0.001365 54920 32719 717462 16513 85 0.482727 0.011011839
0.001374 54920 32430 720138 16526 62 0.482483 0.011133909
0.001348 54920 33088 715324 16426 66 0.498535 0.011031151
0.001389 54920 32078 723735 16779 58 0.485840 0.011147976
0.001365 54920 32697 718354 16565 63 0.475403 0.011213064
0.001393 54920 32379 725208 16623 78 0.514709 0.011306047
