"Validation time(S)" "Commits" "Aborts" "Val Reads" "Val success" "Val fail" "Energy (J)" "Time(S)"
0.524577 23428127 3154285 402757174 6374523 6366 329.119141 9.871870995
0.527642 23428127 5841121 401904974 6372845 6252 328.373413 9.891458988
0.528631 23428127 5351657 404101672 6402824 6649 332.180481 9.942702055
0.526177 23428127 3180931 402676099 6365204 6291 329.774536 9.899882078
0.533876 23428127 3178017 403259829 6365762 6540 329.412781 9.913132906
0.530992 23428127 7477984 401233121 6354694 6515 329.003662 9.933762789
0.524434 23428127 3262597 403059582 6382809 7141 326.219482 9.844981909
0.528836 23428127 3194993 402767947 6360721 6311 328.963196 9.920675039
0.539365 23428127 3310477 403878152 6376841 6767 335.304993 9.978075027
0.529031 23428127 3257343 402698618 6356533 6541 327.070312 9.917799950
0.532702 23428127 3238068 402950369 6377498 6548 324.981384 9.883576870
0.538796 23428127 5267274 404156034 6395893 6594 329.222046 10.025391102
0.536224 23428127 5540807 403710494 6388721 7234 326.972778 9.917327166
0.531341 23428127 3330450 403164496 6379781 6401 326.616577 9.922916174
0.53145 23428127 3159962 403514870 6393261 6299 326.045715 9.895437956
0.529862 23428127 3188154 403340217 6378962 6457 327.868774 9.913610935
0.532858 23428127 3201506 403168553 6371041 6471 328.439514 9.967617035
0.537122 23428127 3281902 403170801 6360787 6555 329.388123 9.937969208
0.533762 23428127 3254574 403378493 6379507 6532 330.584900 9.964093924
0.53293 23428127 5289685 403126876 6375739 6576 326.981323 9.936862946
0.531176 23428127 3298785 403088484 6356738 6469 328.271240 9.939529181
0.529236 23428127 5490153 402840454 6358015 6510 325.183716 9.850697041
0.535799 23428127 3333066 403083137 6374583 7023 330.528198 9.934890032
0.535919 23428127 5339239 401583317 6358330 6580 330.519897 10.025129795
0.52845 23428127 3250475 402431751 6351357 6596 327.215515 9.911201000
0.531151 23428127 3149980 402971836 6364417 6340 327.631897 9.902865887
0.532722 23428127 6061224 402293274 6372674 6665 329.359192 9.944565058
0.530776 23428127 5485567 403240571 6377810 6627 324.593689 9.887314796
0.533407 23428127 3288963 404007622 6387271 6503 329.178101 9.940100193
0.531912 23428127 5503972 402873715 6367150 6685 326.544067 9.877594948
0.535707 23428127 3352461 402526296 6348990 6862 327.685486 9.942001104
