"Validation time(S)" "Commits" "Aborts" "Val Reads" "Val success" "Val fail" "Energy (J)" "Time(S)"
8.6e-05 87383 300 29009 3225 0 465.820190 14.504672050
6.9e-05 87383 351 28499 3171 0 464.167542 14.516805887
9.7e-05 87383 365 33520 3728 0 462.412109 14.502395153
8.4e-05 87383 369 27050 3010 0 463.019104 14.506996870
0.000131 87383 1446 49074 5458 0 465.811829 14.548554897
4.4e-05 87383 250 14700 1636 0 469.615173 14.562942028
0.000169 87383 658 58856 6544 0 457.870850 14.553646803
6.6e-05 87383 253 24408 2712 0 462.831482 14.541108847
5.3e-05 87383 1457 19525 2173 0 467.533936 14.543473959
0.000136 87383 583 53802 5978 0 467.080566 14.556074858
7.6e-05 87383 442 31450 3498 0 463.241699 14.545793056
0.000225 87383 630 76530 8506 0 471.254517 14.593506098
7.5e-05 87383 377 23598 2622 0 469.432739 14.577646971
0.000159 87383 2327 61426 6826 0 462.511353 14.545376062
0.000319 87383 2241 109958 12230 0 467.957520 14.612627029
0.000196 87383 416 66286 7366 0 463.636108 14.569907188
5.2e-05 87383 235 19237 2141 0 461.268127 14.559312105
5.8e-05 87383 272 23065 2569 0 469.972900 14.591890097
0.000139 87383 684 55203 6147 0 466.929016 14.565775871
0.000186 87383 535 75556 8396 0 459.925232 14.528233051
8.8e-05 87383 355 37188 4132 0 455.289978 14.515199900
0.00014 87383 466 55992 6224 0 461.689392 14.549663067
6.4e-05 87383 373 26137 2905 0 466.126099 14.519438982
6.9e-05 87383 128 25902 2878 0 460.957153 14.530529022
0.000179 87383 1930 65602 7290 0 463.066833 14.560434103
5.2e-05 87383 1485 22709 2525 0 469.371643 14.538841009
0.00018 87383 461 61605 6845 0 463.706177 14.558758020
6.1e-05 87383 425 26541 2949 0 458.554382 14.544226170
9.5e-05 87383 372 40846 4542 0 465.630615 14.592557907
8.1e-05 87383 1979 28696 3192 0 463.400269 14.538660049
0.000132 87383 345 49383 5487 0 462.414185 14.570243120
