"Validation time(S)" "Commits" "Aborts" "Val Reads" "Val success" "Val fail" "Energy (J)" "Time(S)"
4.4e-05 21847 104 12224 1748 0 3.513550 0.107697964
4.5e-05 21847 169 13917 1989 0 3.578186 0.107808828
2.6e-05 21847 128 9804 1410 0 3.520081 0.107681990
2.5e-05 21847 95 7261 1039 0 3.527893 0.107638121
1.4e-05 21847 85 7743 1107 0 3.512939 0.107671976
2.3e-05 21847 110 7813 1117 0 3.563416 0.107496023
3.3e-05 21847 111 8582 1226 0 3.594604 0.107566833
2.4e-05 21847 176 8779 1255 0 3.524475 0.107563019
3.7e-05 21847 149 10543 1513 0 3.509338 0.107632160
4.1e-05 21847 129 9110 1304 0 3.575989 0.107717037
2.7e-05 21847 90 12476 1784 0 3.532898 0.107666016
2.5e-05 21847 130 10195 1459 0 3.537476 0.107687950
4.5e-05 21847 163 10652 1526 0 3.500610 0.107661009
2.4e-05 21847 178 7520 1076 0 3.502380 0.107458115
1.9e-05 21847 1857 6055 865 0 3.579346 0.107644081
1.8e-05 21847 48 5671 811 0 3.516663 0.107610941
2.4e-05 21847 140 7709 1103 0 3.495544 0.107660055
3.6e-05 21847 107 8464 1216 0 3.515381 0.107692957
3.1e-05 21847 117 8815 1261 0 3.470154 0.107727051
3.8e-05 21847 117 9468 1356 0 3.588379 0.107607126
2.7e-05 21847 113 8566 1228 0 3.548767 0.107727051
3.2e-05 21847 1212 8107 1159 0 3.569580 0.107584953
3.5e-05 21847 132 11210 1604 0 3.565674 0.107681990
2.2e-05 21847 30 6794 974 0 3.548523 0.107711077
2.4e-05 21847 84 10763 1541 0 3.563538 0.107882023
3.3e-05 21847 126 9664 1384 0 3.532715 0.107636929
3e-05 21847 89 8354 1196 0 3.522522 0.107412815
4.3e-05 21847 238 10706 1532 0 3.593933 0.107641935
3.9e-05 21847 208 12672 1812 0 3.583984 0.107686043
1.7e-05 21847 126 9178 1312 0 3.539612 0.107728958
1.6e-05 21847 79 7620 1092 0 3.565491 0.107918978
