"Validation time(S)" "Commits" "Aborts" "Val Reads" "Val success" "Val fail" "Energy (J)" "Time(S)"
9e-06 2732 58 1308 264 0 0.329712 0.010115862
8e-06 2732 49 1254 258 0 0.332092 0.010092020
9e-06 2732 69 1661 345 0 0.333984 0.010170221
4e-06 2732 73 1288 260 0 0.330627 0.010200024
2e-06 2732 45 1275 259 0 0.327820 0.010233879
5e-06 2732 76 931 187 0 0.328247 0.010188103
5e-06 2732 33 1330 270 0 0.331177 0.010159016
3e-06 2732 66 1018 206 0 0.328613 0.010146856
2e-06 2732 67 1218 246 0 0.357361 0.010130167
4e-06 2732 50 1035 207 0 0.332642 0.010183096
2e-06 2732 52 1001 201 0 0.333679 0.010127068
5e-06 2732 60 1528 308 0 0.330994 0.010103941
2e-06 2732 40 1211 243 0 0.333618 0.010091066
5e-06 2732 79 1405 289 0 0.334290 0.010112047
3e-06 2732 65 1143 235 0 0.335510 0.010095835
2e-06 2732 23 1256 260 0 0.331421 0.010093212
3e-06 2732 34 1366 278 0 0.333435 0.010159969
3e-06 2732 13 1454 294 0 0.337097 0.010191202
8e-06 2732 60 1188 240 0 0.330566 0.010118008
4e-06 2732 35 1213 245 0 0.337097 0.010081053
5e-06 2732 64 1043 211 0 0.331909 0.010130167
2e-06 2732 32 1176 240 0 0.334717 0.010185003
7e-06 2732 41 1410 286 0 0.330017 0.010124922
8e-06 2732 25 1400 288 0 0.329407 0.010142088
1e-06 2732 44 1358 278 0 0.331299 0.010124922
2e-06 2732 27 1272 256 0 0.330811 0.010128021
5e-06 2732 10 1047 211 0 0.331543 0.010109901
3e-06 2732 60 1040 212 0 0.332092 0.010172129
5e-06 2732 50 1461 293 0 0.332031 0.010107040
8e-06 2732 42 1205 245 0 0.331787 0.010172844
8e-06 2732 72 1300 264 0 0.329285 0.010155916
