"Validation time(S)" "Commits" "Aborts" "Val Reads" "Val success" "Val fail" "Energy (J)" "Time(S)"
0.000169 21847 1765 55540 7936 0 1.152039 0.031324863
0.000173 21847 2082 55974 7998 0 1.149475 0.031463861
0.00017 21847 1598 53691 7671 0 1.186279 0.031337976
0.000164 21847 1826 54595 7801 0 1.173950 0.031285048
0.000153 21847 1402 53077 7585 0 1.157654 0.031369925
0.000148 21847 1844 57143 8165 0 1.132629 0.031344891
0.000164 21847 1703 55503 7929 0 1.144714 0.031381845
0.000191 21847 2090 55338 7908 0 1.131226 0.031418085
0.000172 21847 1668 54882 7842 0 1.160034 0.031224012
0.000165 21847 2379 55804 7972 0 1.140869 0.031360149
0.000164 21847 1472 54160 7738 0 1.137756 0.031488895
0.00016 21847 1534 55945 7993 0 1.139099 0.031207085
0.000174 21847 1620 55343 7907 0 1.164551 0.031480074
0.000155 21847 1729 55764 7968 0 1.193604 0.031260014
0.000157 21847 2168 55076 7868 0 1.177246 0.031314850
0.000167 21847 1646 56518 8074 0 1.175720 0.031227827
0.000166 21847 1523 54190 7744 0 1.159668 0.031330109
0.000178 21847 1731 54141 7737 0 1.169312 0.031266928
0.000186 21847 3309 55182 7884 0 1.174072 0.031481028
0.000145 21847 1455 52043 7439 0 1.130981 0.031240940
0.000177 21847 1713 54894 7842 0 1.170898 0.031251907
0.000155 21847 1853 54229 7747 0 1.187744 0.031388044
0.000177 21847 3301 50581 7231 0 1.191101 0.031530142
0.000157 21847 1964 54286 7756 0 1.155701 0.031270981
0.000155 21847 1429 53217 7605 0 1.156738 0.031361103
0.000188 21847 1512 54264 7752 0 1.179260 0.031337023
0.000176 21847 1985 53930 7706 0 1.164917 0.031381130
0.000162 21847 1697 55308 7902 0 1.152832 0.031352997
0.000162 21847 1536 53266 7612 0 1.158020 0.031167984
0.000155 21847 1456 52350 7482 0 1.180664 0.031314850
0.000164 21847 2967 53733 7677 0 1.144043 0.031366110
