"Validation time(S)" "Commits" "Aborts" "Val Reads" "Val success" "Val fail" "Energy (J)" "Time(S)"
2e-06 176 15 760 42 0 0.161865 0.004979849
2e-06 176 14 870 46 0 0.161987 0.004714966
1e-06 176 15 800 44 0 0.189026 0.004995108
2e-06 176 16 761 42 0 0.185852 0.005017042
1e-06 176 15 779 43 0 0.186768 0.005012035
1e-06 176 16 759 41 0 0.158936 0.004982948
2e-06 176 16 760 42 0 0.188171 0.005003929
0 176 16 802 43 0 0.161011 0.004920959
4e-06 176 16 797 42 0 0.161316 0.004976034
3e-06 176 15 802 45 0 0.160645 0.004992008
1e-06 176 15 762 43 0 0.161377 0.004981995
0 176 15 764 42 0 0.189148 0.005024195
1e-06 176 19 768 43 0 0.189270 0.004982948
1e-06 176 15 760 42 0 0.158020 0.004989862
4e-06 176 15 759 41 0 0.190002 0.004997015
3e-06 176 15 772 43 0 0.190796 0.004977942
2e-06 176 18 761 42 0 0.191650 0.005062103
2e-06 176 15 764 42 0 0.192139 0.004981041
3e-06 176 15 764 42 0 0.161987 0.004987001
1e-06 176 16 804 44 0 0.186096 0.004967928
1e-06 176 18 766 43 0 0.188904 0.004975080
0 176 15 799 43 0 0.160217 0.004980803
3e-06 176 17 801 44 0 0.186279 0.004987955
3e-06 176 15 803 44 0 0.190735 0.004909039
4e-06 176 15 759 41 0 0.189880 0.004987955
1e-06 176 15 759 41 0 0.194031 0.004975796
3e-06 176 15 760 42 0 0.183044 0.004994869
3e-06 176 16 858 47 0 0.158997 0.004930973
2e-06 176 17 759 41 0 0.160156 0.004990101
2e-06 176 16 760 42 0 0.159424 0.005006790
2e-06 176 17 761 42 0 0.184692 0.005002975
