"Validation time(S)" "Commits" "Aborts" "Val Reads" "Val success" "Val fail" "Energy (J)" "Time(S)"
1e-06 128 8 867 49 0 0.292053 0.008080959
3e-06 128 8 1007 50 0 0.326660 0.008543015
2e-06 128 8 965 55 0 0.268127 0.008188963
1e-06 128 9 878 52 0 0.263367 0.008164167
7e-06 128 8 878 52 0 0.294678 0.008183956
3e-06 128 8 1007 50 0 0.292297 0.008559942
1e-06 128 8 870 50 0 0.300110 0.008195877
2e-06 128 9 893 51 0 0.263306 0.008135796
3e-06 128 9 881 53 0 0.292542 0.008147955
2e-06 128 9 966 55 0 0.293701 0.008174896
2e-06 128 8 845 48 0 0.263000 0.008131027
5e-06 128 9 954 53 0 0.292908 0.008108854
3e-06 128 8 902 51 0 0.290100 0.008173943
0 128 9 890 51 0 0.287231 0.008176804
1e-06 128 6 1012 49 0 0.265137 0.008280993
2e-06 128 9 865 52 0 0.299988 0.008167028
4e-06 128 9 887 50 0 0.289246 0.008173943
0 128 8 866 49 0 0.298462 0.008207083
3e-06 128 6 1012 49 0 0.262268 0.008275986
2e-06 128 8 876 49 0 0.293091 0.008202076
3e-06 128 9 899 52 0 0.291260 0.008205175
1e-06 128 9 901 56 0 0.296387 0.008200884
2e-06 128 8 845 48 0 0.299377 0.008194923
3e-06 128 6 1012 49 0 0.293823 0.008239031
2e-06 128 7 938 54 0 0.262512 0.008048058
5e-06 128 9 867 49 0 0.296143 0.008175850
1e-06 128 8 854 50 0 0.287476 0.008182049
2e-06 128 10 899 52 0 0.293335 0.008188963
4e-06 128 9 892 50 0 0.288330 0.008173943
4e-06 128 8 862 51 0 0.290344 0.008183956
3e-06 128 10 895 52 0 0.285278 0.008197069
