"Validation time(S)" "Commits" "Aborts" "Val Reads" "Val success" "Val fail" "Energy (J)" "Time(S)"
0.139012 22362283 4751 8358788 8358788 0 247.305664 9.062145948
0.136943 22362283 127 8292963 8292963 0 247.900146 9.065779924
0.137567 22362283 140 8302629 8302629 0 249.430420 9.023211002
0.13765 22362283 151 8305695 8305695 0 247.305359 9.020735025
0.136316 22362283 114 8223143 8223143 0 243.753540 9.087522030
0.139842 22362283 166 8378987 8378987 0 246.891235 9.090464115
0.140187 22362283 173 8406116 8406116 0 247.258911 9.091771126
0.137874 22362283 120 8303117 8303117 0 245.585022 9.109843969
0.138224 22362283 136 8313559 8313559 0 243.331482 9.068659067
0.133518 22362283 137 8038867 8038867 0 243.380798 9.006903172
0.134617 22362283 120 8106690 8106690 0 240.005249 8.987513065
0.139128 22362283 121 8389587 8389587 0 248.592102 9.142930031
0.137142 22362283 200 8260853 8260853 0 246.115540 9.101300955
0.137317 22362283 308 8242288 8242288 0 247.683533 9.089665174
0.138732 22362283 133 8361130 8361130 0 248.669861 9.126165152
0.136718 22362283 149 8235372 8235372 0 248.529358 9.111337185
0.136283 22362283 150 8223125 8223125 0 245.026917 9.040786982
0.135441 22362283 1664 8184280 8184280 0 247.421387 9.083413839
0.141325 22362283 127 8517721 8517721 0 247.135681 9.168596983
0.137185 22362283 111 8247074 8247074 0 246.426453 9.084075928
0.137867 22362283 137 8325545 8325545 0 250.128357 9.446156979
0.13664 22362283 103 8239703 8239703 0 242.932007 9.045449972
0.137059 22362283 136 8242588 8242588 0 249.813660 9.151509047
0.135633 22362283 140 8173241 8173241 0 244.593628 9.038688183
0.140677 22362283 155 8457557 8457557 0 256.859009 9.629826069
0.135422 22362283 95 8160226 8160226 0 246.297485 9.100998163
0.137483 22362283 182 8244120 8244120 0 246.454285 9.138956070
0.135705 22362283 170 8186703 8186703 0 245.387634 9.032990217
0.140091 22362283 172 8421001 8421001 0 249.816101 9.144526005
0.135597 22362283 206 8165326 8165326 0 242.685120 9.065311909
0.135965 22362283 145 8177011 8177011 0 249.053467 9.161536694
