"Validation time(S)" "Commits" "Aborts" "Val Reads" "Val success" "Val fail" "Energy (J)" "Time(S)"
0.00032 47259 13 19246 19246 0 0.402649 0.014333963
0.00033 47259 28 19111 19111 0 0.403625 0.014327049
0.000344 47259 15 19545 19545 0 0.403870 0.014404774
0.000327 47259 22 20589 20589 0 0.400269 0.014607906
0.000319 47259 15 18818 18818 0 0.406555 0.014334917
0.000315 47259 23 19869 19869 0 0.374390 0.014242887
0.000354 47259 16 19977 19977 0 0.412842 0.014361858
0.000353 47259 26 19954 19954 0 0.402588 0.014365911
0.000349 47259 21 19009 19009 0 0.413391 0.013433933
0.000332 47259 20 19877 19877 0 0.403870 0.014216900
0.000309 47259 26 20785 20785 0 0.402344 0.014386892
0.000363 47259 20 19881 19881 0 0.376709 0.013763905
0.000338 47259 21 19950 19950 0 0.400696 0.014661074
0.000339 47259 26 19858 19858 0 0.443420 0.013550043
0.000303 47259 20 19920 19920 0 0.423218 0.013447046
0.000322 47259 22 19958 19958 0 0.403931 0.014687061
0.000355 47259 23 19860 19860 0 0.402100 0.014415026
0.000308 47259 12 19815 19815 0 0.418335 0.013545990
0.000349 47259 11 19334 19334 0 0.405884 0.014405966
0.000344 47259 18 19710 19710 0 0.405762 0.014204979
0.000361 47259 11 20036 20036 0 0.417480 0.013571978
0.000289 47259 16 19086 19086 0 0.407349 0.014102221
0.000321 47259 10 19088 19088 0 0.405273 0.014189720
0.00033 47259 19 20682 20682 0 0.400818 0.014508724
0.000359 47259 14 20804 20804 0 0.401855 0.014406919
0.000322 47259 25 19629 19629 0 0.400818 0.014229059
0.000345 47259 15 19636 19636 0 0.405396 0.014343977
0.000324 47259 7 19818 19818 0 0.400879 0.014178038
0.000317 47259 11 20023 20023 0 0.405273 0.014683962
0.000338 47259 26 20969 20969 0 0.402893 0.014345884
0.000336 47259 12 19795 19795 0 0.400513 0.014302015
