"Validation time(S)" "Commits" "Aborts" "Val Reads" "Val success" "Val fail" "Energy (J)" "Time(S)"
0.000654 93687 16 39500 39500 0 0.970581 0.035441160
0.000589 93687 19 35884 35884 0 0.962341 0.035403013
0.000653 93687 16 38436 38436 0 0.943237 0.035098791
0.000563 93687 23 35984 35984 0 0.930603 0.034842014
0.000643 93687 17 37058 37058 0 0.965942 0.035585880
0.000648 93687 14 39630 39630 0 0.966919 0.035789013
0.000628 93687 19 39135 39135 0 0.963989 0.035798073
0.000639 93687 18 38115 38115 0 0.963928 0.035293102
0.00064 93687 14 38395 38395 0 0.941223 0.035079956
0.000637 93687 21 37071 37071 0 0.993530 0.035794973
0.000693 93687 15 39582 39582 0 0.989868 0.036071062
0.000624 93687 16 37298 37298 0 0.966858 0.035701036
0.00064 93687 23 36049 36049 0 0.954956 0.035569906
0.000618 93687 16 36765 36765 0 0.963623 0.035228968
0.000641 93687 14 39516 39516 0 0.994995 0.035801888
0.000583 93687 26 35860 35860 0 0.962891 0.035382986
0.00064 93687 28 38297 38297 0 0.989746 0.035853863
0.000594 93687 16 37683 37683 0 0.968872 0.035740137
0.000577 93687 18 35900 35900 0 0.967285 0.035672188
0.000566 93687 18 35490 35490 0 0.962219 0.035940886
0.000589 93687 16 35730 35730 0 0.967163 0.035262823
0.000606 93687 16 37110 37110 0 0.952454 0.035525084
0.000664 93687 12 38796 38796 0 0.963562 0.035108089
0.000599 93687 14 37302 37302 0 0.959290 0.035733938
0.00068 93687 24 39576 39576 0 1.058838 0.034833908
0.000649 93687 17 37446 37446 0 0.962402 0.035639048
0.000599 93687 13 37560 37560 0 1.046570 0.034739971
0.00066 93687 13 38800 38800 0 0.980103 0.035897017
0.000609 93687 14 36556 36556 0 0.971619 0.034772873
0.0006 93687 25 36959 36959 0 0.965515 0.035691977
0.000633 93687 27 36642 36642 0 0.955200 0.035495996
