"Validation time(S)" "Commits" "Aborts" "Val Reads" "Val success" "Val fail" "Energy (J)" "Time(S)"
0.30152 1000000 677003 166617203 1128338 23234 216.911438 6.142836094
0.315982 1000000 672428 176370749 1195898 24141 211.176147 5.879885197
0.294678 1000000 679549 162222086 1097209 22871 216.793579 6.128991127
0.32167 1000000 661800 181451587 1230648 24754 208.711243 5.780598164
0.324581 1000000 661868 182974114 1241701 24793 208.419678 5.767086983
0.294896 1000000 677602 161577020 1093096 22697 216.883423 6.138015985
0.293071 1000000 676699 160806870 1088012 22422 217.494324 6.166361809
0.292316 1000000 683369 160489040 1084778 22640 216.691895 6.147535086
0.293423 1000000 677766 160600525 1086501 22940 217.267639 6.160325050
0.29307 1000000 680804 160189351 1083553 22559 216.616028 6.147043943
0.322837 1000000 659601 181537377 1231949 24304 207.763367 5.758571863
0.29412 1000000 680809 160864258 1088279 22542 218.779724 6.159934998
0.313227 1000000 675813 175250177 1187508 24111 210.881226 5.894769907
0.293918 1000000 679380 160982833 1088823 22390 217.764893 6.159049034
0.319664 1000000 659097 180552607 1224368 24189 208.303528 5.768262148
0.331138 1000000 649927 179138431 1219347 23569 219.317261 6.130662918
0.320886 1000000 658521 181949633 1234637 24207 207.880432 5.756731033
0.322977 1000000 658737 181970845 1235207 24396 207.661011 5.755204916
0.316634 1000000 656982 178519969 1209934 24096 207.344177 5.754940987
0.322319 1000000 660520 181798496 1233485 24390 208.053040 5.758813858
