"Validation time(S)" "Commits" "Aborts" "Val Reads" "Val success" "Val fail" "Energy (J)" "Time(S)"
0.001281 4096 1 1311198 3214 1 0.478821 0.014364004
0.001293 4096 1 1294124 3170 0 0.477417 0.014353991
0.00128 4096 1 1297294 3185 0 0.451904 0.014465809
0.001265 4096 1 1308712 3208 1 0.448975 0.014292002
0.001291 4096 0 1294806 3176 0 0.481079 0.014310122
0.001312 4096 1 1292368 3165 0 0.479370 0.014369011
0.001277 4096 9 1304375 3195 1 0.445923 0.014198065
0.001261 4096 4 1299848 3163 2 0.482971 0.014330149
0.001254 4096 0 1301134 3186 0 0.475037 0.014324903
0.001249 4096 0 1304691 3207 0 0.445862 0.014245987
0.001242 4096 4 1296237 3174 1 0.477478 0.014350891
0.001265 4096 4 1305345 3189 3 0.454407 0.014355898
0.00129 4096 1 1304615 3193 0 0.447632 0.014232874
0.001303 4096 0 1298013 3169 0 0.449097 0.014163971
0.001303 4096 5 1294821 3174 0 0.478638 0.014302015
0.001273 4096 0 1300508 3173 0 0.475647 0.014172077
0.001284 4096 2 1319880 3222 1 0.447021 0.014249802
0.001265 4096 6 1316977 3237 1 0.475342 0.014194012
0.001238 4096 0 1299506 3177 0 0.474854 0.014220953
0.001236 4096 0 1298677 3175 0 0.446289 0.014183044
0.001241 4096 3 1295174 3154 2 0.476440 0.014358997
0.00127 4096 2 1310223 3202 2 0.447205 0.014368057
0.001263 4096 2 1298440 3181 1 0.445496 0.014169931
0.001288 4096 3 1301680 3178 0 0.476990 0.014394045
0.001251 4096 1 1288727 3149 1 0.444519 0.014187098
0.001243 4096 1 1290893 3162 1 0.478638 0.014357090
0.001317 4096 3 1295501 3158 1 0.474548 0.014327049
0.001297 4096 1 1285031 3152 1 0.476868 0.014482975
0.001269 4096 1 1291685 3178 1 0.475098 0.014368057
0.001317 4096 0 1306867 3201 0 0.479980 0.014322042
0.001251 4096 1 1301467 3193 0 0.477234 0.014325857
