"Validation time(S)" "Commits" "Aborts" "Val Reads" "Val success" "Val fail" "Energy (J)" "Time(S)"
0.000982 4096 0 993257 3464 0 0.377747 0.011287928
0.000968 4096 1 986223 3429 0 0.378723 0.011252880
0.001033 4096 1 983845 3413 1 0.349792 0.011338949
0.000992 4096 0 991493 3456 0 0.348206 0.011292934
0.000958 4096 3 997260 3481 0 0.378479 0.011211157
0.000943 4096 0 993140 3456 0 0.378296 0.011258125
0.000976 4096 0 986375 3438 0 0.381958 0.011257172
0.000976 4096 0 998064 3479 0 0.350647 0.011320829
0.000986 4096 1 985638 3419 1 0.375183 0.011300087
0.000909 4096 0 997992 3483 0 0.374207 0.011276960
0.000997 4096 1 985418 3433 0 0.380371 0.011276960
0.000983 4096 2 993422 3461 0 0.374390 0.011250973
0.000985 4096 0 997884 3478 0 0.371643 0.011261940
0.000941 4096 1 993913 3469 0 0.376953 0.011286974
0.000958 4096 1 988994 3434 0 0.376160 0.011471987
0.001012 4096 1 994769 3459 0 0.380127 0.011276960
0.001037 4096 1 986942 3430 0 0.379761 0.011209965
0.001007 4096 1 991784 3461 0 0.341431 0.011095047
0.00095 4096 1 991865 3459 1 0.382080 0.011303902
0.000975 4096 1 992269 3449 0 0.381409 0.011308908
0.000977 4096 0 983252 3428 0 0.377808 0.011306047
0.000923 4096 1 985593 3428 1 0.375000 0.011312008
0.00093 4096 1 991257 3446 1 0.378357 0.011189938
0.000939 4096 0 992895 3463 0 0.377563 0.011252165
0.000998 4096 4 995416 3466 1 0.380920 0.011279106
0.000974 4096 0 988507 3433 0 0.348083 0.011214972
0.000995 4096 0 990314 3451 0 0.374878 0.011286974
0.001016 4096 1 988553 3443 0 0.376770 0.011339903
0.000921 4096 0 975284 3391 0 0.372925 0.011289120
0.000939 4096 0 992405 3464 0 0.376831 0.011239052
0.000993 4096 0 995221 3467 0 0.381104 0.011313915
