"Validation time(S)" "Commits" "Aborts" "Val Reads" "Val success" "Val fail" "Energy (J)" "Time(S)"
0.000974 4096 3 888964 3060 1 0.226990 0.006156921
0.00098 4096 15 879642 3017 1 0.225769 0.006150007
0.000987 4096 10 876472 3004 0 0.226807 0.006196976
0.00099 4096 5 874763 2998 0 0.231445 0.006147861
0.000979 4096 1 887919 3039 1 0.203186 0.006125927
0.000943 4096 1 883882 3033 1 0.233948 0.006136894
0.000939 4096 16 888904 3051 0 0.231567 0.006118059
0.000973 4096 2 881746 3029 0 0.226929 0.006190062
0.000952 4096 13 886849 3030 0 0.199097 0.006181002
0.000988 4096 4 875558 3008 2 0.231323 0.006157875
0.000934 4096 22 874010 3003 0 0.200073 0.006134987
0.000996 4096 9 884290 3029 0 0.199463 0.006138802
0.000943 4096 0 880687 3018 0 0.195557 0.006139994
0.000957 4096 11 887835 3051 0 0.228943 0.006173849
0.000969 4096 6 878235 2989 3 0.232605 0.006196022
0.000962 4096 2 879716 3023 1 0.231445 0.006140947
0.001046 4096 0 880108 3018 0 0.200134 0.006181955
0.000976 4096 4 882084 3024 1 0.232727 0.006131887
0.000966 4096 4 877995 3036 0 0.198486 0.006126881
0.000948 4096 1 887286 3060 0 0.233765 0.006128788
0.000921 4096 9 868581 2961 0 0.197815 0.006189823
0.000938 4096 21 873054 3000 1 0.199280 0.006125212
0.000981 4096 1 887055 3030 1 0.200439 0.006155968
0.000958 4096 2 879307 3026 2 0.229309 0.006159067
0.000988 4096 17 881913 3041 1 0.199646 0.006128073
0.000907 4096 1 879679 3023 0 0.231445 0.006144047
0.00097 4096 2 877730 2996 1 0.230896 0.006142855
0.000914 4096 2 867840 2984 1 0.230103 0.006172895
0.000977 4096 1 883014 3032 1 0.234680 0.006167173
0.000918 4096 3 877931 2996 0 0.198792 0.006186008
0.00093 4096 0 879197 3046 0 0.234680 0.006152868
