"Validation time(S)" "Commits" "Aborts" "Val Reads" "Val success" "Val fail" "Energy (J)" "Time(S)"
1.41532 4194304 14201 1390852295 3259266 1159 405.495972 11.989521980
1.42035 4194304 14980 1390128516 3258188 1147 405.476624 12.042640924
1.41645 4194304 12191 1388351687 3252171 1169 404.577026 12.016869068
1.41458 4194304 13081 1384126613 3243014 1187 407.919800 12.117623091
1.43733 4194304 14681 1384998060 3245332 1183 406.601562 12.092798948
1.46845 4194304 14457 1389836579 3256016 1174 407.706848 12.151746988
1.45415 4194304 12681 1383826137 3241475 1169 407.263977 12.166594982
1.46949 4194304 13323 1387452372 3249844 1214 405.438782 12.120991945
1.43322 4194304 13494 1381153549 3236557 1155 409.343872 12.231574059
1.4366 4194304 14970 1388772143 3253894 1151 404.678284 12.076949835
1.43188 4194304 13611 1377352747 3227382 1190 404.892395 12.153949022
1.41429 4194304 11497 1386115275 3247844 1173 400.240356 11.972816944
1.45423 4194304 12964 1385458679 3246445 1118 406.300354 12.165535927
1.43756 4194304 12255 1376187208 3225307 1155 407.889099 12.201289892
1.45173 4194304 15856 1389041785 3254230 1167 405.444031 12.085803986
1.44127 4194304 14010 1380515754 3234923 1173 408.321472 12.177148819
1.46484 4194304 13300 1389123184 3254746 1108 408.849792 12.141295910
1.45662 4194304 13424 1383019309 3240785 1156 408.523254 12.161741972
1.41949 4194304 14609 1390965530 3259457 1242 402.770935 11.925934076
1.44441 4194304 15330 1389449161 3255467 1154 403.745544 12.043521166
1.42758 4194304 14807 1387582688 3251626 1225 404.990234 12.032763958
1.4308 4194304 14083 1388257707 3252365 1177 400.789185 12.001327038
1.45216 4194304 13092 1380993501 3235323 1156 408.067566 12.198538065
1.4507 4194304 12799 1386849570 3248849 1215 406.367676 12.158164978
1.43656 4194304 13363 1385147355 3244649 1160 404.872498 12.052063942
1.45329 4194304 11891 1384674738 3244528 1185 406.566956 12.177299023
1.40779 4194304 13702 1388957620 3254992 1174 401.319519 11.924949884
1.39919 4194304 15156 1382577098 3238170 1197 402.007507 11.989811897
1.40969 4194304 12966 1390120109 3257142 1167 400.820129 11.905692101
1.40519 4194304 13509 1390025457 3257428 1230 400.822693 11.893768072
1.42873 4194304 13882 1385778460 3247385 1228 401.534912 12.029560804
