"Validation time(S)" "Commits" "Aborts" "Val Reads" "Val success" "Val fail" "Energy (J)" "Time(S)"
0.00052 4910 34791 178678 946 2 0.336060 0.007186174
0.000543 5035 38365 183305 977 6 0.355225 0.007578135
0.000537 5036 37817 182834 955 3 0.369873 0.007437944
0.00052 4912 33941 184725 960 6 0.323059 0.007071018
0.000518 4937 37878 180083 964 3 0.353455 0.007207870
0.000526 4969 36985 177828 953 4 0.356567 0.007321119
0.000521 4845 34352 179695 948 5 0.327637 0.007062197
0.000504 4964 39864 181592 962 4 0.354065 0.007491827
0.000512 4960 36031 181702 966 5 0.335815 0.007108927
0.000519 4967 35521 188049 982 1 0.355530 0.007278204
0.000524 4887 38192 177289 958 3 0.336182 0.007388115
0.000525 4928 36929 178593 935 3 0.358276 0.007146835
0.000522 4849 35389 178379 950 4 0.355286 0.007117033
0.000534 4911 34341 185309 988 2 0.355591 0.007194042
0.000498 4927 35590 177227 945 1 0.325867 0.007086039
0.000529 4913 31712 183098 955 4 0.358154 0.007277966
0.000483 4902 36374 178753 935 4 0.325562 0.007306099
0.000532 4953 39090 181902 979 4 0.356079 0.007317066
0.000548 4931 36941 185106 979 1 0.320312 0.007288933
0.00051 4815 30026 177074 936 1 0.352234 0.006833076
0.000552 4939 32539 187150 985 7 0.322510 0.007184982
0.000517 4899 35287 180951 954 2 0.364258 0.007209063
0.00055 4887 32913 184186 970 2 0.325500 0.007029057
0.000494 4918 39746 175465 949 2 0.352783 0.007220030
0.000536 4978 38625 187516 986 8 0.355225 0.007281065
0.000528 4862 32036 175698 934 1 0.321777 0.007004976
0.000533 5008 35614 183639 945 5 0.354492 0.007317066
0.000526 4945 38062 178214 959 2 0.353027 0.007225037
0.000532 4957 35894 184924 988 2 0.324341 0.007304907
0.000522 4992 37711 183897 972 2 0.353149 0.007217884
0.000495 4808 35704 176382 936 5 0.320435 0.007055998
