"Validation time(S)" "Commits" "Aborts" "Val Reads" "Val success" "Val fail" "Energy (J)" "Time(S)"
0.317345 2488025 16673726 121956168 567364 329 342.518433 4.396854877
0.314892 2489353 16472528 121554070 565030 333 343.039246 4.381047964
0.317123 2489385 16775275 121899768 566992 356 342.765320 4.355045080
0.315585 2488805 16674326 121842517 566689 299 342.847168 4.386401892
0.318503 2489465 16648389 121806899 566220 310 336.428711 4.371895075
0.316399 2488731 16664709 121786019 566785 266 340.215637 4.395072937
0.317298 2489192 16617391 121819034 566396 299 335.336426 4.374068975
0.31975 2488376 16783721 121593155 566246 346 342.055359 4.467361927
0.315919 2489367 16766721 121897872 566914 308 340.535706 4.351075172
0.317572 2489827 16708323 121831974 566581 325 340.156677 4.383198023
0.321108 2488871 17025182 121897182 567200 328 343.789062 4.529037952
0.318631 2488763 16635286 121831533 566984 360 336.421875 4.351646900
0.31691 2488367 16714372 121784181 566660 304 339.592285 4.414155960
0.31635 2489225 16705049 121942918 567480 340 338.323486 4.390372038
0.315736 2489505 16914094 121439131 565252 270 342.211243 4.446869850
0.316883 2487223 16591021 121349973 565457 311 338.709778 4.492879152
0.317724 2488589 16659952 122010777 567137 375 339.308228 4.400537014
0.322185 2489276 17014674 121950728 568195 305 339.951050 4.556725025
0.317028 2488939 16652066 121810239 565880 331 338.836060 4.371656895
0.317279 2488499 16656092 121939241 566778 300 343.170349 4.392271996
0.317079 2488918 16776796 121625233 565781 322 342.570129 4.456490040
0.31962 2488825 16887910 121763100 566801 316 345.771240 4.475517988
0.319054 2489814 16887127 121960398 567865 429 343.066467 4.471289158
0.318306 2486645 16749178 121101420 564903 324 343.257385 4.529007912
0.316417 2489631 17000476 121721752 566138 313 343.245239 4.481789112
0.316121 2488801 16737289 121770377 566145 318 340.244995 4.348999977
0.316552 2488007 16819633 121030150 563460 294 341.394592 4.440211058
0.315422 2489124 16687334 121751892 566372 321 339.231689 4.400921106
0.322085 2489031 17163119 121885594 567122 357 344.474854 4.524523973
0.317104 2487576 16695298 121495413 565232 268 339.552429 4.452224016
0.318484 2489263 16715358 121897723 567124 288 340.053711 4.389242172
