"Validation time(S)" "Commits" "Aborts" "Val Reads" "Val success" "Val fail" "Energy (J)" "Time(S)"
0.134958 25000000 4427424 26519113 680530 393 153.106445 2.498922110
0.136691 25000000 4067245 29389607 756297 513 150.958496 2.443301916
0.069376 25000000 3137566 25280589 645058 270 150.897583 2.451875210
0.093949 25000000 3081702 24353172 622734 333 153.139221 2.500020027
0.096156 25000000 2021865 24850055 635214 142 149.718994 2.476090908
0.12791 25000000 2846705 23273142 593841 162 151.492798 2.478389025
0.097069 25000000 4309265 25555184 654252 179 154.871643 2.538789988
0.065049 25000000 5336755 25562222 650841 318 153.972595 2.505524874
0.094724 25000000 3675104 24220147 619091 262 151.844299 2.494001865
0.116324 25000000 3196906 27267958 699994 306 150.086060 2.424849033
0.148987 25000000 3989446 25331911 648437 237 152.292908 2.483454943
0.078559 25000000 3385746 24154318 616068 485 153.241455 2.486675978
0.187073 25000000 3231777 30813595 794769 381 150.787842 2.460509062
0.066006 25000000 3477577 25555018 653183 266 151.301331 2.487400055
0.068344 25000000 3987734 24729564 632833 292 152.296875 2.485231876
0.073972 25000000 3483313 30184844 779078 599 149.819885 2.419487953
0.0999 25000000 2549964 26872539 689847 333 149.448914 2.447825909
0.060919 25000000 3425459 23233753 591127 234 156.126038 2.526541948
0.071873 25000000 2580943 29049625 748738 220 150.417542 2.442097902
0.150543 25000000 5258431 26572215 681287 295 156.128052 2.552954912
