"Validation time(S)" "Commits" "Aborts" "Val Reads" "Val success" "Val fail" "Energy (J)" "Time(S)"
0.925483 15000000 32714637 233643553 6496453 22736 128.393555 2.067908049
0.823764 15000000 27992323 228721176 6380827 20422 121.850525 1.918319941
0.914206 15000000 31503395 231880950 6451069 25734 126.219177 2.017596006
0.957173 15000000 33690824 228000153 6369189 19654 126.999695 2.020903111
0.76567 15000000 30574333 229449979 6386385 20375 125.695190 2.046313047
1.0574 15000000 32483570 234695529 6527298 25701 126.539551 2.021818161
0.832577 15000000 29591994 232518050 6470798 18629 123.776917 1.988143921
0.925879 15000000 32903942 231469958 6453156 19596 127.945190 2.035156012
1.04096 15000000 31718783 229884764 6429408 23312 125.518005 1.985086918
0.788774 15000000 30117861 228123020 6361605 31626 123.370117 1.987512827
0.825943 15000000 33254295 233028697 6476697 25626 130.180603 2.084445953
1.06916 15000000 35689482 227582804 6355995 22457 131.175598 2.079931021
0.755891 15000000 33745635 231173607 6448205 27078 127.348816 2.050347090
0.861155 15000000 36267668 228129570 6353360 21497 131.400085 2.084936857
0.701036 15000000 27210680 234796428 6554311 24552 118.536377 1.874522924
0.966796 15000000 38589397 231086911 6436680 18187 138.231934 2.200508118
0.920891 15000000 36034217 228927992 6386031 25898 131.678894 2.089329958
0.838253 15000000 32711411 233035993 6493610 19999 128.792175 2.046875000
0.885957 15000000 34597731 231786934 6436179 19940 133.025269 2.146609068
0.7082 15000000 31622202 230045369 6413327 24907 122.410095 1.944489002
