"Validation time(S)" "Commits" "Aborts" "Val Reads" "Val success" "Val fail" "Energy (J)" "Time(S)"
8.4e-05 10000 27 23263 1163 5 0.698669 0.017994165
0.000142 10000 116 39523 1977 7 0.630188 0.012257814
0.000157 10000 143 39066 1957 10 0.626953 0.012364864
0.000209 10000 45 47847 2391 8 0.608887 0.010863066
0.000149 10000 101 40530 2028 4 0.672546 0.013942957
0.000162 10000 99 37693 1886 11 0.683472 0.015021086
0.000155 10000 148 40874 2044 11 0.609131 0.011517048
0.000164 10000 193 38715 1934 11 0.640625 0.013696909
0.000173 10000 79 43065 2156 5 0.652405 0.012885094
0.000171 10000 163 44850 2245 12 0.655823 0.012969017
0.000123 10000 57 38942 1947 7 0.658936 0.013247013
0.000148 10000 53 36906 1845 4 0.649048 0.013753891
0.000168 10000 85 44292 2215 9 0.629395 0.011979103
0.000148 10000 85 40801 2041 9 0.645325 0.013966084
0.000182 10000 43 47647 2380 9 0.557800 0.009938955
0.000182 10000 124 45113 2255 9 0.615967 0.011554003
0.000141 10000 58 37280 1864 6 0.665405 0.014092207
0.000202 10000 62 50144 2512 2 0.597656 0.010241032
0.000177 10000 96 49895 2495 8 0.567627 0.009572029
0.000177 10000 67 42510 2125 9 0.794434 0.021098852
