"Validation time(S)" "Commits" "Aborts" "Val Reads" "Val success" "Val fail" "Energy (J)" "Time(S)"
0.024149 10000 1621433 6247462 73978 6040 25.744263 0.420406103
0.039274 10000 1392854 6004718 68710 5906 22.984009 0.375692129
0.025133 10000 1658980 6415459 75976 6246 26.380676 0.430716991
0.022571 10000 1273860 5780037 64592 5816 21.177917 0.346430063
0.060089 10000 1516988 6181597 71944 6051 24.445129 0.398464918
0.040605 10000 1547559 6231087 72889 6018 24.955811 0.408149004
0.039867 10000 1427185 6111687 70256 6093 23.645996 0.386643887
0.023875 10000 1502051 6150764 71321 6076 24.427429 0.399030209
0.038372 10000 1246348 5748882 63996 5757 21.143494 0.345005989
0.071034 10000 1348835 5938150 67268 5975 22.394348 0.365602970
0.074191 10000 1863777 6651860 80831 6350 29.031677 0.478641033
0.060222 10000 1557624 6205700 72629 6168 24.990784 0.407985926
0.02389 10000 1460747 6065334 69968 6106 23.764343 0.387305975
0.055392 10000 1424448 6012144 68967 5941 23.199768 0.378488064
0.059133 10000 1379061 5911205 67469 5835 22.642395 0.369353056
0.062988 10000 1264612 5835649 65152 5945 21.427979 0.348572016
0.033896 10000 868829 4753877 48650 4498 16.223267 0.288438082
0.055665 10000 1508881 6075761 70678 5910 24.638489 0.414577961
0.028186 10000 1529771 6148570 71794 6052 25.012573 0.419405937
0.041311 10000 1683564 6465880 77071 6401 27.243103 0.437530041
