"Validation time(S)" "Commits" "Aborts" "Val Reads" "Val success" "Val fail" "Energy (J)" "Time(S)"
0.273787 35000000 0 32720708 16360354 0 188.906860 8.072475910
0.274054 35000000 0 32730628 16365314 0 188.821533 8.069949865
0.273643 35000000 0 32692833 16346417 0 188.894592 8.072489023
0.284988 35000000 0 32679665 16339833 0 191.216370 8.127715111
0.274936 35000000 0 32738264 16369132 0 188.766541 8.060417175
0.273905 35000000 0 32657008 16328504 0 190.163269 8.080903053
0.274469 35000000 0 32698245 16349123 0 188.700195 8.065098047
0.274188 35000000 0 32699832 16349916 0 188.565735 8.069703102
0.274105 35000000 0 32688344 16344172 0 189.175781 8.085212946
0.285848 35000000 0 32677476 16338738 0 189.163086 8.083352089
