"Validation time(S)" "Commits" "Aborts" "Val Reads" "Val success" "Val fail" "Energy (J)" "Time(S)"
0.279225 150000000 0 54612689 15001237 0 223.391968 8.708009005
0.278427 150000000 0 55015967 15002544 0 228.342957 8.676861763
0.277311 150000000 0 54066301 15001214 0 225.431213 8.750672102
0.278079 150000000 0 55142217 15001309 0 234.060913 8.951313019
0.274686 150000000 0 51932044 15001719 0 227.130432 8.613643885
0.276973 150000000 0 53801688 15002157 0 223.333130 8.635758162
0.276176 150000000 0 53867596 15002394 0 224.575867 8.758684874
0.276956 150000000 0 53632859 15002432 0 229.583191 8.777039051
0.279644 150000000 0 56633008 15003173 0 221.040527 8.670028925
0.283766 150000000 0 53931766 15002398 0 231.501648 8.713059902
