"Validation time(S)" "Commits" "Aborts" "Val Reads" "Val success" "Val fail" "Energy (J)" "Time(S)"
0.044486 50000000 0 5187288 2593644 0 264.012451 11.935802937
0.044573 50000000 0 5191628 2595814 0 262.644287 11.931046009
0.044699 50000000 0 5192728 2596364 0 262.011414 11.936055899
0.044123 50000000 0 5187912 2593956 0 264.115967 11.930632830
0.044265 50000000 0 5194740 2597370 0 264.977112 11.951426983
0.044527 50000000 0 5192965 2596483 0 264.005371 11.939594984
0.044492 50000000 0 5188364 2594182 0 268.398804 12.214319229
0.044229 50000000 0 5183952 2591976 0 261.850891 11.932130814
0.044365 50000000 0 5186097 2593049 0 262.623718 11.957972050
0.044956 50000000 0 5199416 2599708 0 262.981384 11.952159882
