"Validation time(S)" "Commits" "Aborts" "Val Reads" "Val success" "Val fail" "Energy (J)" "Time(S)"
1.08923 23428126 0 526860539 15880894 0 473.884094 18.922202110
1.08462 23428126 0 526860539 15880894 0 470.770691 18.851675034
1.09187 23428126 0 526860539 15880894 0 473.257141 18.861342907
1.0852 23428126 0 526860539 15880894 0 473.071167 18.954035997
1.09076 23428126 0 526860539 15880894 0 473.305176 18.871527910
1.10362 23428126 0 526860539 15880894 0 473.820068 18.940420151
1.08652 23428126 0 526860539 15880894 0 472.926758 18.973674059
1.09048 23428126 0 526860539 15880894 0 471.897583 18.830795050
1.08754 23428126 0 526860539 15880894 0 471.510132 18.910022974
1.09127 23428126 0 526860539 15880894 0 472.026978 18.913923979
