"Validation time(S)" "Commits" "Aborts" "Val Reads" "Val success" "Val fail" "Energy (J)" "Time(S)"
0.002249 54919 0 958070 40708 0 0.644104 0.020852089
0.002235 54919 0 958070 40708 0 0.643738 0.020862818
0.002391 54919 0 958070 40708 0 0.627075 0.020825863
0.002259 54919 0 958070 40708 0 0.652283 0.020807028
0.00236 54919 0 958070 40708 0 0.646240 0.020838022
0.002349 54919 0 958070 40708 0 0.646606 0.020798922
0.002309 54919 0 958070 40708 0 0.622192 0.020881891
0.002325 54919 0 958070 40708 0 0.633606 0.020832062
0.0023 54919 0 958070 40708 0 0.643677 0.020866156
0.002312 54919 0 958070 40708 0 0.647217 0.020869017
