"Validation time(S)" "Commits" "Aborts" "Val Reads" "Val success" "Val fail" "Energy (J)" "Time(S)"
7.1e-05 2731 0 35499 2731 0 0.270813 0.010422945
7.9e-05 2731 0 35499 2731 0 0.272705 0.010413170
2.4e-05 2731 0 35499 2731 0 0.270630 0.010431051
6.1e-05 2731 0 35499 2731 0 0.272766 0.010426998
9.6e-05 2731 0 35499 2731 0 0.297546 0.010427952
7.2e-05 2731 0 35499 2731 0 0.270996 0.010400057
4.7e-05 2731 0 35499 2731 0 0.274109 0.010417938
4e-05 2731 0 35499 2731 0 0.294556 0.010420084
6.3e-05 2731 0 35499 2731 0 0.303223 0.010410786
0.000115 2731 0 35499 2731 0 0.264954 0.010430098
