"Validation time(S)" "Commits" "Aborts" "Val Reads" "Val success" "Val fail" "Energy (J)" "Time(S)"
0.00074 21846 0 415062 21846 0 1.164368 0.042671204
0.0008 21846 0 415062 21846 0 1.184753 0.042651892
0.000722 21846 0 415062 21846 0 1.189758 0.042809963
0.000752 21846 0 415062 21846 0 1.190491 0.042859077
0.000776 21846 0 415062 21846 0 1.189514 0.042614937
0.000741 21846 0 415062 21846 0 1.164124 0.042567968
0.000789 21846 0 415062 21846 0 1.186218 0.042762995
0.000759 21846 0 415062 21846 0 1.185791 0.043429136
0.000736 21846 0 415062 21846 0 1.191589 0.042742014
0.000837 21846 0 415062 21846 0 1.188232 0.042922974
