"Validation time(S)" "Commits" "Aborts" "Val Reads" "Val success" "Val fail" "Energy (J)" "Time(S)"
0.875038 15000000 0 370104825 6761699 0 398.574402 16.018575907
0.871401 15000000 0 369597636 6761545 0 396.998718 16.005245209
0.875144 15000000 0 370726674 6763071 0 398.149597 16.074539900
0.869873 15000000 0 370001219 6761418 0 397.829895 16.032934904
0.884491 15000000 0 370760389 6764179 0 398.183044 16.074865103
0.888324 15000000 0 369841710 6760943 0 399.349854 16.097776890
0.875332 15000000 0 369927209 6764008 0 397.962952 16.067423105
0.874798 15000000 0 370094704 6761656 0 401.343079 16.203016996
0.871842 15000000 0 369995864 6761233 0 397.614990 16.047101974
0.872836 15000000 0 370152121 6765114 0 396.957886 16.024752140
