"Validation time(S)" "Commits" "Aborts" "Val Reads" "Val success" "Val fail" "Energy (J)" "Time(S)"
0.165398 25000000 0 68240715 1263783 0 356.260254 14.544487953
0.164653 25000000 0 68241563 1265164 0 352.472107 14.444313049
0.165683 25000000 0 68281402 1266460 0 354.488525 14.483913898
0.164398 25000000 0 68397663 1264148 0 352.560974 14.477523088
0.164852 25000000 0 68376374 1263611 0 355.768860 14.493176937
0.165004 25000000 0 68241409 1264921 0 354.664368 14.487411022
0.163718 25000000 0 68238323 1264156 0 354.707031 14.515623093
0.16511 25000000 0 68352371 1264819 0 355.340454 14.464944839
0.166023 25000000 0 68275206 1264131 0 353.764526 14.510098219
0.164609 25000000 0 68296328 1263660 0 355.313477 14.530231953
