"Validation time(S)" "Commits" "Aborts" "Val Reads" "Val success" "Val fail" "Energy (J)" "Time(S)"
3.85589 50000000 0 1760443562 44986116 0 546.732910 21.116214991
3.60739 50000000 0 1637099270 44987002 0 514.405090 20.054388046
3.75521 50000000 0 1705990226 44986169 0 528.657532 20.734581947
3.81139 50000000 0 1706020697 44987523 0 544.069763 20.758615971
3.76626 50000000 0 1664769082 44987292 0 531.280518 20.419670820
3.61975 50000000 0 1571989964 44986592 0 514.956482 19.873574018
3.61882 50000000 0 1616056634 44987502 0 517.735901 20.206403017
3.97681 50000000 0 1780716517 44987007 0 551.779358 21.595746994
3.71611 50000000 0 1649231390 44987308 0 522.473999 20.477762222
3.55213 50000000 0 1559050335 44989275 0 507.981628 19.620946884
3.6738 50000000 0 1634164251 44987475 0 539.312744 20.298814058
3.67549 50000000 0 1621423220 44987702 0 536.827759 20.159586906
3.86974 50000000 0 1771998531 44987627 0 559.498535 21.163827896
3.85563 50000000 0 1774604186 44987161 0 565.782959 21.369577885
3.82425 50000000 0 1761395153 44988763 0 548.343567 21.198388100
3.56822 50000000 0 1585106499 44987499 0 529.540894 19.831591129
3.81619 50000000 0 1704244316 44988217 0 562.551880 21.195487022
3.96429 50000000 0 1801927536 44988546 0 570.865173 21.489536047
3.69881 50000000 0 1660549349 44988325 0 545.843201 20.437126875
3.55428 50000000 0 1547008342 44987782 0 530.032166 19.998472929
3.69281 50000000 0 1651946524 44986264 0 543.774536 20.399887085
3.78792 50000000 0 1696538438 44986847 0 556.419312 20.858662128
3.99303 50000000 0 1813166380 44989012 0 581.847534 21.821473837
3.48561 50000000 0 1516806122 44988278 0 514.681152 19.250307083
3.69833 50000000 0 1637361819 44987387 0 540.144714 20.265288115
3.38522 50000000 0 1462689243 44987033 0 508.629333 19.101207018
3.55769 50000000 0 1546393966 44986698 0 519.440002 19.687515974
