"Validation time(S)" "Commits" "Aborts" "Val Reads" "Val success" "Val fail" "Energy (J)" "Time(S)"
0.902604 1000000 0 287648259 95077 0 665.974121 25.590404034
0.909549 1000000 0 289521368 94397 0 671.501343 25.842257023
0.902166 1000000 0 287450052 94828 0 667.965454 25.570683956
0.914308 1000000 0 290614282 95070 0 673.491882 25.935478926
0.920874 1000000 0 291777450 94434 0 679.873413 25.918726921
0.903957 1000000 0 287666778 94858 0 666.840027 25.640782118
0.899187 1000000 0 285377960 94463 0 657.325317 25.302800179
0.903461 1000000 0 287264436 95096 0 662.986267 25.546071053
0.923249 1000000 0 293464250 94724 0 678.020630 26.097293854
0.910702 1000000 0 289804618 94834 0 673.850891 25.899720907
0.911375 1000000 0 288252238 94467 0 686.967712 25.758003950
0.909989 1000000 0 288976832 94892 0 679.183350 25.717629910
0.910673 1000000 0 286917262 94938 0 673.591187 25.461097956
0.892825 1000000 0 284919838 94649 0 673.997559 25.411703825
0.903999 1000000 0 287372625 94731 0 675.115601 25.537047863
0.925318 1000000 0 289318407 94733 0 695.797180 26.450715065
0.894111 1000000 0 282265087 94679 0 655.684814 25.065276861
0.900697 1000000 0 288273801 94813 0 680.947998 25.595261097
0.900392 1000000 0 286586295 94895 0 669.666443 25.275625944
0.926007 1000000 0 292610215 94829 0 686.571167 25.993407011
0.918274 1000000 0 290099102 94839 0 679.107361 25.644279003
0.911458 1000000 0 289797708 94766 0 682.200806 26.169944048
0.915862 1000000 0 291190872 94424 0 693.524902 25.930679083
0.91487 1000000 0 287436478 94542 0 685.065491 25.712812901
0.907366 1000000 0 287028848 94424 0 688.400269 25.713993073
0.89822 1000000 0 285126354 94779 0 683.176575 25.727849007
0.913404 1000000 0 290049095 94897 0 689.934631 26.055249929
