"Validation time(S)" "Commits" "Aborts" "Val Reads" "Val success" "Val fail" "Energy (J)" "Time(S)"
0.000338 10000 0 130323 6517 0 1.012695 0.038066149
0.000309 10000 0 129807 6491 0 1.018433 0.038144827
0.000328 10000 0 130991 6550 0 1.043396 0.038101912
0.000334 10000 0 128989 6450 0 1.018127 0.038093090
0.000325 10000 0 130510 6526 0 1.044373 0.038184881
0.000337 10000 0 131891 6595 0 1.045044 0.038141012
0.000327 10000 0 130272 6514 0 1.042725 0.038181067
0.000329 10000 0 130974 6549 0 1.042664 0.038177967
0.00034 10000 0 131148 6558 0 1.017212 0.038153172
0.000348 10000 0 131269 6564 0 1.040283 0.038185120
