"Validation time(S)" "Commits" "Aborts" "Val Reads" "Val success" "Val fail" "Energy (J)" "Time(S)"
0.003736 10000 0 1791078 10000 0 9.147156 0.378973961
0.003811 10000 0 1791140 10000 0 9.124878 0.378737926
0.003839 10000 0 1791296 10000 0 9.140686 0.379451990
0.003788 10000 0 1791174 10000 0 9.196472 0.379029036
0.003751 10000 0 1791189 10000 0 9.159485 0.379546165
0.003763 10000 0 1791330 10000 0 9.138367 0.378281116
0.003809 10000 0 1791367 10000 0 8.998779 0.378431082
0.003726 10000 0 1791242 10000 0 9.164490 0.379872084
0.003759 10000 0 1791216 10000 0 9.155457 0.379658937
0.003742 10000 0 1791275 10000 0 9.052734 0.378941059
