"Validation time(S)" "Commits" "Aborts" "Val Reads" "Val success" "Val fail" "Energy (J)" "Time(S)"
0.032768 1000000 0 13027635 651435 0 99.614624 3.722998857
0.032995 1000000 0 13031721 651640 0 99.526306 3.722626925
0.032882 1000000 0 13019873 651047 0 99.548584 3.720896959
0.032928 1000000 0 13033718 651742 0 99.557617 3.723505020
0.032971 1000000 0 13029512 651529 0 99.489868 3.719867945
0.033072 1000000 0 13019407 651026 0 99.593140 3.723545074
0.032865 1000000 0 13020392 651076 0 99.594055 3.722038984
0.033155 1000000 0 13019427 651029 0 99.884399 3.733100891
0.032752 1000000 0 13018906 650999 0 99.530029 3.722187042
0.033271 1000000 0 13028386 651476 0 110.076721 4.116360903
