"Validation time(S)" "Commits" "Aborts" "Val Reads" "Val success" "Val fail" "Energy (J)" "Time(S)"
0.001338 4096 0 804621 4095 0 0.417236 0.016289949
0.001322 4096 0 804621 4095 0 0.390930 0.016003132
0.001303 4096 0 804621 4095 0 0.419312 0.015992880
0.001385 4096 0 804621 4095 0 0.390442 0.016051054
0.001388 4096 0 804621 4095 0 0.417053 0.016105890
0.001377 4096 0 804621 4095 0 0.395081 0.016097784
0.001332 4096 0 804621 4095 0 0.394287 0.016132116
0.001359 4096 0 804621 4095 0 0.416382 0.016067982
0.001384 4096 0 804621 4095 0 0.412598 0.016047955
0.00135 4096 0 804621 4095 0 0.414734 0.016176939
