"Validation time(S)" "Commits" "Aborts" "Val Reads" "Val success" "Val fail" "Energy (J)" "Time(S)"
0.001985 4096 0 1085422 4094 0 0.586670 0.022968054
0.002018 4096 0 1085422 4094 0 0.588623 0.023051023
0.002014 4096 0 1085422 4094 0 0.582642 0.023108959
0.00206 4096 0 1085422 4094 0 0.559448 0.023077965
0.002045 4096 0 1085422 4094 0 0.559448 0.023045063
0.001961 4096 0 1085422 4094 0 0.585815 0.023008823
0.001998 4096 0 1085422 4094 0 0.589111 0.023129940
0.001994 4096 0 1085422 4094 0 0.561890 0.023020029
0.002039 4096 0 1085422 4094 0 0.562012 0.023071051
0.001994 4096 0 1085422 4094 0 0.585938 0.023039818
