"Validation time(S)" "Commits" "Aborts" "Val Reads" "Val success" "Val fail" "Energy (J)" "Time(S)"
0.002108 13645 0 656725 9145 0 3.503784 0.087898970
0.002047 13645 0 656725 9145 0 3.514526 0.088315010
0.002052 13645 0 656725 9145 0 3.514404 0.088137865
0.002053 13645 0 656725 9145 0 3.509766 0.087977886
0.00204 13645 0 656725 9145 0 3.535645 0.088010073
0.002023 13645 0 656725 9145 0 3.504150 0.087561131
0.002071 13645 0 656725 9145 0 3.523499 0.088268995
0.002136 13645 0 656725 9145 0 3.522644 0.088373899
0.002117 13645 0 656725 9145 0 3.519714 0.088249922
0.002069 13645 0 656725 9145 0 3.523010 0.087785006
