"Validation time(S)" "Commits" "Aborts" "Val Reads" "Val success" "Val fail" "Energy (J)" "Time(S)"
0.012868 52 98325717 657 29 0 195.027954 5.431000000
0.007962 52 98581928 438 29 0 192.437195 5.351000000
0.008820 59 201420194 409 33 0 197.664429 5.473000000
0.011004 52 186230528 521 29 0 190.806213 5.252000000
0.008049 52 101631125 352 29 0 197.333923 5.531000000
0.007915 52 91997974 434 29 0 197.360718 5.504000000
0.016515 52 89076735 333 28 0 193.618042 5.400000000
0.008054 52 94530430 521 29 0 198.100037 5.524000000
0.008149 52 182490940 371 28 0 198.523193 5.571000000
0.014576 59 210994231 511 35 0 216.475159 5.993000000
0.008191 52 140710757 364 29 0 199.850952 5.606000000
0.008387 52 200855484 333 28 0 193.788330 5.392000000
0.008030 52 77820416 437 28 0 190.345398 5.345000000
0.009254 61 80801303 577 34 0 208.658997 6.271000000
0.008550 53 56463403 729 31 0 182.716919 5.287000000
0.007362 52 75709973 424 27 0 190.974915 5.370000000
0.011311 52 98377239 353 27 0 199.181702 5.571000000
0.008031 52 205029901 517 29 0 189.279968 5.285000000
0.008012 52 99487321 399 27 0 198.447815 5.653000000
0.013100 52 94487984 520 27 0 189.748657 5.293000000
0.002710 52 161220970 0 5 0 190.966736 5.221000000
0.002708 52 148570810 0 5 0 192.947327 5.308000000
0.002762 63 193128084 116 6 0 236.611450 6.508000000
0.002130 52 86105617 0 4 0 191.367249 5.209000000
0.002172 52 100038015 0 4 0 200.326660 5.550000000
0.002764 52 204051990 0 5 0 191.160828 5.197000000
0.003129 52 101468401 0 5 0 201.682129 5.519000000
0.002193 52 225260621 0 4 0 201.771606 5.515000000
0.002776 52 87959596 0 5 0 192.235779 5.309000000
0.002578 52 83253065 0 5 0 194.607239 5.363000000
0.002776 52 211732786 0 5 0 196.056519 5.398000000
0.002721 52 185561535 0 5 0 199.369934 5.526000000
0.002744 52 200859857 0 5 0 206.153931 5.736000000
0.002721 52 94963237 0 5 0 188.888855 5.170000000
0.002789 52 68476130 0 5 0 194.491882 5.354000000
0.002865 52 164634020 0 5 0 191.972168 5.285000000
0.002680 52 234371263 0 5 0 202.816162 5.499000000
0.002727 52 25270252 0 5 0 189.543579 5.356000000
0.002806 52 234054353 0 5 0 204.431396 5.587000000
0.002185 52 226739338 0 4 0 208.976440 5.794000000
