"Validation time(S)" "Commits" "Aborts" "Val Reads" "Val success" "Val fail" "Energy (J)" "Time(S)"
0.219363 8252 32436937 67753 2420 3 168.385010 5.102000000
0.215149 8072 34945583 93332 3029 7 167.213318 5.092000000
0.200646 8147 32097472 74579 2719 9 168.004150 5.101000000
0.210889 8263 33299449 82863 2627 7 168.608215 5.100000000
0.206939 8124 32775048 72925 2682 9 168.313049 5.095000000
0.205237 7929 29369382 83561 3211 6 167.445251 5.104000000
0.231874 8286 34575983 108670 3049 9 169.812927 5.098000000
0.210954 7986 30096935 84957 2773 4 167.255615 5.099000000
0.209827 8147 31767286 86352 3431 2 167.714966 5.099000000
0.215226 7935 30776669 86262 3414 8 166.884338 5.094000000
0.208670 8295 33660375 82228 3224 2 168.372986 5.110000000
0.215517 7808 29907962 78728 2610 4 167.375671 5.094000000
0.214315 8220 31167014 106099 2790 5 167.328918 5.090000000
0.215267 8263 33598418 98030 3164 8 167.879944 5.098000000
0.205861 8240 32206667 85001 2560 5 167.665833 5.092000000
0.203513 8223 29097780 80805 2662 3 167.085205 5.097000000
0.210277 8072 33477649 96842 2894 5 168.301758 5.092000000
0.221444 7919 33374651 105586 2977 5 167.704102 5.097000000
0.211250 8259 31920391 88176 2707 6 169.731445 5.101000000
0.215305 8231 28315948 82238 3189 7 168.104980 5.093000000
0.103044 8468 33092924 18259 396 2 167.280579 5.060000000
0.118343 8325 33516375 23810 496 8 167.934753 5.068000000
0.114241 7948 29884816 13975 451 6 178.048279 5.073000000
0.121755 8072 32989279 19447 523 3 167.126099 5.072000000
0.108700 7930 33196267 27497 429 4 167.324951 5.079000000
0.114346 8606 33737466 12951 460 3 168.591370 5.072000000
0.117764 8492 33041332 14093 482 4 168.340942 5.061000000
0.125126 8252 33641233 17907 506 9 168.741150 5.078000000
0.117365 8252 33491668 22264 481 3 167.716919 5.063000000
0.117110 8399 30000594 23164 507 4 167.174500 5.071000000
0.117171 8099 33076288 24546 517 9 168.091370 5.065000000
0.114770 8312 31198558 19500 472 3 168.553528 5.069000000
0.116902 8244 33791336 17348 483 1 168.845337 5.076000000
0.120906 8466 32744801 22287 468 4 168.579590 5.067000000
0.108645 7995 32854456 21958 465 6 168.347656 5.076000000
0.112961 8361 32056948 20555 470 5 167.704834 5.077000000
0.114196 8209 31783233 19509 479 9 167.182556 5.066000000
0.114035 8641 30537878 17058 455 4 167.406616 5.065000000
0.118855 7886 34905183 28719 471 10 166.318970 5.059000000
0.109938 8335 31274909 13509 447 5 167.766418 5.081000000
