"Validation time(S)" "Commits" "Aborts" "Val Reads" "Val success" "Val fail" "Energy (J)" "Time(S)"
0.209057 7938 30805446 91689 2587 3 166.829407 5.088000000
0.211255 7660 19382523 50142 2194 6 167.161804 5.089000000
0.208510 8018 33693448 93544 2834 8 168.832092 5.096000000
0.202645 8214 33241924 91774 2812 7 167.793091 5.114000000
0.207072 8370 32658500 82180 3169 8 168.721069 5.094000000
0.203635 7910 26968155 79812 2853 2 167.389771 5.108000000
0.208286 7984 33030070 76623 3023 9 167.241394 5.101000000
0.219304 8240 33572311 74628 2942 9 168.140747 5.092000000
0.212508 8240 32639724 89578 2613 5 167.775330 5.095000000
0.212751 8098 30777818 77719 2900 9 167.558655 5.098000000
0.207845 7923 32528354 68152 2583 5 166.497131 5.091000000
0.206840 8137 34898302 77627 2824 10 169.194153 5.095000000
0.198937 8016 33706859 74658 2763 8 166.725647 5.102000000
0.208795 8252 31005585 76563 2821 3 168.373230 5.099000000
0.209277 8290 31166753 63684 2662 2 168.530212 5.101000000
0.216750 8252 34223961 81324 2771 2 168.738220 5.110000000
0.213731 8294 31657191 85394 2802 9 167.898987 5.099000000
0.212426 7995 34424831 73843 2704 6 167.847961 5.112000000
0.219321 8408 33957222 84770 2896 6 168.974609 5.094000000
0.234700 8295 30900166 89170 3411 11 168.215027 5.099000000
0.116231 8370 28709234 17775 492 7 167.225098 5.058000000
0.122856 7995 33072074 24079 529 3 168.318542 5.075000000
0.115670 8099 34419288 18180 467 11 167.229126 5.062000000
0.119153 8344 32477525 24089 515 14 167.755188 5.063000000
0.109000 8295 33496845 22063 445 8 169.062561 5.075000000
0.114762 8137 30932300 27246 481 7 166.834656 5.063000000
0.121871 8788 33665087 21957 498 3 168.422485 5.063000000
0.110421 8290 29782612 24832 436 4 167.455139 5.073000000
0.116602 7943 31018547 16357 491 9 167.242371 5.070000000
0.121222 8670 35280551 23892 492 12 168.435181 5.063000000
0.121317 8296 32335405 23952 506 6 168.191711 5.074000000
0.113365 8200 32275986 19061 465 5 166.915405 5.066000000
0.109503 8295 32321837 23740 444 3 167.993530 5.076000000
0.118902 8335 35562340 23289 494 7 168.108032 5.065000000
0.116688 8324 33098885 26014 467 9 167.345947 5.069000000
0.117545 8123 33275293 16081 485 3 167.836121 5.074000000
0.108087 8056 34470252 16783 444 2 167.404785 5.078000000
0.113103 8361 32658250 18013 489 4 168.417969 5.067000000
0.121889 8016 32779918 22916 505 7 167.830200 5.069000000
0.118836 8221 31969389 22503 476 3 167.347229 5.079000000
