"Validation time(S)" "Commits" "Aborts" "Val Reads" "Val success" "Val fail" "Energy (J)" "Time(S)"
0.222091 8264 32132335 77808 2826 5 168.894165 5.099000000
0.204630 8200 31481038 93224 2813 3 167.894287 5.097000000
0.221756 7984 31955742 89924 2991 15 166.786926 5.097000000
0.210852 7877 31194633 90418 3296 7 167.151489 5.097000000
0.219512 8353 32245470 101044 3131 12 167.753052 5.088000000
0.220423 8369 31083035 92230 2869 2 167.634338 5.102000000
0.210689 7984 33132295 70453 2757 10 168.563538 5.097000000
0.206512 7896 32085901 89558 2570 2 168.162109 5.112000000
0.212064 8464 33797904 87411 3119 5 168.044861 5.097000000
0.211396 8369 34526181 75742 2887 10 168.387573 5.109000000
0.214963 8247 32930005 107847 2913 5 167.964355 5.091000000
0.201116 8033 31288830 82377 2713 11 168.077820 5.086000000
0.212103 8252 35811452 85331 2973 6 168.246277 5.093000000
0.220258 8399 29445367 79325 2551 6 167.567993 5.093000000
0.218795 8290 30986096 113681 3116 10 168.095642 5.103000000
0.219146 8414 31694216 92186 3090 9 169.017517 5.096000000
0.223273 8209 32483260 95031 2711 8 167.580872 5.100000000
0.224814 8214 34419766 96316 3035 8 168.345459 5.099000000
0.218958 8219 34225386 86278 3044 8 168.265564 5.091000000
0.214009 8222 35814990 85871 2862 4 168.031616 5.088000000
0.117443 7948 33909519 21344 511 3 167.542175 5.067000000
0.114033 8295 34464863 21864 487 5 167.931763 5.073000000
0.116410 8333 29912780 23880 482 5 167.465210 5.071000000
0.115376 8590 30455681 19538 504 6 168.706665 5.070000000
0.112566 8262 35770766 18589 486 5 169.418457 5.072000000
0.117556 8296 30836877 22182 477 6 167.865112 5.076000000
0.126809 8405 33558350 18917 498 1 168.948364 5.071000000
0.105473 8318 32089858 18541 448 3 167.760010 5.068000000
0.116581 8688 31488574 22063 463 2 169.321716 5.076000000
0.111798 7937 30333188 20362 467 3 166.222717 5.064000000
0.113349 8456 32216728 18411 488 3 168.598206 5.061000000
0.125915 8405 32732234 16783 504 6 169.631897 5.077000000
0.117447 8210 34894256 25670 470 5 168.764709 5.069000000
0.107726 8408 27362437 15155 446 1 168.146606 5.068000000
0.119815 8283 31437368 15351 498 10 168.388794 5.076000000
0.117715 8295 32383949 21600 490 3 167.816895 5.076000000
0.120020 7919 33078300 19521 489 9 166.288696 5.071000000
0.115537 8219 31603383 14382 459 4 167.846191 5.069000000
0.119102 8016 31516714 16045 511 9 167.227356 5.067000000
0.117918 7985 33360023 16048 491 5 167.480896 5.062000000
