"Validation time(S)" "Commits" "Aborts" "Val Reads" "Val success" "Val fail" "Energy (J)" "Time(S)"
0.217865 8335 33277737 84443 3116 8 168.612366 5.108000000
0.209168 8209 32584997 74998 2672 8 168.172546 5.102000000
0.224282 8408 32666384 84151 3006 5 168.852234 5.100000000
0.209598 8022 32130463 78663 2944 5 167.634644 5.090000000
0.215743 8408 30360247 80325 2780 8 169.508606 5.098000000
0.206552 7698 35120917 79343 2640 5 166.532043 5.099000000
0.214376 8405 32292856 86641 2931 3 168.183594 5.103000000
0.215222 8333 32976319 90022 3139 7 167.624939 5.099000000
0.210115 8408 33172474 83489 2533 2 167.926819 5.089000000
0.210704 7896 31545113 81798 3271 8 167.671021 5.118000000
0.209539 8148 31290512 86437 3055 4 167.542664 5.093000000
0.208482 7959 32955300 69861 2812 6 168.201172 5.098000000
0.211640 8214 32723518 85426 2779 5 168.313110 5.106000000
0.215260 8222 36736049 91485 2683 6 169.238159 5.099000000
0.213906 8283 34591361 77487 2604 7 168.749390 5.108000000
0.224453 7885 31935358 86201 3042 3 167.635071 5.095000000
0.209136 8252 31008674 77058 2417 8 167.542297 5.096000000
0.216368 8140 33401484 82768 2793 5 167.297180 5.094000000
0.218953 8094 31316901 95969 3092 5 167.842102 5.101000000
0.209607 8156 34449163 97311 2759 7 168.421448 5.097000000
0.122268 8528 32163996 22063 528 9 168.444702 5.068000000
0.108743 8455 32830660 14078 441 7 168.999817 5.072000000
0.111473 8240 32915657 15349 433 4 167.182373 5.085000000
0.114753 7795 32414501 16479 465 7 168.156921 5.071000000
0.118770 8092 32114073 19676 463 1 168.602844 5.075000000
0.114571 8023 30156416 11551 450 5 167.640564 5.063000000
0.112522 8405 34516926 26988 486 6 167.806274 5.074000000
0.113163 8422 32578575 18680 474 7 168.692261 5.067000000
0.118712 7811 31892464 20090 481 11 166.410095 5.066000000
0.118943 8098 34411331 18675 500 8 168.249023 5.066000000
0.110300 8319 31721028 16450 459 2 167.466248 5.059000000
0.114395 8409 33109194 16944 487 3 168.465027 5.069000000
0.106419 8296 32667321 15424 427 5 166.923889 5.064000000
0.118037 8016 33306634 15057 478 5 167.631287 5.079000000
0.120438 8353 34240695 22599 501 7 167.879395 5.066000000
0.122792 8399 33149024 17256 496 3 169.319214 5.066000000
0.110455 8409 31104183 18247 454 2 167.295776 5.068000000
0.098333 7668 20610354 11785 416 7 165.239685 5.065000000
0.111643 7974 31313005 17561 466 7 166.195862 5.082000000
0.110438 8279 30165553 13014 471 5 167.785889 5.067000000
