"Validation time(S)" "Commits" "Aborts" "Val Reads" "Val success" "Val fail" "Energy (J)" "Time(S)"
3.419130 15564975 8082 18606683 14966227 109 2427.899719 60.767416453
2.967022 15113697 15118 20507786 14522569 228 2477.461243 60.766332822
3.247406 15345885 25472 20688088 14768467 289 2496.269653 60.778364255
4.005741 14430707 54834 27633730 13897367 566 2455.128784 60.780503313
2.745488 15531373 30571 18757950 14923548 110 2388.084473 60.773516438
3.407641 14600731 12260 22033608 14056373 267 2499.037109 60.763520647
3.409492 16224139 722142 20144495 15598079 143 2425.853760 60.765811513
3.114034 15673249 10849 22412231 15082556 473 2524.480347 60.789936319
3.027311 15199737 27874 20741014 14618205 165 2503.320251 60.762404064
4.158322 16007651 62271 34925455 15433586 592 2509.282471 60.777369969
3.448184 14499012 22894 16999115 13925250 177 2451.817505 60.772216622
11.944620 33273235 461473 170400986 32329855 4329 2682.879395 60.788072774
2.733974 13673200 7836 24094014 13122829 224 2478.151978 60.759739812
3.377769 14479556 13180 18300683 13923281 118 2400.466309 60.764157632
3.495825 14850136 12634 21776257 14293904 284 2475.427490 60.761748177
3.186085 15065973 27303 24613185 14513328 411 2513.067139 60.830255671
3.053839 14596616 5077 19965529 14049394 243 2496.303101 60.878248030
4.005634 15476237 10136 151262378 14934455 157 2424.421631 60.779390990
3.316454 14540347 13146 92660619 14032633 219 2468.907043 60.773665982
3.457469 14297399 29113 26874283 13770961 467 2530.252930 60.798722049
5.811529 35171356 302302 57494148 637781 1959 2560.560425 60.683189890
2.841267 14777627 296842 8237026 140264 416 2542.451904 60.685971131
6.176817 35541449 293393 68276882 686624 2974 2559.414917 60.684218280
5.975138 35373709 274375 59636759 637199 2410 2552.369751 60.681729563
6.063733 35551144 318625 61277992 636513 2197 2559.927246 60.681522403
5.901797 35815485 349409 52575786 666110 1639 2552.999573 60.684372530
5.760486 33396926 271542 52531828 591330 2381 2534.625610 60.686172956
5.857863 34009385 289546 53345400 642269 2407 2538.841064 60.683813658
3.026398 26057413 38549 4340835 308379 83 2466.733948 60.685292453
