"Validation time(S)" "Commits" "Aborts" "Val Reads" "Val success" "Val fail" "Energy (J)" "Time(S)"
12.422005 2057479 375667 134671683 847832 1589 2689.469971 60.768160768
13.252120 2196853 587024 187418196 913508 2548 2700.433533 60.771122148
12.142311 2043832 365123 133417300 842775 1570 2745.037964 60.790176285
12.434737 2086298 398204 141063271 862962 1751 2783.396729 60.803543307
12.699375 2123051 397425 155768689 880829 2138 2771.481079 60.771107891
12.831733 2167740 429104 161286558 896973 1917 2799.658630 60.768617816
12.102595 2016639 375852 131693581 833985 1554 2743.505310 60.772469490
13.223633 2221419 515580 184345224 923078 2230 2774.861633 60.768900680
12.341235 2084319 359149 135242652 858293 1549 2708.558228 60.766739833
12.413949 2066901 375598 137762671 854154 1682 2765.981750 60.767166690
13.816575 2361913 722786 210722278 977243 2997 2776.896118 60.764230038
12.186246 2032396 365257 131854393 836753 1532 2720.960144 60.776195722
12.997484 2189963 518878 174344956 909701 2111 2772.203735 60.763054504
12.248515 2043490 326995 133101552 843559 1556 2766.087708 60.770590333
12.344475 2068210 411124 142285121 855955 1691 2742.428406 60.809948437
12.534411 2066726 386556 131683728 851808 1432 2772.327454 60.766246072
12.171523 2020903 334396 125865982 830348 1453 2750.596741 60.772214288
12.237224 2053821 342395 136432670 847221 1501 2733.542236 60.766371855
12.124379 2041608 356448 130304247 840078 1514 2775.385864 60.766788408
12.220394 2075827 399041 136046867 857056 1607 2804.791931 60.769218343
4.334102 2329634 164228 34591067 94866 661 2576.738586 60.682496063
4.173830 2243288 156673 25731528 84225 570 2559.402100 60.680804740
4.141654 2230425 148345 24572359 81329 484 2545.716614 60.687547504
4.101729 2260294 154201 22275384 77850 419 2538.492432 60.686666921
4.181513 2249278 152356 23401242 81922 488 2543.738953 60.686774276
4.351039 2307070 195618 37966284 99079 772 2582.028442 60.683118387
4.346651 2359862 185810 36413715 96442 726 2587.282837 60.686502160
4.170006 2249742 164780 24470294 84545 536 2555.124390 60.684595490
4.135819 2275919 130497 21360708 78860 426 2539.595642 60.684057600
