"Validation time(S)" "Commits" "Aborts" "Val Reads" "Val success" "Val fail" "Energy (J)" "Time(S)"
0.05905 35000000 12 4419827 3506395 0 132.756348 4.031780958
0.058307 35000000 23 4367035 3468827 0 130.245728 4.014391899
0.059184 35000000 19 4522702 3495367 0 124.604309 4.007951975
0.058502 35000000 24 4436680 3485537 0 123.664429 3.973030806
0.058176 35000000 35 4359850 3472979 0 124.564636 3.992718935
0.058646 35000000 27 4409399 3496171 0 125.474365 3.984293938
0.058564 35000000 13 4355000 3466833 0 124.160522 3.983683825
0.059128 35000000 18 4422928 3496328 0 122.876343 3.938545942
0.058542 35000000 20 4525562 3458920 0 126.593445 4.103743076
0.058243 35000000 29 4515471 3463298 0 126.960266 4.107931137
0.059107 35000000 18 4578967 3490491 0 126.782410 4.100210905
0.059453 35000000 11 4643706 3522589 0 126.218445 4.064622164
0.05845 35000000 25 4512346 3469993 1 127.806213 4.096094131
0.059566 35000000 20 4630102 3511143 0 126.407104 4.083526134
0.059005 35000000 14 4667840 3511810 0 130.415771 4.203865051
0.059556 35000000 12 4620661 3513043 0 127.691772 4.103589058
0.059587 35000000 20 4454469 3498078 0 123.348267 3.957750082
0.06153 35000000 28 4605153 3502165 0 126.692505 4.094862938
0.058987 35000000 12 4555419 3483273 0 125.719727 4.061681032
0.059139 35000000 30 4705379 3527267 0 130.958252 4.091038942
0.059921 35000000 17 4685628 3529913 0 128.168579 4.085522890
0.059707 35000000 18 4636665 3509563 0 126.550537 4.086884022
