"Validation time(S)" "Commits" "Aborts" "Val Reads" "Val success" "Val fail" "Energy (J)" "Time(S)"
0.000312 11261 12522 135642 3244 5 0.152710 0.002887964
0.000326 11261 12890 135617 3234 6 0.151917 0.002811193
0.000329 11261 13370 134433 3194 4 0.154602 0.002921104
0.00028 11261 13374 133424 3197 4 0.152710 0.002908945
0.000312 11261 12905 134700 3233 4 0.147644 0.002850056
0.000321 11261 13071 134798 3245 5 0.118286 0.002861977
0.000298 11261 12752 134313 3223 7 0.127625 0.002824068
0.000337 11261 13190 133950 3229 3 0.120056 0.002846956
0.000318 11261 13254 133697 3199 8 0.155518 0.002934933
0.00031 11261 12629 135710 3228 6 0.121521 0.002882004
0.000338 11261 13140 134178 3240 25 0.146240 0.002840042
0.000283 11261 12942 134447 3209 4 0.125671 0.002895117
0.000308 11261 13065 133010 3171 3 0.119263 0.002869129
0.000314 11261 13585 132349 3180 2 0.151367 0.002848864
0.000274 11261 12905 135885 3262 9 0.120544 0.002951860
0.000289 11261 9432 134354 3174 4 0.160461 0.002825975
0.000322 11261 13210 134994 3248 5 0.121216 0.002884865
0.000292 11261 12680 135629 3212 7 0.149719 0.002924204
0.000285 11261 12704 133862 3225 1 0.151306 0.002809048
0.00031 11261 12390 135694 3235 4 0.117737 0.002862930
0.000277 11261 13076 134862 3232 4 0.119629 0.002875090
0.000298 11261 12860 132554 3185 6 0.125488 0.002842903
0.000331 11261 13142 133628 3205 5 0.164490 0.002916098
0.000294 11261 14061 134646 3264 6 0.155396 0.002897978
0.000289 11261 13013 134813 3209 3 0.149170 0.002918959
0.000285 11261 12493 135322 3212 7 0.119507 0.002871990
0.000294 11261 12937 133419 3182 6 0.147827 0.002851963
0.000312 11261 13477 133734 3232 5 0.154968 0.002833128
0.000291 11261 13651 134297 3241 4 0.154358 0.002902985
0.000317 11261 13501 132276 3192 4 0.120850 0.002892971
0.000298 11261 13046 131586 3155 3 0.132690 0.002902031
