"Validation time(S)" "Commits" "Aborts" "Val Reads" "Val success" "Val fail" "Energy (J)" "Time(S)"
0.000206 21847 4081 66131 9450 0 1.196655 0.031478167
0.000217 21847 4098 65849 9407 0 1.175049 0.031589985
0.000187 21847 8031 65543 9365 0 1.166199 0.031466961
0.000211 21847 4024 66668 9524 0 1.195251 0.031598091
0.000205 21847 3905 64766 9256 0 1.172180 0.031451941
0.000216 21847 3800 65451 9351 0 1.167175 0.031427860
0.000219 21847 3825 66207 9459 0 1.193542 0.031449080
0.000194 21847 3571 66353 9479 0 1.198120 0.031420946
0.000201 21847 4327 66502 9503 0 1.197205 0.031537056
0.000185 21847 4463 66382 9484 0 1.162537 0.031422138
0.000214 21847 3810 65452 9352 0 1.194458 0.031468153
0.000213 21847 3933 65437 9349 0 1.192810 0.031456947
0.000202 21847 4167 66316 9479 0 1.200562 0.031545877
0.000216 21847 3840 65864 9411 0 1.180847 0.031430006
0.000229 21847 4318 67663 9668 0 1.194580 0.031560898
0.000225 21847 3929 66845 9551 0 1.170349 0.031504869
0.000218 21847 4186 65116 9305 0 1.199585 0.031491041
0.000212 21847 4292 65933 9419 0 1.201050 0.031466007
0.0002 21847 3739 65814 9402 0 1.162781 0.031353951
0.000216 21847 3899 66430 9490 0 1.171631 0.031470060
0.000202 21847 4585 65478 9355 0 1.168274 0.031476021
0.000214 21847 4308 65667 9381 0 1.192444 0.031588078
0.000224 21847 3858 65373 9341 0 1.163330 0.031538010
0.000207 21847 3753 65864 9412 0 1.195740 0.031446934
0.000208 21847 3826 64814 9260 0 1.170227 0.031491041
0.000228 21847 3926 65394 9342 0 1.205017 0.031447172
0.00023 21847 4189 67004 9573 0 1.202942 0.031482935
0.000189 21847 4143 65206 9317 0 1.204712 0.031636000
0.000179 21847 4129 65577 9371 0 1.196838 0.031448841
0.000208 21847 4242 66656 9524 0 1.200989 0.031508923
0.000229 21847 4065 66171 9454 0 1.165039 0.031452894
