"Validation time(S)" "Commits" "Aborts" "Val Reads" "Val success" "Val fail" "Energy (J)" "Time(S)"
0.024848 25000000 908893 16942205 486605 1 198.025513 5.731369972
0.028987 25000000 855727 19392673 553082 15 197.814575 5.741089821
0.006997 25000000 1065 4022529 96731 1 202.722900 5.969309092
0.027415 25000000 855952 18468920 527031 13 195.765137 5.686671019
0.028242 25000000 844940 18742538 534893 8 201.737793 5.855237961
0.027936 25000000 862676 18549066 531186 24 192.265869 5.587544918
0.025594 25000000 895008 17010611 487155 8 196.733582 5.695072174
0.025512 25000000 882482 17207786 492271 11 193.984192 5.635797024
0.028026 25000000 851802 18733679 537805 26 192.050720 5.562301874
0.026064 25000000 876412 17515699 500239 11 198.880371 5.829682112
0.025904 25000000 895821 17354647 497800 8 190.905334 5.520522118
0.027423 25000000 873379 18414548 529307 13 197.607910 5.746985912
0.027851 25000000 861446 18525659 530274 16 193.473145 5.617361069
0.027157 25000000 871206 17944935 514173 24 196.370850 5.709332943
0.008958 25000000 46270 5303878 140803 1 195.163391 5.796050787
0.029097 25000000 828735 19267268 550236 16 191.346130 5.558511019
0.025761 25000000 891973 17228855 494983 5 190.622009 5.518478155
0.024994 25000000 907315 16706496 480768 10 197.070496 5.704959869
0.00692 25000000 364 4022652 97237 1 203.113281 6.114618063
0.008895 25000000 44014 5280038 139485 1 201.501465 6.004725933
0.02506 25000000 953023 16982493 487124 11 216.539246 6.291673344
0.009659 25000000 123755 6004526 158385 6 200.879333 5.850995039
0.025448 25000000 950259 16807032 482952 8 216.052307 6.276361060
0.024936 25000000 951919 16858995 483809 14 211.661194 6.189641161
0.02451 25000000 942626 16468851 474099 13 215.508362 6.276382393
0.00682 25000000 14719 4279298 107299 0 200.792908 5.859503646
0.024986 25000000 933447 17002448 487505 7 213.208069 6.211781534
0.024321 25000000 963820 16427924 471058 8 219.883179 6.295669875
0.024319 25000000 960761 16467213 473902 8 215.177979 6.260764669
0.024838 25000000 960167 16650211 479573 6 215.997253 6.289450126
