"Validation time(S)" "Commits" "Aborts" "Val Reads" "Val success" "Val fail" "Energy (J)" "Time(S)"
0.022275 52 174427736 8793535 4 0 210.827576 5.867000000
0.011013 52 31086575 4458516 3 1 213.384399 6.054000000
0.011287 52 203869852 4382246 2 0 207.492493 5.770000000
0.011301 52 32702016 4547349 3 1 228.072144 6.438000000
0.011236 52 89213672 4560953 3 1 227.844177 6.380000000
0.0228 52 83369140 9318337 5 0 220.561218 6.130000000
0.021929 52 64295611 8763726 4 0 221.761902 6.246000000
0.03833 57 215966388 15841703 7 0 255.003906 7.610000000
0.010921 52 110566946 4434642 3 1 221.391541 6.199000000
0.011228 52 159905668 4590316 3 1 217.980164 5.956000000
0.010704 52 171337938 4389031 2 0 214.133911 5.913000000
0.000447 52 31412303 135771 1 1 221.766968 6.266000000
0.023987 52 206475493 9175739 4 0 206.027710 5.745000000
0.010873 52 95855110 4420443 3 1 217.122375 5.973000000
0.011771 52 52019841 4700479 3 1 220.738586 6.178000000
0.01096 52 85404777 4460331 3 1 223.491760 6.114000000
0.011037 52 104772190 4487326 3 1 227.760315 6.381000000
0.02238 52 201569923 9126926 5 0 227.858337 6.338000000
0.011478 52 30028850 4637510 3 1 210.633423 5.970000000
0.021783 52 99563105 8753126 4 0 203.436768 5.627000000
