"Validation time(S)" "Commits" "Aborts" "Val Reads" "Val success" "Val fail" "Energy (J)" "Time(S)"
0.002723 10000 5241 1548919 10584 108 1.959595 0.055136919
0.002532 10000 5221 1524462 10432 118 1.916870 0.055083990
0.002584 10000 5471 1518245 10332 125 1.945251 0.055355787
0.002606 10000 5297 1529404 10480 105 1.959656 0.055127859
0.002566 10000 5308 1528203 10504 99 1.949463 0.055136919
0.002542 10000 5321 1519591 10351 117 1.954651 0.055178165
0.0026 10000 5384 1519087 10387 104 1.936035 0.055367947
0.002576 10000 5386 1518900 10376 112 1.968872 0.055170774
0.002626 10000 5095 1559396 10664 115 1.965332 0.055361986
0.002446 10000 5158 1410693 9593 101 1.950256 0.055302858
0.002561 10000 5297 1506733 10298 108 1.932495 0.054993868
0.00259 10000 5308 1520397 10383 118 1.929932 0.055144072
0.002689 10000 5099 1547159 10558 97 1.944763 0.055176973
0.002573 10000 5562 1529161 10441 107 1.965393 0.055364132
0.002649 10000 5350 1519528 10399 120 1.971497 0.055518866
0.00255 10000 5415 1520521 10354 106 1.979309 0.055070877
0.002606 10000 5435 1544379 10581 96 1.941650 0.055524111
0.00259 10000 5281 1523423 10401 97 1.942444 0.055028915
0.002681 10000 5316 1526961 10440 96 1.941162 0.055264950
0.00257 10000 5374 1538490 10502 104 1.971191 0.055478811
0.002717 10000 5770 1554779 10517 124 1.959839 0.055058615
0.002471 10000 5823 1441226 9718 104 1.951111 0.055135355
0.00264 10000 5792 1551615 10518 117 1.964172 0.055051641
0.002655 10000 5916 1553190 10522 140 1.991516 0.054983955
0.002748 10000 5940 1574960 10645 137 2.005798 0.055387584
0.002674 10000 6018 1546291 10518 135 1.989746 0.055186707
0.00266 10000 6004 1559605 10558 144 1.983521 0.055119492
0.002665 10000 6034 1558460 10563 134 2.007202 0.055226195
0.002566 10000 5889 1514214 10235 101 1.982910 0.055016732
0.002606 10000 5877 1539151 10452 123 1.958679 0.055012761
