"Validation time(S)" "Commits" "Aborts" "Val Reads" "Val success" "Val fail" "Energy (J)" "Time(S)"
1.2e-05 10000 1 3800 190 0 0.686218 0.018603086
1.2e-05 10000 0 4800 240 0 0.694946 0.018589973
1e-05 10000 0 4060 203 0 0.687317 0.018624067
9e-06 10000 1 2540 127 0 0.688721 0.018574953
1.4e-05 10000 0 4554 228 0 0.729553 0.018594980
1.7e-05 10000 0 5389 270 0 0.690796 0.018609047
5e-06 10000 2 2521 127 0 0.690186 0.018591881
2e-05 10000 0 5535 277 0 0.687744 0.018614054
6e-06 10000 1 2279 114 0 0.692078 0.018594027
1.4e-05 10000 0 4469 224 0 0.692627 0.018663168
1e-05 10000 2 3118 156 0 0.693176 0.018584013
6e-06 10000 0 2308 116 0 0.683655 0.018600941
1e-05 10000 2 3860 193 0 0.716492 0.018610001
1.5e-05 10000 1 5600 281 1 0.697021 0.018607140
1e-05 10000 1 3540 177 0 0.685913 0.018589020
1e-05 10000 3 2860 143 0 0.692017 0.018563986
1.1e-05 10000 1 5674 284 0 0.685486 0.018626213
5e-06 10000 0 4825 242 0 0.717529 0.018640995
1.1e-05 10000 0 4382 220 0 0.691711 0.018590927
1.4e-05 10000 2 4540 227 0 0.685852 0.018594980
1.4e-05 10000 0 5133 257 0 0.654358 0.017517782
1.6e-05 10000 1 6335 318 0 0.696594 0.017595984
7e-06 10000 0 2460 123 0 0.662048 0.017618990
1e-05 10000 0 3819 191 0 0.662476 0.017528348
1.2e-05 10000 1 4700 235 0 0.670105 0.017571135
1.2e-05 10000 2 4747 238 0 0.669128 0.017547002
1.1e-05 10000 3 4440 222 0 0.672729 0.017515885
1.6e-05 10000 1 6177 309 0 0.671204 0.017610035
1.9e-05 10000 1 7289 365 0 0.668091 0.017600041
1.3e-05 10000 3 4580 229 0 0.670105 0.017493311
