"Validation time(S)" "Commits" "Aborts" "Val Reads" "Val success" "Val fail" "Energy (J)" "Time(S)"
0.001135 4096 0 1183020 2805 0 0.477539 0.014372826
0.001152 4096 1 1168237 2787 1 0.437561 0.014225960
0.001055 4096 1 1159624 2741 0 0.472839 0.014199018
0.001142 4096 4 1165123 2781 0 0.449524 0.014407158
0.001153 4096 0 1171053 2794 0 0.511658 0.014474154
0.001164 4096 2 1166421 2771 1 0.450439 0.014322042
0.001112 4096 2 1163203 2756 1 0.472900 0.014301062
0.001127 4096 0 1157202 2754 0 0.477234 0.014308929
0.001111 4096 1 1177437 2799 1 0.470642 0.014199972
0.001115 4096 6 1166861 2762 1 0.475769 0.014369011
0.001106 4096 0 1157966 2748 0 0.451050 0.014413118
0.001153 4096 5 1165340 2766 1 0.477722 0.014404058
0.00112 4096 53 1170242 2784 0 0.445801 0.014291048
0.001122 4096 1 1174781 2790 0 0.473511 0.014317036
0.001144 4096 1 1166682 2781 1 0.475708 0.014222145
0.001124 4096 2 1166655 2777 1 0.447693 0.014401913
0.00111 4096 2 1166132 2768 1 0.474487 0.014368057
0.001105 4096 1 1162420 2754 0 0.442688 0.014115095
0.00115 4096 0 1158899 2764 0 0.477905 0.014292002
0.001136 4096 1 1163881 2754 0 0.482178 0.014230013
0.001095 4096 3 1161325 2740 0 0.445190 0.014322042
0.001128 4096 10 1161183 2764 1 0.469238 0.014294147
0.001113 4096 2 1171210 2776 0 0.442017 0.014180899
0.001107 4096 0 1170419 2771 0 0.477417 0.014184952
0.001144 4096 1 1174781 2788 0 0.499634 0.014356852
0.001094 4096 1 1155285 2744 1 0.445679 0.014283180
0.00108 4096 1 1156793 2738 0 0.471008 0.014251947
0.001102 4096 1 1171078 2784 0 0.477356 0.014338970
0.001131 4096 1 1166706 2776 1 0.473511 0.014423847
0.001148 4096 0 1176625 2799 0 0.440674 0.014189005
0.001133 4096 1 1167053 2774 0 0.472778 0.014297009
0.001092 4096 1 1172656 2794 1 0.489685 0.014472008
0.001126 4096 0 1172802 2776 0 0.478760 0.014308929
0.001151 4096 0 1162365 2768 0 0.481506 0.014193058
0.001187 4096 0 1170385 2782 0 0.474915 0.014303923
