"Validation time(S)" "Commits" "Aborts" "Val Reads" "Val success" "Val fail" "Energy (J)" "Time(S)"
1.40675 4194304 19904 1388115412 3251695 1102 407.235046 12.171653032
1.41132 4194304 17954 1391940992 3261666 1171 404.534851 12.107779980
1.41646 4194304 15458 1390986608 3258596 1209 405.371033 12.147271872
1.40938 4194304 16506 1389651890 3255612 1211 402.066162 12.116707087
1.42058 4194304 16328 1386985560 3249319 1192 405.729492 12.107737064
1.40953 4194304 15900 1380958905 3235922 1156 409.547241 12.220902920
1.41927 4194304 15406 1381063792 3235880 1156 404.800842 12.185235023
1.42667 4194304 17397 1384834751 3242376 1087 406.945251 12.222389936
1.42315 4194304 18852 1388678603 3253680 1243 402.938538 12.107975006
1.41646 4194304 17234 1376824968 3225337 1120 407.179504 12.232074976
1.45701 4194304 14841 1386856497 3247815 1219 411.124878 12.363831043
1.44677 4194304 15238 1380744086 3234495 1183 410.246582 12.343058825
1.44603 4194304 17711 1388252850 3250939 1187 409.126587 12.251265049
1.4352 4194304 18476 1374649190 3221210 1177 409.985229 12.359676123
1.41794 4194304 17923 1389376808 3255226 1199 403.130798 12.100203991
1.4561 4194304 15832 1389266187 3253958 1183 408.184204 12.263330936
1.4299 4194304 18010 1384723559 3243368 1150 408.033875 12.195084095
1.42398 4194304 14441 1383275898 3240273 1121 405.492188 12.204488993
1.44102 4194304 14656 1387484356 3249960 1108 409.115295 12.212820053
1.4317 4194304 13898 1376464351 3225408 1092 411.208191 12.326529980
1.44648 4194304 18053 1382748798 3238427 1144 406.598694 12.273558855
1.42729 4194304 17515 1387846830 3251026 1250 406.359253 12.181505919
1.44245 4194304 17448 1385209937 3244062 1141 407.007751 12.232757807
1.43539 4194304 19574 1388592638 3252198 1145 407.304199 12.175406218
1.44899 4194304 16029 1374289123 3219531 1167 407.820984 12.397217989
1.42977 4194304 16835 1387040107 3249384 1144 407.029297 12.192006111
1.44987 4194304 14666 1388742105 3253266 1161 409.600159 12.301524878
1.43878 4194304 15816 1388417751 3251302 1099 405.779419 12.197986126
1.4398 4194304 18444 1388437709 3252279 1222 407.109253 12.197370052
1.4322 4194304 18894 1385059039 3244606 1179 405.676758 12.154607058
1.40689 4194304 15194 1382605716 3238303 1216 404.166260 12.144825935
1.41669 4194304 15449 1387697522 3252684 1121 426.325989 12.303833008
1.41461 4194304 18734 1391302950 3259437 1146 421.023865 12.169362068
