"Validation time(S)" "Commits" "Aborts" "Val Reads" "Val success" "Val fail" "Energy (J)" "Time(S)"
0.000906 4096 0 841972 2844 0 0.227417 0.006306887
0.000958 4096 2 858413 2937 2 0.228516 0.006139040
0.000918 4096 2 853247 2912 1 0.198730 0.006175041
0.000927 4096 2 848219 2874 1 0.231812 0.006288052
0.000895 4096 2 854787 2899 0 0.233337 0.006135941
0.000894 4096 6 848213 2905 0 0.227539 0.006205082
0.000912 4096 2 844541 2879 1 0.226013 0.006211996
0.000872 4096 1 859879 2925 0 0.197693 0.006175995
0.000953 4096 1 848763 2898 0 0.233948 0.006160021
0.000913 4096 2 857968 2914 2 0.228638 0.006173849
0.000924 4096 1 845612 2886 0 0.222778 0.006263971
0.00091 4096 0 843178 2867 0 0.224426 0.006243944
0.000904 4096 0 863957 2936 0 0.227844 0.006165981
0.000901 4096 0 855932 2919 0 0.231506 0.006139994
0.000948 4096 1 856327 2912 0 0.202271 0.006170034
0.000928 4096 0 852544 2888 0 0.202759 0.006108999
0.000892 4096 0 842366 2856 0 0.228027 0.006188154
0.00093 4096 2 857353 2922 2 0.233459 0.006124020
0.000926 4096 1 856590 2907 0 0.231079 0.006169081
0.000893 4096 4 858303 2929 1 0.226013 0.006173849
0.000923 4096 2 850269 2906 0 0.233154 0.006155014
0.000925 4096 0 857116 2921 0 0.234436 0.006206036
0.000925 4096 1 857098 2924 0 0.231445 0.006165028
0.000967 4096 1 847800 2879 1 0.228516 0.006205082
0.000963 4096 2 854406 2905 0 0.230591 0.006130934
0.000955 4096 3 853196 2904 1 0.196289 0.006159782
0.000898 4096 15 858264 2918 0 0.224487 0.006170034
0.000937 4096 2 851498 2905 1 0.198425 0.006141901
0.00091 4096 16 864415 2921 0 0.226868 0.006140947
0.000895 4096 1 845676 2864 0 0.201660 0.006155014
0.000875 4096 10 857327 2920 2 0.229980 0.006144047
0.000898 4096 18 856187 2931 0 0.232483 0.006161928
0.000923 4096 1 852921 2901 1 0.233582 0.006241083
0.000902 4096 3 828538 2822 1 0.241394 0.006399870
0.000906 4096 1 850557 2886 0 0.234619 0.006155014
