"Validation time(S)" "Commits" "Aborts" "Val Reads" "Val success" "Val fail" "Energy (J)" "Time(S)"
0.000493 4933 82278 175823 937 1 0.364136 0.007288933
0.000525 5011 74412 183740 984 3 0.360535 0.007380009
0.00053 4905 63538 178391 941 2 0.354065 0.007115841
0.000518 5037 82713 184059 974 4 0.363953 0.007489920
0.000513 4927 63049 181734 948 7 0.360107 0.007357836
0.000508 4882 52491 179802 927 2 0.326355 0.007146120
0.000497 4958 76265 174749 965 2 0.343506 0.007486105
0.000523 4930 66482 181316 968 3 0.364746 0.007342815
0.000513 4884 66495 181058 938 1 0.327759 0.007146120
0.000518 4995 79697 181244 952 3 0.363281 0.007572174
0.000533 5028 82493 182050 980 4 0.360168 0.007504940
0.000503 4955 70302 174316 931 1 0.327759 0.007379055
0.000527 4912 68012 177659 938 4 0.364807 0.007256031
0.000539 4928 62740 187701 983 4 0.322144 0.007262945
0.000532 4977 63947 183674 963 3 0.356567 0.007287025
0.000525 5034 85510 186795 991 4 0.359497 0.007663965
0.000566 4956 65886 191233 988 5 0.325500 0.007402897
0.000536 4956 70940 182742 972 2 0.359314 0.007378101
0.00052 5037 83593 183694 974 4 0.356873 0.007616043
0.0005 4927 82332 174305 931 6 0.358704 0.007271051
0.000513 4991 66111 177622 917 3 0.360657 0.007629871
0.000527 4934 74983 175572 911 1 0.325012 0.007310867
0.000572 4976 71677 189062 980 1 0.328186 0.007357121
0.000536 4951 84700 178137 940 4 0.365173 0.007681847
0.000531 4967 75952 179398 938 1 0.330688 0.007364988
0.000516 4995 78717 180859 969 4 0.361389 0.007517099
0.000536 5043 73762 186733 982 2 0.363159 0.007440090
0.000532 4948 62376 181900 964 5 0.328735 0.007144213
0.000501 5033 78218 176034 938 3 0.358276 0.007838011
0.00052 4899 71139 180152 949 5 0.325073 0.007328033
0.000489 4972 80258 172404 925 4 0.357056 0.007357121
