"Validation time(S)" "Commits" "Aborts" "Val Reads" "Val success" "Val fail" "Energy (J)" "Time(S)"
0.00107 11291 10105836 255712 7626 1523 6.777344 0.127732992
0.001098 11291 32642881 282305 8731 932 7.247620 0.134277821
0.001114 11291 17976116 266360 7669 1646 10.343872 0.204229116
0.001081 11291 29506699 274023 8148 1314 11.505432 0.220527172
0.001093 11291 20527827 270893 7937 1549 7.024170 0.128886938
0.00083 11291 7979634 198612 5682 973 6.050964 0.122347116
0.001065 11291 15676849 262854 7597 1708 8.083313 0.147943974
0.001069 11291 27195173 254292 7301 1756 14.162720 0.259555817
0.001024 11291 35076568 268713 7676 1760 12.282837 0.221929073
0.001032 11291 20156421 249462 7180 1458 9.504028 0.182761908
0.001048 11291 24212506 288143 9147 673 5.442139 0.110822916
0.000956 11291 29059310 261088 7649 961 8.423706 0.178184032
0.001033 11291 12438805 253202 7311 1859 6.590393 0.129894972
0.001097 11291 32397824 286093 8872 983 7.146667 0.138644934
0.001071 11291 21364742 283726 8799 1025 6.060181 0.104892969
0.000956 11291 37824280 222110 6406 1466 20.417908 0.360183954
0.045113 11291 21214279 267029 7845 1591 8.942566 0.157512903
0.001106 11291 18790806 250150 7122 1810 9.733398 0.184496164
0.001092 11291 14778537 258167 7434 1879 10.242493 0.196525097
0.053073 11291 21943994 254374 7483 1607 11.106506 0.208304882
0.000973 11291 16079797 256685 7273 1448 8.596680 0.167787075
0.001135 11291 12078867 287352 8769 985 2.922485 0.062236071
0.001055 11291 7532849 252417 7324 1721 5.532471 0.109198809
