"Validation time(S)" "Commits" "Aborts" "Val Reads" "Val success" "Val fail" "Energy (J)" "Time(S)"
0.051938 54950 34074854 1272877 33790 2623 12.008179 0.202661037
0.003477 54950 38442267 1048847 28547 2103 10.056030 0.174410820
0.004134 54950 28806356 1248895 32556 3619 11.406494 0.193191051
0.003755 54950 18464615 1264207 31769 1988 6.565125 0.125674963
0.004034 54950 18697381 1238389 32836 3050 12.474670 0.235486031
0.002788 54950 124147 985391 25494 366 0.579529 0.011722088
0.03952 54950 35320999 1126453 30105 1652 16.356384 0.282575130
0.003932 54950 10835895 1200289 30757 2367 9.034363 0.174769878
0.003975 54950 30194465 1260681 33743 2672 22.001892 0.348780870
0.002869 54950 188798 1062538 28136 552 0.587585 0.009413004
0.003508 54950 34145779 1173263 32299 1397 18.955872 0.332896948
0.003699 54950 41235802 1079334 26925 3095 25.511169 0.426692009
0.003532 54950 32468247 1122979 31335 1800 8.586792 0.166671991
0.003922 54950 31858189 1260170 33004 2458 9.713013 0.164052963
0.00405 54950 22043828 1233414 32868 3360 16.281982 0.281111002
0.003808 54950 29078158 1145738 29042 3868 12.933350 0.229198933
0.027612 54950 38876130 1102493 30727 2892 26.494507 0.445389032
0.027974 54950 17929609 1254883 32778 3139 13.296753 0.230271101
0.002726 54950 177176 1052193 27461 448 0.561462 0.009048939
0.027474 54950 59413326 1054929 29927 2728 60.166504 0.945864916
0.003862 54950 35826665 1169403 31990 2797 23.705383 0.405662060
0.004029 54950 24051344 1209477 31700 3616 18.828674 0.327892065
0.00223 54950 106014 872990 21767 173 0.557861 0.011493921
