"Validation time(S)" "Commits" "Aborts" "Val Reads" "Val success" "Val fail" "Energy (J)" "Time(S)"
0.000453 21877 17141159 91624 13357 0 6.712891 0.134419918
0.000456 21877 16240052 92275 13510 0 6.968750 0.144026041
0.000425 21877 8641193 96251 14021 0 5.764771 0.128480911
0.000396 21877 6203907 87979 12724 0 11.522400 0.210336924
0.000431 21877 879959 96158 14018 0 4.116699 0.101238012
0.000192 21877 7759056 43632 6293 0 7.428467 0.200737000
0.000277 21877 5940118 62880 9114 0 5.315979 0.132222891
0.000287 21877 2694671 67929 9858 0 8.089905 0.163294077
0.000404 21877 17180785 86023 12479 0 7.783142 0.150891066
0.000436 21877 2042830 91685 13240 0 3.517456 0.080583096
0.000433 21877 6832238 89730 12978 0 11.244690 0.204746008
0.000414 21877 6870129 91275 13210 0 11.039490 0.205516100
0.000413 21877 12117253 88421 12810 0 5.834534 0.139240026
0.000256 21877 6608379 59974 8671 0 6.359131 0.145481825
0.000437 21877 6126660 90589 13114 0 6.336853 0.165140867
0.000207 21877 11308063 46935 6843 0 7.885620 0.198483944
0.000309 21877 4090744 70379 10180 0 5.219727 0.126622915
0.000452 21877 4607329 88864 12840 0 4.520752 0.125810146
0.000417 21877 1602225 90132 13030 0 6.307373 0.138189077
0.000475 21877 9060402 95288 13887 0 4.783447 0.104736090
0.00026 21877 6603948 51538 7515 0 4.722778 0.123028040
0.000374 21877 1209086 79858 11713 0 3.391541 0.086143970
0.000414 21877 1924549 89493 12923 0 5.191040 0.126957178
