"Validation time(S)" "Commits" "Aborts" "Val Reads" "Val success" "Val fail" "Energy (J)" "Time(S)"
9.03972 50000000 347724624 2299208231 17324641 16232845 1841.703186 36.944149017
14.42 50000000 460579931 3083269241 21102727 19454650 2178.467651 42.668514967
9.18187 50000000 400390464 2273873199 16274691 17080568 1809.672913 36.317418098
8.30388 50000000 341928602 1990262092 14688772 14717383 1591.702881 32.921573460
9.73581 50000000 651788392 2417512800 17401167 17614288 2003.371948 39.162467947
9.40273 50000000 323006586 2096603693 16503983 15109903 1794.776367 35.948997837
9.67625 50000000 453476684 2519782348 17344742 17793404 1815.091370 36.108576873
9.6082 50000000 354243169 2456459490 18663121 16560657 1733.818665 34.995877513
8.34136 50000000 386658391 1977784289 14894691 14719924 1533.807556 31.572236762
10.105 50000000 336401781 2575909772 19719722 17873402 1858.032654 36.945820795
8.16592 50000000 415915267 2080561688 16048288 16252196 1754.889526 34.955968427
11.6009 50000000 350434929 2832734770 19264273 17755929 1971.573242 39.246256966
9.59108 50000000 414143441 2637459666 19066880 18671231 1916.001953 37.627756466
