"Validation time(S)" "Commits" "Aborts" "Val Reads" "Val success" "Val fail" "Energy (J)" "Time(S)"
0.088135 225 2143133504 8166254 117 19 3193.889648 48.595000000
0.000762 225 2783902591 159862 80 12 3549.085876 53.922000000
0.122803 225 5025226712 11222144 153 17 3167.662476 48.267000000
0.095051 236 3759939405 8324319 142 21 4069.138916 62.467000000
0.001204 224 2790025785 246131 122 16 2598.002991 39.640000000
0.036678 226 3333863527 3905688 145 18 3576.745667 54.653000000
0.063413 198 3712452913 4198138 75 16 2621.567749 40.043000000
0.031224 212 4022327183 4251681 96 20 3375.050049 52.506000000
0.034896 208 1795180715 3378471 93 28 2592.249878 39.664000000
0.061579 212 5498608987 3912344 139 17 3486.938660 53.971000000
0.037971 212 2451598873 7091772 84 32 2785.738281 44.824000000
0.023735 234 2578669748 4617076 86 23 3629.422974 57.277000000
0.001118 236 3829008503 162495 155 18 3284.563965 50.068000000
0.020581 222 3246528117 6609678 117 20 2546.209717 39.051000000
0.000388 185 4636576164 66612 112 13 2954.127380 45.673000000
0.116862 151 2169903651 9810001 73 12 3184.261780 49.823000000
0.062149 198 1449011189 4057999 85 11 2781.114746 47.818000000
0.000272 158 2490870244 49374 92 10 2510.153137 42.270000000
0.041331 224 2644231141 7080354 114 18 3129.943176 48.071000000
0.000758 225 3399368547 151739 106 21 3070.523621 49.671000000
