"Validation time(S)" "Commits" "Aborts" "Val Reads" "Val success" "Val fail" "Energy (J)" "Time(S)"
14.1142 50000000 1222240009 1038039595 24903298 6349356 1837.930847 33.157542944
9.99139 50000000 1157860760 738271223 22045635 5387395 1454.005066 26.911487818
13.7517 50000000 1221027978 1019009893 25330309 6523384 1793.632324 32.325590134
13.0864 50000000 1323221059 920046879 23763352 6550289 1871.077087 33.657485008
14.5163 50000000 1090805067 1180055806 27026595 6552794 1893.287048 33.739214182
13.9666 50000000 1227147093 956491327 25639329 6268127 1731.366333 30.682732247
14.4777 50000000 1125728964 1112824214 27129412 6368934 1794.542419 31.742054056
13.9305 50000000 1066009518 1105273350 26374161 6280766 1811.655029 32.051869850
12.5196 50000000 1140730995 979017069 22241451 6978560 1847.166931 33.215835582
13.2416 50000000 1233165865 1053379145 25215768 6503391 1834.836609 32.581213614
13.9746 50000000 1110133418 1081374077 27022097 6306510 1758.151672 31.078209367
13.0392 50000000 1224194206 1029893223 27294058 5939955 1778.613281 31.147478182
13.0981 50000000 1303138346 976879108 25480872 6381116 1766.499207 31.324386665
13.4929 50000000 1111410520 1104921222 26818077 6277445 1803.485107 31.795736820
13.5219 50000000 1202451904 1065755885 28391586 6128655 1735.782593 30.453820415
13.3886 50000000 1176881756 1045387366 25189787 6335555 1775.588074 31.583874554
14.4221 50000000 1234601440 1052187180 26173422 6359332 1825.236145 32.231326776
13.2269 50000000 1037365458 1005368022 25021550 5932489 1684.205078 29.995859568
13.4056 50000000 1077873657 1055600376 24526394 6646621 1815.201782 32.240463017
12.9513 50000000 1245620205 1003141747 23712008 6781247 1821.911926 32.719441720
11.96 50000000 1220218258 919960294 24288916 6147976 1693.913940 30.379947012
12.5032 50000000 1153338764 981664280 25884949 6207090 1736.810303 30.918202848
