"Validation time(S)" "Commits" "Aborts" "Val Reads" "Val success" "Val fail" "Energy (J)" "Time(S)"
2.51879 80000000 237720166 170765156 4519462 290022 556.299500 8.792481899
2.58883 80000000 296153925 172641406 4518626 345760 578.796936 9.090942860
3.05782 80000000 283843488 178325780 4505500 347370 624.352173 9.853677988
2.97645 80000000 305583397 177978611 4534565 327842 598.730286 9.392369032
2.9924 80000000 277748242 185528138 4576590 361538 606.143677 9.552277100
2.75533 80000000 293370080 162116280 4657990 309085 552.738037 8.643182849
2.69254 80000000 290490819 167471113 4633101 277508 562.365356 8.833315793
2.89649 80000000 262957480 177753904 4573909 309644 580.130493 9.117863673
3.05173 80000000 261111232 181033531 4624989 275551 581.339722 9.164348081
2.67169 80000000 322766390 162439315 4572555 334967 585.863403 9.158325320
3.03482 80000000 233897646 188507758 4585410 309172 589.097351 9.301311492
2.76438 80000000 299064797 172824360 4632066 297702 564.745544 8.854862627
2.92428 80000000 279867198 185635037 4592774 302586 618.476624 9.755652713
2.80159 80000000 249668926 184432685 4615807 287813 586.137146 9.282023286
3.16743 80000000 265345886 186909896 4594321 302833 630.534302 10.010429868
2.78773 80000000 248874071 180847091 4616133 320360 560.775330 8.773057785
2.89087 80000000 303608752 171797759 4593628 325475 616.440308 9.692868525
2.53952 80000000 269427093 174472674 4563201 349763 564.651794 8.926498806
2.66987 80000000 242017363 179647089 4617044 318040 551.954346 8.734148614
2.26945 80000000 281834257 171027410 4602238 299252 567.723999 8.966437716
3.0684 80000000 266477426 172643943 4595004 285408 573.009155 8.985310273
