"Validation time(S)" "Commits" "Aborts" "Val Reads" "Val success" "Val fail" "Energy (J)" "Time(S)"
0.00071 47345 68 37744 37744 0 0.880859 0.033858061
0.000772 47347 94 41076 41077 0 0.515503 0.016512871
0.000818 47351 106 42033 42034 0 0.524597 0.019021034
0.000697 47357 49 37413 37413 0 0.470093 0.014714003
0.000769 47345 89 39430 39430 0 0.783386 0.036406040
0.00084 47339 102 43069 43069 0 0.546631 0.019798040
0.000763 47345 80 39381 39381 0 0.760193 0.034442902
0.000875 47351 154 44340 44343 0 0.538330 0.018846035
0.000748 47347 64 36826 36827 0 0.524902 0.018871069
0.000787 47343 109 42507 42508 0 0.717957 0.028254032
0.000758 47343 140 41129 41129 0 0.546753 0.019958019
0.000709 47351 60 39342 39342 0 0.427124 0.014741898
0.000736 47347 87 40261 40261 0 0.555847 0.019392014
0.000823 47345 113 42818 42820 0 0.432373 0.013119936
0.000769 47357 108 40424 40424 0 0.498291 0.018746138
0.000586 47355 4027689 31606 31608 0 1.434326 0.040038824
0.00082 47349 103 42004 42004 0 0.708008 0.027222872
0.000833 47349 117 41798 41800 0 0.505859 0.018366098
0.0006 47349 62 32502 32503 0 0.552551 0.020205975
0.000774 47345 99 40529 40531 0 0.448608 0.013764858
0.000733 47349 111 40057 40057 0 0.525269 0.019608974
0.000778 47347 100 41195 41195 0 0.552734 0.019975901
0.000778 47351 68 38256 38258 0 0.416748 0.013417006
