"Validation time(S)" "Commits" "Aborts" "Val Reads" "Val success" "Val fail" "Energy (J)" "Time(S)"
0.883525 1000000 1102867917 55957211 996876 97085 10622.802185 175.541223049
1.03674 1000000 1102459924 56115337 997406 97496 10624.852722 175.650878906
0.944157 1000000 1101214616 55813746 995996 97537 10628.095398 175.736304998
0.797926 1000000 1100066723 56237695 998400 97279 10601.921753 175.265649080
0.782737 1000000 1082220124 56454107 1001364 96292 10467.901184 173.010050058
0.761038 1000000 1095696341 55975709 996147 96798 10576.967224 174.656320095
0.873499 1000000 1099238191 56177352 999216 97580 10619.607483 175.353559017
0.789307 1000000 1110264685 55933592 997160 97750 10684.817383 176.641947031
1.08467 1000000 1097886353 55985924 998658 96942 10599.078979 175.208384037
0.984747 1000000 1099320897 55997850 997612 97011 10608.362793 175.369789124
0.854633 1000000 1096155320 56106592 998402 97052 10581.373596 174.896311998
0.843163 1000000 1110801339 55723503 993984 97573 10704.106201 176.915351868
0.61263 1000000 1107340973 56045535 997470 97778 10699.326294 176.479408979
0.984791 1000000 1110090147 55901635 996363 97417 10686.329102 176.661589146
0.877309 1000000 1086985638 56289464 999422 96784 10500.507996 173.621474028
0.824192 1000000 1108477167 55713729 994726 97473 10685.911987 176.650692940
0.612966 1000000 1106000843 55911486 997203 97741 10667.281555 176.364842892
0.881401 1000000 1098758908 56153206 999445 96990 10609.017822 175.384214878
0.989067 1000000 1107784326 56077030 998433 97652 10673.301086 176.431219101
0.708418 1000000 1108155418 55900198 997089 97409 10679.838135 176.587651014
0.740809 1000000 1107626169 55951240 997531 97942 10663.531494 176.293502110
0.831589 1000000 1105988088 56098530 999198 98031 10655.510803 176.136300772
0.875416 1000000 1103014762 55992217 999497 98159 10629.813293 175.802558997
0.896782 1000000 1104662653 56150038 998889 97771 10645.974548 175.938812000
0.812712 1000000 1101357518 56050309 998976 97634 10610.966492 175.377110553
0.968068 1000000 1109662902 55797870 996866 97517 10693.839111 176.815715549
0.929022 1000000 1100579353 56220630 998866 97521 10598.777832 175.226077409
0.965076 1000000 1105910131 56154305 999832 97953 10655.903015 176.173601649
0.916591 1000000 1105525491 56116174 1000168 97766 10648.659729 176.047291881
1.03682 1000000 1108192365 56079045 999513 98323 10676.068604 176.503220528
