"Validation time(S)" "Commits" "Aborts" "Val Reads" "Val success" "Val fail" "Energy (J)" "Time(S)"
0.333601 61183346 609197070 176840837 4062530 379 4011.071777 61.545834472
0.368337 63440947 532748741 217740907 4732344 6276 4008.520203 61.553555534
0.466304 65950979 675673624 300605189 4905080 545 3993.585449 61.588045807
0.759575 62875091 687813456 537826825 4607888 1894 3990.413025 61.553273067
5.44331 41173007 825186937 1330949323 2423279 8337 4011.937988 61.574700206
2.36376 60640126 602590733 1652700611 4149984 10241 3988.812256 61.653084144
0.813387 60734607 667129234 620847603 4307168 2341 4013.049316 61.592531085
0.819368 54362319 443638180 585457389 3563968 30681 4014.398987 61.577579067
0.870182 54548615 567196717 596141508 3282630 736 4007.132446 61.547436973
2.54517 60391757 579946622 1966109635 4139097 21508 3982.501831 61.543955658
0.420137 77904855 759864190 163018068 6060525 114 4025.494934 61.552799711
0.416545 56775901 577682252 251318207 3701449 3019 4010.658264 61.566725586
0.120419 55351333 579198226 25450282 3670544 940 4002.255127 61.623326281
0.550958 58240887 616947549 364018862 3642401 23166 4015.399597 61.552900348
1.10169 68895201 597240026 828609337 5227686 769 4002.738708 61.601609786
17.3727 13688970 290681001 3088639149 974263 31330 3940.922363 61.542576802
0.150729 55425336 701983394 65693066 3776161 196 3971.550354 61.625473131
0.474472 52874329 706928848 302512523 3551904 749 4007.121338 61.585670791
0.610568 64235325 681063730 382011128 4468194 17164 4004.656921 61.574588786
0.840734 56499373 611708953 631378015 3664346 4602 4025.719604 61.551409426
