"Validation time(S)" "Commits" "Aborts" "Val Reads" "Val success" "Val fail" "Energy (J)" "Time(S)"
0.001694 4096 1174982 1069397 3824 11 18.795776 0.499395132
0.001773 4096 7045581 1070782 3823 16 28.585388 0.664142847
0.001722 4096 2784398 1062204 3803 23 39.445190 0.873044014
0.029595 4096 1057138 1066044 3817 14 22.508362 0.571215153
0.001661 4096 6321922 1062106 3802 12 23.827637 0.617413044
0.021629 4096 4958458 1056435 3780 18 36.592407 0.793030977
0.001602 4096 6376733 1025749 3677 25 35.471985 0.863034010
0.001677 4096 991829 1062745 3792 14 22.196960 0.562829971
0.001907 4096 1674731 1068030 3815 14 36.645691 0.793211937
0.001863 4096 1511282 1064873 3812 17 22.592896 0.575623035
0.001664 4096 2049254 1072319 3831 18 23.226074 0.543971062
0.001766 4096 956393 1083799 3882 23 20.115906 0.509748936
0.001624 4096 7354928 1065780 3810 8 24.275391 0.586210012
0.001839 4096 6466968 1068241 3825 14 22.110046 0.578830004
0.001697 4096 1322861 1033810 3702 11 26.740723 0.643938065
0.001679 4096 2027060 1069986 3833 14 31.914429 0.670448065
0.001822 4096 2863625 1074450 3848 24 33.443481 0.795970917
0.001942 4096 727845 1078019 3842 18 19.207520 0.516510010
0.009678 4096 9851680 1063552 3798 13 28.836975 0.611212015
0.025705 4096 4530236 1075011 3855 18 27.103455 0.593578100
0.001744 4096 3373740 1076162 3847 17 27.727356 0.570919037
0.002029 4096 10115239 1058692 3789 17 29.782593 0.699335814
0.001898 4096 1168200 1078726 3848 15 19.934509 0.540944099
