"Validation time(S)" "Commits" "Aborts" "Val Reads" "Val success" "Val fail" "Energy (J)" "Time(S)"
1.10113 35000000 0 32694453 16347227 0 250.308167 10.771225556
1.10227 35000000 0 32756936 16378468 0 250.258240 10.769942934
1.10074 35000000 0 32703553 16351777 0 248.309204 10.790893393
1.10417 35000000 0 32691532 16345766 0 253.001099 10.832009488
1.10332 35000000 0 32665909 16332955 0 252.641052 10.831006594
1.09995 35000000 0 32689364 16344682 0 250.837219 10.770557462
1.10099 35000000 0 32709645 16354823 0 249.704529 10.789293592
1.09961 35000000 0 32678168 16339084 0 251.428955 10.750469744
1.09924 35000000 0 32663720 16331860 0 249.360413 10.747949687
1.10133 35000000 0 32731289 16365645 0 251.925232 10.772991885
