"Validation time(S)" "Commits" "Aborts" "Val Reads" "Val success" "Val fail" "Energy (J)" "Time(S)"
6.23764 100000000 0 321266386 89993781 0 552.665649 22.170612108
6.23864 100000000 0 326220458 89995219 0 560.469604 22.201337494
6.27389 100000000 0 329262719 89994288 0 554.817993 22.350929969
6.2596 100000000 0 324591489 89995084 0 552.370544 22.246108472
6.24659 100000000 0 323232702 89994841 0 557.060852 22.313808383
6.26174 100000000 0 321558355 89995136 0 547.228027 22.238784207
6.24513 100000000 0 326612632 89994736 0 549.644592 22.214752780
6.22942 100000000 0 316544458 89994925 0 556.420959 22.162855406
6.2615 100000000 0 329194808 89994436 0 563.697144 22.258350414
6.25573 100000000 0 335720298 89996230 0 553.130188 22.254103482
