"Validation time(S)" "Commits" "Aborts" "Val Reads" "Val success" "Val fail" "Energy (J)" "Time(S)"
1.04399 150000000 0 53548215 15002411 0 312.508484 12.840661144
1.04209 150000000 0 55032418 14999755 0 317.144165 12.666013334
1.03963 150000000 0 53063374 15001314 0 307.986145 12.738955427
1.045 150000000 0 54339638 14999828 0 312.037354 12.831476257
1.04192 150000000 0 53655671 15003559 0 315.474182 12.744167228
1.04243 150000000 0 55262419 15001250 0 322.420105 12.776176250
1.04868 150000000 0 55329140 15001780 0 318.908630 12.851099469
1.04511 150000000 0 54709662 15003194 0 320.154541 12.798337296
1.03652 150000000 0 52136098 15001002 0 315.708069 12.611090319
1.04241 150000000 0 53350631 15001289 0 315.950134 12.808898451
