"Validation time(S)" "Commits" "Aborts" "Val Reads" "Val success" "Val fail" "Energy (J)" "Time(S)"
0.175009 50000000 0 5189040 2594520 0 311.365601 13.954981621
0.174964 50000000 0 5183705 2591853 0 321.185852 13.979337827
0.174968 50000000 0 5191276 2595638 0 304.184509 13.973018003
0.175692 50000000 0 5197048 2598524 0 317.078247 13.989887476
0.175901 50000000 0 5194697 2597349 0 313.303101 14.048918359
0.18206 50000000 0 5190841 2595421 0 310.597351 14.039412322
0.175881 50000000 0 5189641 2594821 0 305.977173 13.923331895
0.175135 50000000 0 5192692 2596346 0 311.510437 13.919576413
0.175253 50000000 0 5197976 2598988 0 318.411377 13.957410297
0.175539 50000000 0 5190888 2595444 0 317.171082 13.956431955
