"Validation time(S)" "Commits" "Aborts" "Val Reads" "Val success" "Val fail" "Energy (J)" "Time(S)"
0.000952 11260 0 172306 9554 0 0.179626 0.005044305
0.000952 11260 0 172306 9554 0 0.154907 0.005024561
0.000948 11260 0 172306 9554 0 0.181458 0.005012222
0.000951 11260 0 172306 9554 0 0.152649 0.005025323
0.000952 11260 0 172306 9554 0 0.153503 0.005025362
0.000952 11260 0 172306 9554 0 0.154602 0.005027187
0.000955 11260 0 172306 9554 0 0.176086 0.005031349
0.000947 11260 0 172306 9554 0 0.178711 0.005018996
0.000949 11260 0 172306 9554 0 0.181824 0.005014334
0.000951 11260 0 172306 9554 0 0.152283 0.005100653
