"Validation time(S)" "Commits" "Aborts" "Val Reads" "Val success" "Val fail" "Energy (J)" "Time(S)"
0.001553 21846 0 120150 21846 0 2.190063 0.079103790
0.001552 21846 0 120150 21846 0 2.148987 0.078720675
0.001553 21846 0 120150 21846 0 2.158264 0.078933440
0.001549 21846 0 120150 21846 0 2.121582 0.078775195
0.001554 21846 0 120150 21846 0 2.139282 0.078726577
0.001551 21846 0 120150 21846 0 2.158630 0.079640346
0.001552 21846 0 120150 21846 0 2.145813 0.078712728
0.001549 21846 0 120150 21846 0 2.140625 0.078873959
0.001561 21846 0 120150 21846 0 2.164246 0.078669708
0.001547 21846 0 120150 21846 0 2.126953 0.078643608
