"Validation time(S)" "Commits" "Aborts" "Val Reads" "Val success" "Val fail" "Energy (J)" "Time(S)"
0.000188 2731 0 8875 2731 0 0.121887 0.004235445
0.000187 2731 0 8875 2731 0 0.126465 0.004251522
0.000188 2731 0 8875 2731 0 0.128052 0.004230357
0.000187 2731 0 8875 2731 0 0.127380 0.004220813
0.000187 2731 0 8875 2731 0 0.128418 0.004230369
0.000187 2731 0 8875 2731 0 0.127258 0.004217130
0.000187 2731 0 8875 2731 0 0.126831 0.004225524
0.000187 2731 0 8875 2731 0 0.125427 0.004222924
0.000187 2731 0 8875 2731 0 0.124451 0.004223300
0.000187 2731 0 8875 2731 0 0.125793 0.004227407
