"Validation time(S)" "Commits" "Aborts" "Val Reads" "Val success" "Val fail" "Energy (J)" "Time(S)"
0.001575 21846 0 103766 21846 0 0.789673 0.026743798
0.001539 21846 0 103766 21846 0 0.801697 0.027158370
0.001541 21846 0 103766 21846 0 0.784119 0.026613547
0.001538 21846 0 103766 21846 0 0.790955 0.026575102
0.001538 21846 0 103766 21846 0 0.808105 0.026577627
0.001545 21846 0 103766 21846 0 0.765137 0.026759780
0.001544 21846 0 103766 21846 0 0.803894 0.026650997
0.001537 21846 0 103766 21846 0 0.770325 0.026544240
0.001538 21846 0 103766 21846 0 0.771545 0.026587985
0.001541 21846 0 103766 21846 0 0.791199 0.026532271
