"Validation time(S)" "Commits" "Aborts" "Val Reads" "Val success" "Val fail" "Energy (J)" "Time(S)"
1.1e-05 126 0 1798 125 0 0.380371 0.014362688
1.1e-05 126 0 1798 125 0 0.383545 0.014379903
1.1e-05 126 0 1798 125 0 0.384949 0.014369818
1.1e-05 126 0 1798 125 0 0.382202 0.014390107
1.1e-05 126 0 1798 125 0 0.382935 0.014340339
1.1e-05 126 0 1798 125 0 0.383240 0.014374781
1.1e-05 126 0 1798 125 0 0.383179 0.014372947
1.2e-05 126 0 1798 125 0 0.382874 0.014357559
1.1e-05 126 0 1798 125 0 0.381653 0.014374494
1.2e-05 126 0 1798 125 0 0.357910 0.014369471
