"Validation time(S)" "Commits" "Aborts" "Val Reads" "Val success" "Val fail" "Energy (J)" "Time(S)"
1.3e-05 174 0 1823 144 0 0.203918 0.007017975
1.3e-05 174 0 1823 144 0 0.179077 0.007027194
1.3e-05 174 0 1823 144 0 0.179077 0.007034528
1.3e-05 174 0 1823 144 0 0.179138 0.007029095
1.2e-05 174 0 1823 144 0 0.204651 0.007025842
1.3e-05 174 0 1823 144 0 0.178223 0.007021029
1.3e-05 174 0 1823 144 0 0.205322 0.007030710
1.3e-05 174 0 1823 144 0 0.203613 0.007029902
1.3e-05 174 0 1823 144 0 0.206787 0.007023334
1.3e-05 174 0 1823 144 0 0.200684 0.007028963
