"Validation time(S)" "Commits" "Aborts" "Val Reads" "Val success" "Val fail" "Energy (J)" "Time(S)"
0.000377 1020 0 118861 1019 0 952.325378 37.846407413
0.000392 1020 0 118861 1019 0 951.059570 37.927337049
0.000373 1020 0 118861 1019 0 948.374451 37.830559931
0.000381 1020 0 118861 1019 0 952.817810 37.904995308
0.000381 1020 0 118861 1019 0 961.994751 37.837567575
0.000383 1020 0 118861 1019 0 951.975830 37.860694515
0.000373 1020 0 118861 1019 0 957.391235 38.072382846
0.000382 1020 0 118861 1019 0 951.039429 37.916484010
0.000388 1020 0 118861 1019 0 956.176392 38.020356094
0.000391 1020 0 118861 1019 0 958.043213 38.136578599
