"Validation time(S)" "Commits" "Aborts" "Val Reads" "Val success" "Val fail" "Energy (J)" "Time(S)"
1.47941 100000000 0 653590098 10003537 0 785.693970 29.526557432
1.50863 100000000 0 676659292 9999841 0 816.636230 30.786465146
1.60725 100000000 0 755896477 9999743 0 879.567566 32.977706697
1.55427 100000000 0 703879726 10001337 0 873.874329 32.671607281
1.49839 100000000 0 673396487 9999662 0 810.903564 30.339249819
1.60405 100000000 0 751767189 9998778 0 885.621765 33.187251035
1.46029 100000000 0 640832262 10001009 0 780.458130 29.214711051
1.51008 100000000 0 678536348 10001441 0 843.017883 31.437845963
1.5209 100000000 0 689406202 10000732 0 820.631348 31.129347620
1.52763 100000000 0 693865066 9999925 0 825.350220 30.885459894
