"Validation time(S)" "Commits" "Aborts" "Val Reads" "Val success" "Val fail" "Energy (J)" "Time(S)"
1.31892 15000000 0 446046713 9881211 0 362.250122 15.070529992
1.32208 15000000 0 446591638 9878689 0 365.268372 15.121401651
1.3197 15000000 0 445741551 9882975 0 366.072693 15.138086502
1.31987 15000000 0 445275992 9880526 0 362.503845 15.101749872
1.32154 15000000 0 446347804 9877460 0 360.527649 15.083170026
1.3218 15000000 0 446656789 9881589 0 365.522766 15.157316686
1.32256 15000000 0 447203806 9882616 0 359.851379 15.062746292
1.32289 15000000 0 446986153 9883666 0 362.382812 15.088027704
1.32167 15000000 0 446408069 9881435 0 364.424377 15.065446390
1.32053 15000000 0 446824457 9878380 0 365.194885 15.080193207
