"Validation time(S)" "Commits" "Aborts" "Val Reads" "Val success" "Val fail" "Energy (J)" "Time(S)"
0.229124 25000000 0 73525865 1653306 0 357.086121 14.776945590
0.230169 25000000 0 73433779 1650711 0 359.320007 14.757126677
0.229425 25000000 0 73410817 1651472 0 353.129517 14.715657078
0.227992 25000000 0 73411757 1650951 0 355.908936 14.800321398
0.231086 25000000 0 73589995 1652531 0 354.705750 14.780741821
0.228993 25000000 0 73421855 1651989 0 355.754517 14.755168117
0.229623 25000000 0 73542549 1650996 0 355.257996 14.811075132
0.228102 25000000 0 73355937 1649891 0 358.100891 14.771408887
0.22957 25000000 0 73629138 1654075 0 353.303040 14.750078031
0.231351 25000000 0 73530861 1652220 0 363.133911 14.953023098
