"Validation time(S)" "Commits" "Aborts" "Val Reads" "Val success" "Val fail" "Energy (J)" "Time(S)"
0.279792 25000000 0 91245986 1953930 0 416.227844 16.880554685
0.278181 25000000 0 91230768 1953641 0 415.006592 16.857970297
0.281907 25000000 0 91205492 1953859 0 417.819580 16.981528460
0.277791 25000000 0 91115441 1953336 0 411.751160 16.921022669
0.278935 25000000 0 91475747 1953069 0 413.582581 16.808729123
0.279361 25000000 0 90923154 1950106 0 410.047363 16.854976938
0.278163 25000000 0 91009847 1951350 0 412.566528 16.794486847
0.280192 25000000 0 90986022 1949460 0 413.803162 16.969220793
0.278085 25000000 0 91110699 1952726 0 410.354492 16.861648758
0.280211 25000000 0 91297683 1953753 0 412.077698 16.814226504
