"Validation time(S)" "Commits" "Aborts" "Val Reads" "Val success" "Val fail" "Energy (J)" "Time(S)"
0.003104 4958 899 1245495 2070 0 117.185181 5.078000000
0.003049 5010 1452 1234386 1684 0 117.211914 5.087000000
0.003172 4949 809 1273530 2136 0 116.737976 5.069000000
0.003163 5053 1421 1275377 1737 0 118.055542 5.067000000
0.003131 4959 902 1258159 2055 0 117.206360 5.068000000
0.0031 4957 1026 1254598 1935 0 118.243652 5.082000000
0.003153 5010 1053 1262154 1978 0 117.262817 5.070000000
0.003146 5010 848 1262001 2126 0 117.445312 5.076000000
0.003067 4959 900 1235561 2077 0 117.705566 5.086000000
0.003171 4958 1448 1244656 1673 0 116.891907 5.067000000
0.003144 5013 944 1260468 2061 0 117.959534 5.077000000
0.003213 5031 1108 1293950 1952 0 118.126160 5.077000000
0.003188 5010 826 1267833 2145 0 118.123779 5.079000000
0.003192 4957 1006 1288364 1968 0 117.599121 5.088000000
0.003052 5063 1081 1238452 1972 0 117.102417 5.067000000
0.003173 4959 857 1259444 2121 0 118.106445 5.081000000
0.003189 5031 825 1276806 2155 0 117.897034 5.077000000
0.0032 5031 742 1273986 2203 0 116.733826 5.067000000
0.003131 4959 1299 1266838 1788 0 117.109436 5.084000000
0.003216 5013 854 1280543 2133 0 116.644653 5.080000000
