"Validation time(S)" "Commits" "Aborts" "Val Reads" "Val success" "Val fail" "Energy (J)" "Time(S)"
0.15452 52 0 33258185 26 0 151.208862 6.303000000
0.152468 52 1 32851043 26 0 147.684814 6.210000000
0.152622 52 1 32686118 26 0 147.466675 6.193000000
0.156754 52 0 32069850 26 0 146.449951 6.128000000
0.15585 52 2 33573326 25 0 152.673584 6.354000000
0.155794 52 1 33620408 25 0 155.666992 6.506000000
0.167921 52 1 33421858 25 0 153.010010 6.424000000
0.154997 52 1 33553949 26 0 152.744019 6.377000000
0.149102 52 2 31929394 24 0 143.703674 6.016000000
0.151898 52 1 32738262 25 0 148.537476 6.205000000
0.171239 52 1 33248401 25 0 153.402893 6.437000000
0.153612 52 0 32982241 26 0 150.978149 6.305000000
0.155109 52 0 33262967 26 0 152.810059 6.403000000
0.155388 52 2 33635913 24 0 152.250793 6.365000000
0.154699 52 0 33298340 26 0 151.504761 6.334000000
0.153769 52 1 33058030 25 0 152.009766 6.313000000
0.143332 52 1 30759321 26 0 138.019104 5.760000000
0.155813 52 1 33545576 25 0 152.253723 6.373000000
0.152558 52 0 32766862 26 0 147.164551 6.179000000
0.156125 52 3 33575305 24 0 153.496338 6.403000000
