"Validation time(S)" "Commits" "Aborts" "Val Reads" "Val success" "Val fail" "Energy (J)" "Time(S)"
0.167999 52 1 33449914 25 0 155.158325 6.528000000
0.155651 52 0 33447192 26 0 153.414551 6.403000000
0.155768 52 2 33638735 24 0 152.488403 6.390000000
0.156365 52 0 33536688 26 0 152.128540 6.359000000
0.133683 50 4 26561754 20 0 122.189026 5.140000000
0.150166 57 3 31384712 27 0 139.347900 5.799000000
0.154825 52 0 33414140 26 0 151.585815 6.360000000
0.154883 52 1 33312444 26 0 150.228577 6.286000000
0.155526 52 1 33577417 26 0 152.524292 6.396000000
0.129228 50 1 26516210 23 0 121.523376 5.080000000
0.155635 52 0 33418004 26 0 153.918579 6.416000000
0.161516 52 1 33401653 25 0 153.001770 6.425000000
0.153214 52 4 32971720 25 0 150.479370 6.229000000
0.153459 52 1 32996647 26 0 149.203979 6.265000000
0.154466 52 1 33300092 25 0 151.453369 6.362000000
0.155948 52 2 33551111 25 0 153.260559 6.403000000
0.152399 52 0 32797683 26 0 147.765747 6.214000000
0.166096 52 2 33060571 25 0 153.198425 6.447000000
0.149885 52 0 32265018 26 0 147.110840 6.142000000
0.155708 52 0 33530588 26 0 154.846313 6.424000000
