"Validation time(S)" "Commits" "Aborts" "Val Reads" "Val success" "Val fail" "Energy (J)" "Time(S)"
0.003108 4926 1415 1230153 1663 0 116.835266 5.070000000
0.003095 5032 1219 1242121 1865 0 117.354370 5.069000000
0.00319 4948 703 1252705 2197 0 117.056824 5.066000000
0.003102 4958 1116 1250509 1899 0 117.539368 5.071000000
0.003252 5022 757 1293615 2182 0 117.953186 5.062000000
0.00314 5031 931 1264877 2082 0 118.023254 5.077000000
0.003112 4958 1328 1257818 1733 0 117.128357 5.068000000
0.003103 5053 1169 1255744 1908 0 117.564087 5.086000000
0.003142 5045 1355 1262078 1776 0 117.334534 5.075000000
0.003224 4948 1054 1251194 1946 0 117.612427 5.079000000
0.003164 4926 931 1273734 2003 0 117.431580 5.068000000
0.003132 5013 1122 1247209 1930 0 117.849243 5.080000000
0.003166 5010 899 1274545 2116 0 117.303223 5.071000000
0.003297 4926 954 1274978 2027 0 116.822327 5.084000000
0.003021 5013 1321 1230681 1797 0 117.520874 5.074000000
0.003252 5031 947 1298654 2080 0 118.079041 5.073000000
0.003224 5013 1040 1283027 1999 0 117.186707 5.062000000
0.003223 4958 974 1287804 2000 0 117.337952 5.088000000
0.003185 4893 1040 1255629 1928 0 117.259766 5.070000000
0.003106 4957 1000 1257473 1975 0 117.089050 5.086000000
