"Validation time(S)" "Commits" "Aborts" "Val Reads" "Val success" "Val fail" "Energy (J)" "Time(S)"
0.168196 52 0 33420076 26 0 155.132446 6.528000000
0.155593 52 0 33531544 26 0 152.614990 6.350000000
0.156022 52 2 33633931 25 0 153.990845 6.410000000
0.161554 52 0 33548161 26 0 154.278992 6.415000000
0.155725 52 2 33569973 25 0 154.736389 6.376000000
0.15364 52 2 32928227 26 0 152.123901 6.342000000
0.15548 52 1 33550618 26 0 153.284851 6.433000000
0.166172 52 1 32815172 25 0 156.556824 6.477000000
0.162069 52 2 33601403 24 0 155.487244 6.511000000
0.169461 52 1 33573947 25 0 152.826660 6.388000000
0.153601 52 2 33116180 26 0 152.376160 6.289000000
0.172744 52 4 33699115 24 0 156.231140 6.560000000
0.153384 52 0 32974687 26 0 148.737732 6.240000000
0.127462 50 1 26522100 23 0 120.611633 5.062000000
0.155854 52 2 33606107 25 0 151.745667 6.344000000
0.155368 52 1 33369105 26 0 151.184387 6.282000000
0.155282 52 2 33369914 25 0 151.901733 6.329000000
0.155161 52 1 33456622 25 0 151.604370 6.353000000
0.155395 52 0 33562827 26 0 153.136536 6.415000000
0.156183 52 1 33525301 26 0 154.149048 6.433000000
