"Validation time(S)" "Commits" "Aborts" "Val Reads" "Val success" "Val fail" "Energy (J)" "Time(S)"
0.003096 5033 1689 1265911 1524 0 117.267395 5.066000000
0.00317 5045 1138 1273044 1963 0 117.459290 5.083000000
0.003207 5045 1304 1293292 1807 0 117.105530 5.083000000
0.003131 4965 626 1245584 2273 0 118.176392 5.068000000
0.00309 4958 881 1242435 2071 0 117.817993 5.075000000
0.003085 5010 1013 1242120 2014 0 117.959473 5.066000000
0.003039 4948 1205 1223872 1827 0 117.883179 5.084000000
0.003071 5045 1063 1247878 1971 0 117.303101 5.078000000
0.003198 5010 1066 1281556 1964 0 117.091370 5.069000000
0.00326 4948 1509 1300912 1582 0 117.791687 5.082000000
0.003224 4957 773 1253780 2173 0 117.098022 5.070000000
0.003245 5013 1121 1295084 1943 0 117.326599 5.093000000
0.003145 4957 1147 1244930 1892 0 118.267334 5.076000000
0.00316 4957 779 1259927 2155 0 116.711182 5.072000000
0.003141 4957 806 1257114 2138 0 117.679871 5.070000000
0.003196 4958 863 1248367 2102 0 117.436646 5.064000000
0.003082 4959 1226 1252422 1826 0 117.333069 5.069000000
0.003065 5053 1226 1263100 1872 0 118.025818 5.083000000
0.003255 5018 933 1308343 2080 0 117.015015 5.063000000
0.003259 4957 1077 1297829 1922 0 117.892151 5.086000000
