"Validation time(S)" "Commits" "Aborts" "Val Reads" "Val success" "Val fail" "Energy (J)" "Time(S)"
0.003125 5053 1092 1250056 2005 0 117.217651 5.072000000
0.003141 4964 967 1261752 2009 0 117.074585 5.063000000
0.003216 5013 1066 1277748 1953 0 117.263977 5.088000000
0.003182 4958 988 1242152 2016 0 118.147461 5.082000000
0.003221 5013 972 1283123 2052 0 118.291931 5.085000000
0.003091 4948 1394 1259622 1680 0 117.626343 5.082000000
0.003127 5013 1245 1266734 1860 0 117.027466 5.083000000
0.003088 5010 1395 1251897 1722 0 116.309814 5.085000000
0.003169 5031 1014 1270477 2029 0 117.537903 5.071000000
0.003122 4958 772 1245538 2135 0 116.795288 5.073000000
0.003211 4957 896 1252078 2083 0 118.123413 5.086000000
0.003274 4926 692 1282131 2201 0 118.037415 5.070000000
0.003203 4867 1067 1248899 1877 0 117.707336 5.067000000
0.003495 4867 720 1229739 2138 0 117.539551 5.067000000
0.003198 4972 1119 1280237 1913 0 116.559753 5.068000000
0.003191 4957 863 1283534 2082 0 117.337952 5.071000000
0.003184 5013 843 1279177 2140 0 117.644592 5.073000000
0.00316 4958 820 1273124 2112 0 118.442078 5.064000000
0.003209 5010 903 1287628 2090 0 117.013794 5.080000000
0.003187 4959 718 1275691 2188 0 117.110168 5.074000000
