"Validation time(S)" "Commits" "Aborts" "Val Reads" "Val success" "Val fail" "Energy (J)" "Time(S)"
0.003267 4948 961 1278628 1986 0 117.030151 5.081000000
0.003172 5010 1576 1240656 1592 0 118.008728 5.079000000
0.003138 5010 1130 1268346 1900 0 117.215576 5.085000000
0.003233 5010 1343 1291849 1749 0 118.273376 5.079000000
0.003256 4806 731 1205819 2108 0 117.374756 5.068000000
0.003148 5013 808 1249099 2181 0 118.258911 5.085000000
0.003246 5092 1378 1304197 1768 0 118.966125 5.067000000
0.003173 5010 926 1264458 2080 0 117.042419 5.067000000
0.003055 5040 1047 1232121 2006 0 116.890076 5.072000000
0.003213 4958 1059 1293692 1924 0 117.523987 5.076000000
0.003133 4926 967 1228937 2010 0 118.454285 5.081000000
0.00322 4966 988 1293048 1994 0 117.339600 5.067000000
0.003211 4958 916 1294855 2019 0 117.596008 5.091000000
0.003139 5013 1304 1276588 1797 0 116.753662 5.077000000
0.003129 5064 1410 1266706 1749 0 117.658997 5.073000000
0.003149 5051 1055 1262033 1996 0 117.219971 5.068000000
0.003414 4916 1103 1248116 1911 0 118.241150 5.084000000
0.0033 5013 865 1318767 2104 0 117.850037 5.086000000
0.003059 4959 1413 1240953 1702 0 116.890869 5.078000000
0.003114 4958 1345 1265653 1728 0 117.705627 5.083000000
