"Validation time(S)" "Commits" "Aborts" "Val Reads" "Val success" "Val fail" "Energy (J)" "Time(S)"
0.161422 52 1 33549526 26 0 154.465393 6.468000000
0.151848 52 0 32770955 26 0 148.151855 6.170000000
0.155207 52 0 33442248 26 0 153.971619 6.352000000
0.167808 52 0 33384959 26 0 156.518738 6.518000000
0.14799 50 1 26527716 24 0 122.694763 5.072000000
0.139313 50 1 26522898 23 0 122.395447 5.154000000
0.155544 52 2 33419392 25 0 152.621033 6.361000000
0.168021 52 1 32691757 26 0 148.973694 6.240000000
0.161325 52 1 33407788 26 0 152.812439 6.399000000
0.149476 52 0 32055249 26 0 145.714355 6.090000000
0.156142 52 1 33542030 25 0 155.146790 6.525000000
0.155747 52 0 33569969 26 0 154.131653 6.447000000
0.154995 52 0 33371777 26 0 152.443542 6.376000000
0.155996 52 1 33398227 25 0 152.387085 6.389000000
0.132216 52 2 27895716 25 0 123.537903 5.198000000
0.155627 52 2 33395023 24 0 151.627380 6.325000000
0.155832 52 1 33547253 26 0 155.318909 6.451000000
0.155473 52 1 33435026 26 0 151.273987 6.343000000
0.153711 52 2 33174633 24 0 149.021484 6.243000000
0.155884 52 2 33506879 25 0 150.994812 6.339000000
