"Validation time(S)" "Commits" "Aborts" "Val Reads" "Val success" "Val fail" "Energy (J)" "Time(S)"
1.0752 80000000 0 294994122 7999862 0 514.519104 19.515888986
1.05332 80000000 0 278364982 7999182 0 501.664490 18.866880955
1.06973 80000000 0 293165616 7998375 0 503.564209 19.182797735
1.0443 80000000 0 268515161 7998974 0 490.243652 18.363314368
1.05653 80000000 0 278515655 7999668 0 499.276367 18.736202486
1.03801 80000000 0 266866176 7998464 0 482.896179 18.145377284
1.09321 80000000 0 303044756 7999635 0 537.663025 20.226129886
1.05366 80000000 0 279293307 7998431 0 496.222961 18.702387821
1.10109 80000000 0 317601929 8000616 0 531.184570 20.235074009
1.05448 80000000 0 271751499 7998725 0 491.576477 18.898353811
