"Validation time(S)" "Commits" "Aborts" "Val Reads" "Val success" "Val fail" "Energy (J)" "Time(S)"
0.003123 47257 0 47257 47257 0 0.522339 0.020630007
0.003125 47257 0 47257 47257 0 0.524048 0.020593650
0.003123 47257 0 47257 47257 0 0.518066 0.020662040
0.003125 47257 0 47257 47257 0 0.553284 0.020506465
0.003124 47257 0 47257 47257 0 0.523804 0.020508985
0.003122 47257 0 47257 47257 0 0.524719 0.020632730
0.003123 47257 0 47257 47257 0 0.527893 0.020606616
0.003124 47257 0 47257 47257 0 0.549133 0.020728015
0.003135 47257 0 47257 47257 0 0.519714 0.020625129
0.003131 47257 0 47257 47257 0 0.523193 0.020665132
