"Validation time(S)" "Commits" "Aborts" "Val Reads" "Val success" "Val fail" "Energy (J)" "Time(S)"
0.000645 10000 0 130367 6519 0 1.125977 0.038298559
0.000673 10000 0 128866 6444 0 1.085999 0.038435927
0.000647 10000 0 130971 6549 0 1.061035 0.038706090
0.000641 10000 0 129467 6474 0 1.049255 0.038243924
0.000638 10000 0 130326 6517 0 1.181091 0.038079985
0.000628 10000 0 129885 6495 0 0.986267 0.037456699
0.000621 10000 0 128410 6421 0 0.995972 0.037481938
0.000633 10000 0 131313 6566 0 0.988098 0.037475520
0.000622 10000 0 129469 6474 0 0.996704 0.037407692
0.000636 10000 0 131963 6599 0 0.996643 0.037474841
0.000628 10000 0 129868 6494 0 0.993835 0.037432563
0.000645 10000 0 131283 6565 0 0.994385 0.037492467
0.000627 10000 0 130274 6514 0 0.996338 0.037451209
0.000635 10000 0 130346 6518 0 1.004089 0.037475334
0.000627 10000 0 130269 6514 0 0.997559 0.037378562
