"Validation time(S)" "Commits" "Aborts" "Val Reads" "Val success" "Val fail" "Energy (J)" "Time(S)"
0.004134 10000 0 1791250 10000 0 2.541443 0.090336365
0.004112 10000 0 1791159 10000 0 2.454651 0.091369755
0.004395 10000 0 1791257 10000 0 3.594543 0.102041295
0.004127 10000 0 1791232 10000 0 2.404480 0.089431573
0.004161 10000 0 1791248 10000 0 2.653992 0.090103300
0.004139 10000 0 1791074 10000 0 2.335022 0.089105002
0.004145 10000 0 1791155 10000 0 2.373047 0.089426347
0.004152 10000 0 1791105 10000 0 2.339355 0.088893644
0.004128 10000 0 1791350 10000 0 2.339478 0.088880796
0.004122 10000 0 1791211 10000 0 2.334656 0.088877814
0.00411 10000 0 1791167 10000 0 2.341309 0.089063864
0.004124 10000 0 1791199 10000 0 2.362671 0.088940959
0.004133 10000 0 1791286 10000 0 2.363220 0.089222920
0.004139 10000 0 1791220 10000 0 2.353088 0.089141617
0.004126 10000 0 1791242 10000 0 2.366333 0.088996009
