"Validation time(S)" "Commits" "Aborts" "Val Reads" "Val success" "Val fail" "Energy (J)" "Time(S)"
0.062692 1000000 0 13030611 651584 0 98.673401 3.688320744
0.064421 1000000 0 13032810 651696 0 114.925476 3.794647281
0.068073 1000000 0 13034701 651791 0 151.433228 4.404849647
0.068935 1000000 0 13005737 650340 0 160.485046 4.299461200
0.065675 1000000 0 13029770 651545 0 117.253235 3.869423684
0.062838 1000000 0 13026213 651365 0 98.537598 3.708131712
0.062904 1000000 0 13016452 650877 0 96.605835 3.677798972
0.06264 1000000 0 13033410 651723 0 96.602234 3.678280946
0.062582 1000000 0 13024159 651261 0 96.603088 3.677705554
0.063483 1000000 0 13030396 651575 0 97.772217 3.681109294
0.062528 1000000 0 13015472 650825 0 96.577271 3.678055739
0.062578 1000000 0 13021156 651115 0 96.864319 3.689059679
0.062991 1000000 0 13028616 651484 0 98.013672 3.678798655
0.062657 1000000 0 13025809 651346 0 98.055298 3.679204283
0.064543 1000000 0 13036172 651863 0 97.284119 3.654020206
