"Validation time(S)" "Commits" "Aborts" "Val Reads" "Val success" "Val fail" "Energy (J)" "Time(S)"
0.028909 266435 0 13724414 5255 0 1688.285278 60.658012730
0.028781 265917 0 13648143 5335 0 1672.996521 60.657680149
0.02921 268800 0 13701509 5442 0 1687.730225 60.657208305
0.028151 268036 0 13974116 5309 0 1685.953491 60.660080846
0.029134 264580 0 13640742 5241 0 1687.229736 60.657294360
0.028855 266014 0 13719129 5276 0 1688.701660 60.658781048
0.028631 266854 0 13439872 5278 0 1693.125610 60.656763261
0.029483 267504 0 14214799 5441 0 1693.383240 60.661411674
0.028992 266458 0 13954218 5243 0 1687.251892 60.674325629
0.029395 262001 0 14084229 5196 0 1689.079895 60.661425553
