"Validation time(S)" "Commits" "Aborts" "Val Reads" "Val success" "Val fail" "Energy (J)" "Time(S)"
8.1982 2635469 0 6186018851 2530961 0 1625.619568 60.659176698
8.25608 2618868 0 6228512121 2515483 0 1628.887939 60.660347144
8.1983 2655517 0 6125037083 2550236 0 1627.141846 60.660268256
8.3346 2581405 0 6205576669 2479628 0 1632.542664 60.683631689
8.19897 2633676 0 6197738475 2529561 0 1621.573975 60.660555331
8.22346 2648066 0 6214925397 2543289 0 1617.118530 60.655714894
8.23575 2639411 0 6228360726 2534816 0 1630.002441 60.660646739
8.25614 2619543 0 6268766792 2516461 0 1623.363892 60.657467440
8.13187 2672310 0 6169787506 2567055 0 1642.363464 60.661127375
8.19008 2650423 0 6233315308 2545174 0 1637.547241 60.657186064
