"Validation time(S)" "Commits" "Aborts" "Val Reads" "Val success" "Val fail" "Energy (J)" "Time(S)"
0.704475 1066850 0 510306499 425066 0 1673.618164 60.660692080
0.696942 1082242 0 507727576 430935 0 1688.980225 60.660053484
0.712028 1072821 0 511622849 427828 0 1678.857178 60.660216333
0.703688 1045224 0 500087714 415659 0 1683.376282 60.659160904
0.693039 1081948 0 501179263 430270 0 1682.741821 60.658415735
0.700349 1066710 0 509883253 425230 0 1692.620117 60.660434962
0.706841 1065468 0 508586902 423573 0 1685.827209 60.656164502
0.698168 1067154 0 503028670 424395 0 1682.637207 60.689736177
0.687147 1055793 0 493178715 420212 0 1686.481750 60.660439479
0.709846 1051363 0 506381110 418297 0 1687.814026 60.657330415
