"Validation time(S)" "Commits" "Aborts" "Val Reads" "Val success" "Val fail" "Energy (J)" "Time(S)"
4.25858 2790647 0 3152449083 2442930 0 1652.893494 60.661207961
4.1976 2819029 0 3116814827 2467571 0 1646.337036 60.698669240
4.15331 2839887 0 3065690242 2485577 0 1652.796814 60.660212318
4.2066 2789358 0 3042080614 2443110 0 1638.550903 60.660143147
4.15873 2823637 0 3079661166 2472312 0 1638.105530 60.659881008
4.13069 2833228 0 3056010697 2480784 0 1646.865234 60.671032750
4.0904 2820915 0 2985753027 2469171 0 1654.734314 60.658576461
4.12542 2854383 0 3038870632 2499835 0 1638.788025 60.660373420
4.15327 2802275 0 3036335008 2453825 0 1642.900085 60.661464489
4.19854 2780542 0 3057127920 2433926 0 1665.235046 60.661269660
