"Validation time(S)" "Commits" "Aborts" "Val Reads" "Val success" "Val fail" "Energy (J)" "Time(S)"
0.00131 4096 0 791650 4095 0 0.279480 0.010370896
0.001313 4096 0 791650 4095 0 0.278931 0.010438072
0.001308 4096 0 791650 4095 0 0.278320 0.010390428
0.001312 4096 0 791650 4095 0 0.278442 0.010385541
0.001309 4096 0 791650 4095 0 0.251770 0.010372722
0.001318 4096 0 791650 4095 0 0.249207 0.010385841
0.001314 4096 0 791650 4095 0 0.321655 0.010387179
0.001312 4096 0 791650 4095 0 0.278748 0.010567979
0.001318 4096 0 791650 4095 0 0.277161 0.010394798
0.001318 4096 0 791650 4095 0 0.278931 0.010450187
