"Validation time(S)" "Commits" "Aborts" "Val Reads" "Val success" "Val fail" "Energy (J)" "Time(S)"
0.000743 4759 0 163386 3170 0 0.338257 0.009820333
0.000744 4759 0 163386 3170 0 0.355347 0.009882383
0.000739 4759 0 163386 3170 0 0.344482 0.009900531
0.000739 4759 0 163386 3170 0 0.341614 0.009894729
0.00074 4759 0 163386 3170 0 0.344543 0.009865886
0.00074 4759 0 163386 3170 0 0.346619 0.009852536
0.000739 4759 0 163386 3170 0 0.338379 0.009844527
0.000739 4759 0 163386 3170 0 0.345825 0.009856371
0.000738 4759 0 163386 3170 0 0.341614 0.009905212
0.000739 4759 0 163386 3170 0 0.347046 0.009861305
