"Validation time(S)" "Commits" "Aborts" "Val Reads" "Val success" "Val fail" "Energy (J)" "Time(S)"
0.051366 50000000 11045 5206299 2603151 0 93.232483 2.195772171
0.05093 50000000 8493 5178602 2589302 0 93.485535 2.209167004
0.062969 50000000 18620 5201842 2600922 0 93.757568 2.240447998
0.050654 50000000 9460 5197365 2598685 0 95.686462 2.260959148
0.050963 50000000 12658 5191055 2595525 2 93.650330 2.217759132
0.069176 50000000 14672 5196056 2598028 0 95.847046 2.299088001
0.052428 50000000 27605 5196298 2598150 0 94.091125 2.232286930
0.070764 50000000 14707 5178981 2589490 1 95.358826 2.269309998
0.051042 50000000 13895 5187564 2593781 1 93.738647 2.204678059
0.051086 50000000 7952 5186667 2593335 0 95.047180 2.241029024
0.062919 50000000 12024 5199394 2599698 0 94.552002 2.256949902
0.071167 50000000 22139 5190707 2595350 3 94.850708 2.237986088
0.050659 50000000 7661 5197822 2598911 1 95.114929 2.246660948
0.067084 50000000 14896 5188328 2594164 0 95.535278 2.254725933
0.050882 50000000 17627 5201201 2600601 0 95.023499 2.248360872
0.050962 50000000 9029 5194595 2597299 0 94.811646 2.241981983
0.051563 50000000 7480 5204810 2602406 0 94.583618 2.217494965
0.051731 50000000 12010 5206574 2603284 2 94.778503 2.241255999
0.055379 50000000 16371 5180324 2590161 1 95.811829 2.261601925
0.054227 50000000 10570 5190747 2595375 0 92.580200 2.172491074
