"Validation time(S)" "Commits" "Aborts" "Val Reads" "Val success" "Val fail" "Energy (J)" "Time(S)"
0.623187 150000000 3210035 56215414 15005043 165979 215.291687 5.127968073
1.32517 150000000 5195011 56581453 15001379 171677 267.201965 5.922133923
0.699512 150000000 3206046 56385414 14991546 168456 217.553955 5.219203949
0.605888 150000000 3123178 58122436 15000842 168364 209.310486 4.929724932
0.682457 150000000 2771662 57759625 15009066 170139 203.729004 4.911913157
0.794941 150000000 2906457 57112451 14994931 167526 210.319946 5.064252138
0.688018 150000000 3159869 56882613 15008556 170918 216.221558 5.159044027
0.836671 150000000 3238889 57081209 14998303 167735 218.383057 5.270529032
0.683298 150000000 3205630 57284183 14997128 168948 216.447510 5.233308077
0.584544 150000000 2938445 56724637 15001693 169976 207.086182 4.976927042
0.69049 150000000 2638803 58134989 15007277 168756 203.864014 4.936814070
0.568754 150000000 2744383 57962890 15006020 169538 204.950073 4.962213039
0.636 150000000 2606716 57423549 15001891 165116 200.105286 4.829174995
0.478302 150000000 2273546 56895834 15008465 169126 192.575134 4.662766218
0.44092 150000000 2346155 53743741 15003794 170676 189.370972 4.651741028
0.689541 150000000 3274343 54666449 15001247 169623 216.942627 5.141943932
0.604726 150000000 3062577 57766222 15006792 165909 213.251099 5.123867035
0.732666 150000000 2953183 57756783 14986568 171602 213.421448 5.108310938
0.556957 150000000 3775777 56744695 15011661 168042 231.230286 5.447315931
0.604015 150000000 2753251 57741875 15005072 167981 207.773193 5.028033972
