"Validation time(S)" "Commits" "Aborts" "Val Reads" "Val success" "Val fail" "Energy (J)" "Time(S)"
0.024378 54950 88334 1042294 40708 1677 1.946106 0.053534985
0.003285 54950 80791 1048817 40708 1688 1.083130 0.019102097
0.023694 54950 189167 1031724 40708 1540 6.092896 0.145560026
0.026326 54950 188895 1048624 40708 1750 4.955933 0.109639883
0.019596 54950 267292 1033502 40708 1466 7.801636 0.169100046
0.003402 54950 82801 1053902 40708 1856 1.299133 0.031753063
0.019506 54950 68890 1038306 40708 1446 1.996460 0.061898947
0.036177 54950 117974 1019576 40708 1333 2.776001 0.068345070
0.05422 54950 80147 1003763 40708 936 3.250793 0.089015961
0.003137 54950 52875 1001280 40708 902 1.333618 0.039523125
0.01786 54950 167093 1030762 40708 1509 4.786316 0.122385979
0.003248 54950 72407 1029121 40708 1553 1.234741 0.027151823
0.003348 54950 73267 1035861 40708 1541 1.234314 0.029577017
0.00331 54950 62589 1016619 40708 1114 1.768494 0.054840088
0.003245 54950 78448 1041216 40708 1784 1.992432 0.053923130
0.00324 54950 88213 1015630 40708 1174 2.749084 0.067538023
0.019558 54950 336526 1048202 40708 1837 9.489929 0.188193083
0.026155 54950 278094 1041931 40708 1483 8.633423 0.196775198
0.02625 54950 205463 1054303 40708 1796 6.730469 0.138405085
0.008297 54950 81085 1041190 40708 1629 1.237915 0.028180122
0.003624 54950 175517 1038941 40708 1572 5.005127 0.113785982
0.003451 54950 88339 1066130 40708 2125 1.571533 0.033888102
0.018364 54950 83347 1051627 40708 1893 1.532166 0.033944845
