"Validation time(S)" "Commits" "Aborts" "Val Reads" "Val success" "Val fail" "Energy (J)" "Time(S)"
8.7e-05 2762 1170 35530 2762 0 0.858704 0.030987024
5.6e-05 2762 3 35530 2762 0 0.716064 0.022418976
9.4e-05 2762 489 35530 2762 0 0.597351 0.017840147
0.000116 2762 223 35530 2762 0 0.472778 0.013920069
7.9e-05 2762 1697 35530 2762 0 0.332214 0.007514954
9.1e-05 2762 2 35530 2762 0 0.426575 0.010802031
0.0001 2762 477 35530 2762 0 0.700317 0.025667906
8.1e-05 2762 136 35530 2762 0 0.405151 0.009654999
7.8e-05 2762 6 35530 2762 0 0.409851 0.010826826
7.8e-05 2762 3 35530 2762 0 0.461426 0.012228012
8.7e-05 2762 956 35530 2762 0 0.366150 0.008069992
8.4e-05 2762 985 35530 2762 0 0.542114 0.015795946
6.3e-05 2762 191 35530 2762 0 0.824646 0.027263165
5.4e-05 2762 3 35530 2762 0 0.657776 0.022041082
8.3e-05 2762 1 35530 2762 0 0.909912 0.030238867
8.2e-05 2762 548 35530 2762 0 0.659851 0.022624016
7.7e-05 2762 1255 35530 2762 0 0.381226 0.009623051
7e-05 2762 10 35530 2762 0 0.958740 0.037293196
7.7e-05 2762 489 35530 2762 0 0.651306 0.021787882
8.5e-05 2762 1510 35530 2762 0 0.565125 0.015912056
7.8e-05 2762 1214 35530 2762 0 0.360413 0.007734060
8.2e-05 2762 3172 35530 2762 0 0.563660 0.018366814
4.4e-05 2762 2 35530 2762 0 0.466858 0.012266874
