"Validation time(S)" "Commits" "Aborts" "Val Reads" "Val success" "Val fail" "Energy (J)" "Time(S)"
8.6e-05 2762 297 35530 2762 0 0.569580 0.015057087
7.6e-05 2762 328 35530 2762 0 0.600830 0.012533903
9.2e-05 2762 157 35530 2762 0 0.569580 0.015071869
8.1e-05 2762 109 35530 2762 0 1.304199 0.039109945
8.8e-05 2762 1 35530 2762 0 0.565186 0.014759064
6.5e-05 2762 117 35530 2762 0 0.519226 0.012651920
7.8e-05 2762 300 35530 2762 0 0.618103 0.017132998
8e-05 2762 39 35530 2762 0 0.573120 0.015211105
8.9e-05 2762 131 35530 2762 0 0.770081 0.027281046
0.000101 2762 1067 35530 2762 0 0.533264 0.013597965
0.0001 2762 752 35530 2762 0 0.479614 0.010976076
8.1e-05 2762 42 35530 2762 0 0.872681 0.028104067
9.9e-05 2762 1 35530 2762 0 0.663635 0.019793034
8.3e-05 2762 520 35530 2762 0 0.523254 0.014014006
0.000108 2762 2 35530 2762 0 0.545654 0.015604019
0.000104 2762 72 35530 2762 0 0.528992 0.014992952
0.0001 2762 177 35530 2762 0 0.790527 0.027381897
7.7e-05 2762 254 35530 2762 0 0.484680 0.010919094
9e-05 2762 367 35530 2762 0 0.520081 0.013992071
9.8e-05 2762 1 35530 2762 0 0.515015 0.013035059
7.7e-05 2762 142 35530 2762 0 0.526855 0.014158010
8.2e-05 2762 15 35530 2762 0 0.516357 0.013777971
0.000104 2762 0 35530 2762 0 0.835754 0.027713060
