"Validation time(S)" "Commits" "Aborts" "Val Reads" "Val success" "Val fail" "Energy (J)" "Time(S)"
0.000774 21877 5332 415093 21877 0 1.339722 0.039340973
0.000893 21877 13508 415093 21877 0 1.078918 0.025554895
0.000814 21877 3890 415093 21877 0 1.171936 0.030462027
0.000891 21877 8637 415093 21877 0 1.062988 0.020949125
0.000922 21877 3378 415093 21877 0 1.168213 0.031950951
0.000842 21877 1403 415093 21877 0 1.239319 0.035401106
0.000841 21877 14586 415093 21877 0 0.964844 0.017610073
0.000828 21877 5530 415093 21877 0 1.066956 0.022899866
0.00092 21877 11793 415093 21877 0 1.630188 0.042016983
0.000744 21877 1221 415093 21877 0 1.168396 0.028656006
0.0009 21877 18564 415093 21877 0 1.287903 0.033209085
0.000758 21877 1356 415093 21877 0 1.153137 0.026276112
0.000987 21877 457 415093 21877 0 1.431152 0.042886019
0.000971 21877 23390 415093 21877 0 1.132935 0.024989843
0.00082 21877 4175 415093 21877 0 1.288269 0.034856081
0.000764 21877 8121 415093 21877 0 1.374329 0.037054062
0.000942 21877 12948 415093 21877 0 1.054321 0.023123980
0.032406 21877 24466 415093 21877 0 2.661804 0.083978891
0.001045 21877 17287 415093 21877 0 1.119080 0.026881933
0.000752 21877 1 415093 21877 0 1.450073 0.047368050
0.000807 21877 4950 415093 21877 0 1.225952 0.028875828
0.000794 21877 4907 415093 21877 0 1.220215 0.031865835
0.000781 21877 77 415093 21877 0 2.173401 0.080504179
