"Validation time(S)" "Commits" "Aborts" "Val Reads" "Val success" "Val fail" "Energy (J)" "Time(S)"
0.000807 1082 642 184864 1050 0 1281.714600 22.461447001
0.000787 1082 668 184733 1050 0 1280.943237 22.148277998
0.000851 1082 718 184595 1049 0 1354.444275 23.252765179
0.000849 1082 639 184727 1050 0 1258.817261 21.311032057
0.000802 1082 634 184430 1048 0 1273.718506 21.685041189
0.000844 1082 703 184809 1050 0 1324.113525 22.757088900
0.00085 1082 638 184686 1050 0 1282.747131 21.819342852
0.000837 1082 607 184677 1050 0 1244.787842 21.285836935
0.00083 1082 645 184829 1050 0 1271.232544 21.668147087
0.00082 1082 647 184793 1050 0 1277.833862 21.750507832
0.000808 1082 655 184896 1050 0 1314.765869 22.457056999
0.000835 1082 707 184827 1050 0 1356.033752 23.396278143
0.024828 1082 641 184661 1050 0 1257.609375 21.470872879
0.000833 1082 692 184715 1050 0 1355.778320 23.274477959
0.0008 1082 666 184800 1050 0 1305.223450 22.478715897
0.024816 1082 636 184565 1049 0 1233.745361 20.944391012
0.000838 1082 679 184685 1050 0 1308.368591 22.415741920
0.000817 1082 688 184765 1050 0 1311.377380 22.451102972
0.000806 1082 641 184760 1050 0 1255.773621 21.505183935
0.000818 1082 657 184687 1050 0 1331.951477 22.948239088
0.000843 1082 711 184765 1050 0 1364.184937 23.189718962
0.000822 1082 681 184788 1050 0 1329.291199 22.604022026
0.00083 1082 693 184794 1050 0 1349.328064 22.881713152
