"Validation time(S)" "Commits" "Aborts" "Val Reads" "Val success" "Val fail" "Energy (J)" "Time(S)"
0.120274 15000000 4727120 12151140 218740 1 264.432556 5.909625053
0.07201 15000000 3863921 13337395 243384 6 258.533997 6.511230230
0.03678 15000000 3528078 12164640 218796 0 257.203979 7.118958950
0.039195 15000000 4408308 12557127 226765 0 253.907288 5.356766939
0.074184 15000000 3793518 12583277 227338 3 228.088318 5.059287071
0.062699 15000000 3452019 11989339 214789 0 246.143005 6.696980953
0.066141 15000000 4237665 11972976 215023 1 260.842957 6.547177792
0.05068 15000000 3955852 11896235 213511 1 258.959534 6.935924053
0.035421 15000000 1953030 11904575 213703 3 195.971313 5.569252014
0.078133 15000000 4068396 11895301 213499 1 249.970886 6.179137945
0.072107 15000000 4251006 12619653 228089 0 268.032104 6.533749104
0.034019 15000000 4166597 11915634 213977 1 270.476379 7.236007929
0.052331 15000000 4042820 12380000 223731 0 251.144287 5.963890791
0.106075 15000000 4244662 12503172 226393 0 248.692688 5.193693161
0.08829 15000000 4131583 12044448 216629 2 253.656128 5.981202126
0.03527 15000000 4405639 11921214 213839 0 265.508484 6.485536098
0.13236 15000000 4350168 12299083 221855 2 253.640198 5.621345997
0.068552 15000000 3853227 12023332 215400 0 246.826233 5.973102808
0.059929 15000000 3906866 12002656 215374 6 246.984375 6.245988846
0.063859 15000000 4422301 12265416 221200 0 249.732178 5.338838100
0.117585 15000000 4634011 12479291 225671 2 251.372742 4.736628056
0.070053 15000000 4323139 11903936 213604 0 253.535889 5.333897114
0.069572 15000000 3912762 12455297 224942 4 231.777344 4.752578974
0.085314 15000000 4694091 12272297 221279 0 251.374573 4.891563892
0.093724 15000000 3418937 12280890 221396 0 245.580566 6.307703018
0.068013 15000000 4253128 12316950 222078 0 247.857239 5.512584925
0.100096 15000000 4813914 12230422 219837 1 268.116089 5.607574940
0.091257 15000000 4481839 12302025 222013 0 260.623169 5.771806955
0.052216 15000000 3942254 12212777 220120 4 236.242126 5.261538982
0.042084 15000000 4248942 12442558 225010 2 272.201477 6.748579979
0.032696 15000000 2408973 12190666 219283 1 217.193115 6.371457100
0.048798 15000000 3628057 12937646 234271 0 271.276917 7.424878120
0.064526 15000000 3935318 12134613 218270 1 224.439880 4.388659954
