"Validation time(S)" "Commits" "Aborts" "Val Reads" "Val success" "Val fail" "Energy (J)" "Time(S)"
0.006141 25000000 282749 1968896 41354 8 97.126587 2.091505051
0.006167 25000000 65874 1904902 39581 0 94.715637 2.154513836
0.005979 25000000 48382 1892700 39254 0 90.292175 1.982033014
0.006049 25000000 60302 1928258 40220 0 92.213379 2.037880898
0.006144 25000000 117223 1916333 39847 0 93.069763 2.023627996
0.006269 25000000 133399 1913305 40002 1 92.109802 1.969404936
0.030983 25000000 74087 1884021 39273 0 89.734863 1.976402998
0.006166 25000000 69751 1916819 39750 1 92.256348 2.042489052
0.006234 25000000 180882 1921036 40178 0 94.565063 2.027765036
0.006032 25000000 64310 1903986 39544 0 91.354553 2.040661097
0.00617 25000000 73635 1883103 39257 0 91.914185 2.013784170
0.00619 25000000 19207 1916562 40161 1 90.967834 2.020440102
0.006111 25000000 83668 1933910 40295 4 90.549377 1.963388920
0.006073 25000000 108603 1895920 39487 0 92.381226 2.018972158
0.006292 25000000 101553 1908257 39765 0 91.899719 2.004315853
0.006232 25000000 207457 1925496 40120 0 96.190918 2.073982954
0.006047 25000000 24750 1902757 39632 0 90.894775 2.034071922
0.005934 25000000 195059 1891744 39458 1 93.371765 1.992632151
0.006217 25000000 119982 1956805 41052 3 92.498291 2.000960827
0.006042 25000000 197059 1906310 39823 1 95.465454 2.057524920
0.006051 25000000 134975 1902827 39520 0 94.275146 1.988080025
0.006249 25000000 261018 1944573 40566 0 100.262939 2.094019175
0.006261 25000000 208476 1904922 39763 0 114.819214 2.694607019
0.006096 25000000 209193 1938235 40351 2 97.233887 2.062845945
0.014625 25000000 354635 1934408 40323 1 102.599854 2.183423996
0.00618 25000000 127776 1900685 39720 0 94.869812 2.027467012
0.005986 25000000 200211 1924462 40155 1 93.753174 1.959372044
0.006124 25000000 273544 1934822 40323 0 100.980347 2.126538038
0.007517 25000000 317072 1889376 39385 0 100.930908 2.088376045
0.006107 25000000 494994 1905802 39580 0 105.213257 2.155740976
0.006719 25000000 117060 1924695 40267 0 93.027710 1.971997976
0.02222 25000000 347483 1893826 39479 1 102.483459 2.137223959
0.006174 25000000 63750 1908640 39689 0 90.877258 1.938416958
