"Validation time(S)" "Commits" "Aborts" "Val Reads" "Val success" "Val fail" "Energy (J)" "Time(S)"
4.75052 1000000 95070 294615233 93558 1756 337.640808 5.614194870
4.65691 1000000 69218 289993964 94164 1904 321.764465 5.236344814
4.4347 1000000 84099 294174158 94798 1911 322.518860 5.328284025
4.33331 1000000 82033 296428784 94257 1849 338.223022 5.529742956
4.64397 1000000 98386 289556717 93499 1793 330.774353 5.374392986
4.57853 1000000 91446 301136734 94635 1871 338.758728 5.511255980
4.14712 1000000 101411 298746529 93581 1765 338.937500 5.542693138
4.36919 1000000 83031 296849280 93560 1880 328.762207 5.327185869
4.74557 1000000 79780 297207797 94536 1839 330.388184 5.384597063
4.57785 1000000 77442 295796650 93674 1819 327.411621 5.298887014
4.73418 1000000 135242 293237282 93792 1865 337.389526 5.512363911
3.86267 1000000 78418 298799414 95105 1937 333.597290 5.409037113
4.40821 1000000 103050 293619342 93501 1873 336.513000 5.487998962
4.42851 1000000 58476 291746769 94705 1859 323.365662 5.307563066
4.05691 1000000 118225 291804851 94243 1903 332.218323 5.417355061
4.96488 1000000 93737 290642045 93755 1769 330.567688 5.437666893
4.64401 1000000 103528 296588047 93955 1816 329.485413 5.397260904
4.25048 1000000 70163 291089955 93532 1793 322.214844 5.244817972
4.52914 1000000 123649 290537991 92954 1779 347.241455 5.728477001
4.58374 1000000 130411 289739169 94433 1975 327.843628 5.350724936
