"Validation time(S)" "Commits" "Aborts" "Val Reads" "Val success" "Val fail" "Energy (J)" "Time(S)"
0.000833 47357 14 47364 47357 0 0.549805 0.017050028
0.000894 47353 23 47360 47353 0 0.556396 0.017105103
0.000899 47347 39 47354 47347 0 0.566589 0.016209841
0.000853 47349 205 47356 47349 0 0.810059 0.029808044
0.000917 47357 32 47364 47357 0 0.549316 0.016688108
0.000926 47343 24 47350 47343 0 0.585938 0.018501997
0.000905 47355 8849 47362 47355 0 1.107666 0.031412840
0.000919 47353 19 47360 47353 0 0.703186 0.023547888
0.00091 47357 11 47364 47357 0 0.937866 0.034571886
0.000857 47343 23 47350 47343 0 0.882751 0.028419018
0.000837 47357 16 47364 47357 0 0.573059 0.017235041
0.000915 47355 20 47362 47355 0 0.552734 0.016680956
0.000912 47351 26 47358 47351 0 0.502380 0.014884949
0.000872 47351 31 47358 47351 0 0.578125 0.017460823
0.000894 47355 25 47362 47355 0 0.529175 0.015433073
0.000893 47357 371 47364 47357 0 0.772705 0.028177738
0.000819 47357 15 47364 47357 0 0.590698 0.018672943
0.000926 47357 12465 47364 47357 0 1.238037 0.033629894
0.000883 47347 24 47354 47347 0 0.596375 0.017896175
0.000834 47347 11 47354 47347 0 0.905334 0.034700871
0.000879 47357 22 47364 47357 0 0.573059 0.017776012
0.000895 47365 22 47372 47365 0 0.905396 0.035362959
0.000871 47359 11994 47366 47359 0 1.205322 0.032384872
