"Validation time(S)" "Commits" "Aborts" "Val Reads" "Val success" "Val fail" "Energy (J)" "Time(S)"
1.47148 22362343 683422 22362366 22362343 0 209.617737 6.425610065
1.45945 22362343 744969 22362366 22362343 0 213.773071 6.474100828
1.51261 22362349 675964 22362372 22362349 0 210.531799 6.386126041
1.67133 22362349 763463 22362372 22362349 0 214.813721 6.500364780
1.88133 22362343 819528 22362366 22362343 0 215.948669 6.522572994
1.75082 22362343 805305 22362366 22362343 0 214.916504 6.482941151
1.56943 22362349 734511 22362372 22362349 0 212.780457 6.439357996
1.54591 22362353 702615 22362376 22362353 0 211.675049 6.431099892
1.80541 22362343 729871 22362366 22362343 0 213.031494 6.439378977
1.50196 22362343 730904 22362366 22362343 0 212.936340 6.451531172
1.61385 22362353 789987 22362376 22362353 0 213.680908 6.434916973
1.37531 22362343 769611 22362366 22362343 0 215.517029 6.497945070
1.78797 22362343 783167 22362366 22362343 0 214.536377 6.460222006
1.66968 22362343 747499 22362366 22362343 0 213.751526 6.460910082
1.56451 22362349 786587 22362372 22362349 0 214.998779 6.477352858
1.5863 22362343 745111 22362366 22362343 0 214.825500 6.414058924
1.35032 22362351 688450 22362374 22362351 0 213.384888 6.431424618
1.6443 22362343 794088 22362366 22362343 0 214.621521 6.475295067
1.57001 22362343 670867 22362366 22362343 0 212.563110 6.418670893
1.41582 22362343 717959 22362366 22362343 0 214.148682 6.450863123
1.87324 22362343 864868 22362366 22362343 0 217.009155 6.548174143
2.08581 22362353 864230 22362376 22362353 0 215.723816 6.505318165
1.75617 22362343 803879 22362366 22362343 0 214.447205 6.429787874
