"Validation time(S)" "Commits" "Aborts" "Val Reads" "Val success" "Val fail" "Energy (J)" "Time(S)"
0.00174 93775 13 93784 93775 0 1.404541 0.047595024
0.001712 93769 11 93778 93769 0 1.608887 0.057172060
0.001688 93775 26 93784 93775 0 1.533264 0.053596020
0.001758 93775 22 93784 93775 0 1.175049 0.038378954
0.001682 93781 12 93790 93781 0 1.793335 0.067979097
0.001643 93771 20 93780 93771 0 1.193420 0.039944172
0.001716 93775 26 93784 93775 0 1.297485 0.044955969
0.001674 93775 1418 93784 93775 0 1.114868 0.036015034
0.001714 93775 11 93784 93775 0 1.178467 0.038273096
0.001669 93775 16 93784 93775 0 1.209717 0.041124105
0.001741 93767 76 93776 93767 0 1.338806 0.040078163
0.001745 93775 33 93784 93775 0 1.208740 0.040482998
0.001692 93775 22 93784 93775 0 1.249023 0.041796923
0.001674 93769 28 93778 93769 0 1.232727 0.040766001
0.00178 93775 17 93784 93775 0 1.122864 0.035094976
0.001746 93777 9 93786 93777 0 1.172241 0.039291143
0.001653 93775 17 93784 93775 0 1.245056 0.040907145
0.001665 93775 18 93784 93775 0 1.196411 0.039423943
0.001685 93769 542 93778 93769 0 1.189270 0.038102865
0.001757 93773 64 93782 93773 0 1.194519 0.039500952
0.001714 93763 44 93772 93763 0 1.166138 0.037149906
0.001745 93775 28 93784 93775 0 1.185059 0.039799929
0.001716 93775 19 93784 93775 0 1.222351 0.040513992
