"Validation time(S)" "Commits" "Aborts" "Val Reads" "Val success" "Val fail" "Energy (J)" "Time(S)"
0.235152 1000000 3574 13043060 651541 663 52.923340 0.840342045
0.090787 1000000 6689 13021122 650480 630 53.873962 0.883665085
0.142747 1000000 6004 13031923 650968 682 53.056396 0.847715855
0.159386 1000000 5301 13043213 651498 716 51.997620 0.841139078
0.066806 1000000 3217 13034752 651100 692 53.321533 0.863831997
0.161591 1000000 4393 13026818 650716 679 52.463867 0.846046925
0.195163 1000000 4018 13026700 650737 655 52.670044 0.847882986
0.19486 1000000 4371 13035495 651151 677 53.195435 0.857545137
0.13084 1000000 4615 13028958 650865 640 53.995972 0.893104076
0.131826 1000000 4609 13040751 651428 666 53.322632 0.855080128
0.262448 1000000 5556 13031565 650906 731 52.838196 0.853291035
0.180543 1000000 5479 13020365 650357 717 53.383972 0.865885019
0.099308 1000000 4021 13034937 651073 729 52.689087 0.840428829
0.218805 1000000 4036 13019357 650374 649 52.991516 0.841237068
0.175729 1000000 5225 13029170 650851 665 52.221680 0.860527992
0.21873 1000000 6896 13036517 651179 701 52.911926 0.841015100
0.234564 1000000 5592 13021954 650482 668 52.827454 0.846456051
0.222645 1000000 5075 13047920 651790 662 53.594055 0.861462116
0.163502 1000000 3963 13044081 651590 667 52.979309 0.886440992
0.1023 1000000 3565 13016322 650215 657 53.144958 0.859599829
0.123224 1000000 6272 13050467 651897 682 52.967590 0.847237110
0.146901 1000000 4595 13027003 650720 685 52.252502 0.855515003
0.102952 1000000 4228 13011108 649961 652 52.950378 0.859055996
0.187505 1000000 4532 13026069 650616 742 53.029297 0.863356113
0.29088 1000000 5090 13023692 650536 705 52.731384 0.844641924
0.23271 1000000 5053 13061045 652406 701 52.533691 0.838984966
0.066532 1000000 4804 13038425 651257 718 52.725708 0.844484091
0.210745 1000000 6164 13032073 650995 664 53.026001 0.856405020
0.171177 1000000 5129 13018814 650350 647 53.679504 0.869610071
0.094774 1000000 4134 13050717 651965 625 52.834106 0.852884054
