"Validation time(S)" "Commits" "Aborts" "Val Reads" "Val success" "Val fail" "Energy (J)" "Time(S)"
2.21515 1000000 54581186 195056415 1000000 89064 2230.633850 37.862147093
2.63466 1000000 56064557 194855974 1000000 87944 2263.591736 38.132755041
2.44989 1000000 56278362 194731388 1000000 87253 2259.466858 38.219361782
2.80517 1000000 55779978 194856914 1000000 87940 2244.673706 38.083189964
2.4979 1000000 54324379 195284538 1000000 90335 2226.892639 37.595166922
2.36925 1000000 55400274 195017029 1000000 88839 2240.988892 38.102763891
2.34083 1000000 55566405 194789799 1000000 87562 2237.259644 37.984120846
2.33178 1000000 56486387 194826027 1000000 87767 2261.906311 38.205821991
2.32436 1000000 55487812 194805043 1000000 87649 2255.435425 38.011571884
2.46601 1000000 56486241 194872079 1000000 88034 2258.325195 38.330925226
2.63489 1000000 56379614 194644414 1000000 86762 2256.727417 38.329714060
2.71815 1000000 55583259 195042855 1000000 88984 2246.569153 38.035941124
2.42031 1000000 55113040 194929080 1000000 88353 2230.777832 37.837131977
2.27554 1000000 56618040 194725486 1000000 87217 2271.215210 38.407685041
2.75828 1000000 56449916 194654401 1000000 86820 2274.411194 38.339330912
2.7288 1000000 56670664 194642417 1000000 86740 2274.593567 38.297497988
2.71003 1000000 55438739 194885946 1000000 88106 2255.133484 38.047372103
2.3436 1000000 55928437 194775847 1000000 87491 2253.210449 38.232452154
2.58509 1000000 56117728 194742253 1000000 87316 2264.127808 38.156533003
2.39937 1000000 56078562 194849774 1000000 87899 2257.109314 38.113137960
2.64281 1000000 56916311 194678701 1000000 86957 2292.212097 38.440910101
2.48807 1000000 55385280 194872883 1000000 88028 2266.041077 37.924152851
2.66165 1000000 54754826 195070988 1000000 89135 2239.619568 37.807701111
2.8112 1000000 56164974 194968817 1000000 88554 2283.025696 38.248298883
2.96184 1000000 56656766 194623689 1000000 86644 2265.714111 38.465773106
2.42227 1000000 55489544 194986916 1000000 88673 2251.655701 37.903111935
2.60545 1000000 57362258 194711527 1000000 87128 2286.788635 38.583948851
2.41933 1000000 56659234 194747087 1000000 87323 2283.558472 38.354770899
2.14536 1000000 56602374 194676461 1000000 86944 2264.825073 38.241925955
2.32411 1000000 55660054 194966519 1000000 88554 2250.119202 38.026528120
