"Validation time(S)" "Commits" "Aborts" "Val Reads" "Val success" "Val fail" "Energy (J)" "Time(S)"
0.006473 9984 502027 1973215 9984 1033 25.032654 0.456018925
0.006284 9984 661393 1945354 9984 877 30.918457 0.556263924
0.030206 9984 660435 1945801 9984 880 28.043884 0.490881920
0.006214 9984 679436 1937715 9984 835 29.487610 0.527904987
0.030243 9984 587999 1950429 9984 906 29.196899 0.521470070
0.078222 9984 628944 1951079 9984 910 29.677429 0.538477898
0.006262 9984 651744 1940042 9984 849 29.188965 0.520680189
0.026322 9984 656846 1957581 9984 946 28.170593 0.502573013
0.030285 9984 646505 1940793 9984 852 29.524658 0.534992933
0.006303 9984 586230 1951687 9984 913 28.388916 0.521247149
0.030252 9984 735378 1936538 9984 828 34.320312 0.618269920
0.058273 9984 673888 1947315 9984 888 29.811890 0.538721085
0.006329 9984 692524 1938303 9984 839 28.870178 0.511302948
0.004954 9984 103523 1902494 9984 638 12.595215 0.331169844
0.006234 9984 625158 1942406 9984 861 26.712463 0.473170996
0.026313 9984 644550 1948874 9984 898 28.081116 0.496807814
0.006348 9984 561102 1970149 9984 1016 24.530457 0.444538832
0.014306 9984 618676 1957827 9984 947 28.516357 0.525955200
0.006372 9984 573052 1965820 9984 992 28.190247 0.512606144
0.054544 9984 597221 1979814 9984 1070 28.035767 0.503165007
0.030321 9984 642377 1963058 9984 976 29.465576 0.536597013
0.006286 9984 720371 1932662 9984 807 30.257812 0.548341990
0.030234 9984 684295 1943662 9984 868 29.244446 0.516233921
0.006329 9984 643371 1951163 9984 911 30.018127 0.541125059
0.030362 9984 620369 1956471 9984 940 30.818665 0.548957109
0.054326 9984 694182 1936142 9984 825 31.429504 0.554812193
0.006219 9984 732952 1930424 9984 794 30.706421 0.542743921
0.006388 9984 653377 1956302 9984 938 30.183350 0.543786049
0.014356 9984 644698 1950525 9984 907 29.818909 0.527452946
0.03834 9984 652881 1951875 9984 913 30.862671 0.560243845
