"Validation time(S)" "Commits" "Aborts" "Val Reads" "Val success" "Val fail" "Energy (J)" "Time(S)"
0.004205 4096 53490 1105300 4089 7 4.736938 0.143604994
0.003158 4096 24520 1106101 4091 9 2.836182 0.097861052
0.003176 4096 23673 1107114 4091 11 3.517212 0.135129213
0.003814 4096 30166 1107470 4091 16 3.480347 0.132544041
0.003331 4096 39221 1106720 4092 10 4.586975 0.150115013
0.014468 4096 18408 1104568 4089 6 2.723755 0.102234840
0.002975 4096 18889 1106057 4090 9 2.660889 0.096251011
0.003467 4096 46054 1106784 4092 11 4.743286 0.155888081
0.008899 4096 34432 1106201 4092 12 2.812622 0.084236860
0.003688 4096 41525 1107270 4093 14 4.604248 0.170224905
0.002988 4096 14703 1104442 4091 7 2.244385 0.082078934
0.003125 4096 8443 1104682 4089 6 1.665344 0.057631969
0.018942 4096 24709 1105467 4089 11 3.325073 0.128243923
0.003203 4096 18058 1106003 4092 9 2.866699 0.101776838
0.003159 4096 21618 1106962 4091 12 3.064819 0.116879940
0.003099 4096 13209 1107164 4090 13 1.987549 0.071767092
0.01108 4096 36784 1105978 4089 11 4.453979 0.161354065
0.003169 4096 16796 1104557 4090 6 2.591370 0.096136093
0.011182 4096 11499 1105011 4091 7 1.806885 0.064462900
0.003237 4096 17810 1106923 4089 14 2.305298 0.083805084
0.002978 4096 13056 1103770 4088 4 2.043335 0.072795153
0.003396 4096 7492 1104848 4091 6 1.423218 0.048392057
0.01043 4096 22191 1105354 4090 9 2.813477 0.101179838
