"Validation time(S)" "Commits" "Aborts" "Val Reads" "Val success" "Val fail" "Energy (J)" "Time(S)"
0.003321 4096 15668 1145254 4096 6 2.020386 0.068490028
0.00307 4096 34509 1145757 4096 7 3.983215 0.139622927
0.003147 4096 52277 1145060 4096 5 4.784180 0.150040865
0.003086 4096 39220 1146307 4096 8 3.872864 0.131110907
0.003176 4096 36963 1145384 4096 6 5.486206 0.217478991
0.003074 4096 34206 1146029 4096 8 4.134155 0.150191784
0.003418 4096 35247 1145300 4096 6 4.032532 0.123352051
0.003643 4096 53822 1144537 4096 4 5.195984 0.175316095
0.003094 4096 26385 1145316 4096 7 3.541138 0.129657030
0.003346 4096 41650 1145352 4096 6 5.164124 0.189889908
0.003164 4096 43062 1145842 4096 8 3.647583 0.115420103
0.011091 4096 31165 1145568 4096 6 4.001526 0.144834995
0.003252 4096 47894 1143908 4096 2 5.377319 0.190882921
0.011105 4096 31326 1145246 4096 8 3.539368 0.127996922
0.003711 4096 42251 1145427 4096 7 4.395020 0.154814005
0.003036 4096 46005 1145047 4096 5 4.530518 0.140401125
0.003025 4096 33883 1144384 4096 3 3.967285 0.138203859
0.003256 4096 70670 1143913 4096 2 6.619446 0.212929010
0.003106 4096 61068 1144187 4096 2 6.705566 0.225773096
0.0032 4096 43927 1145033 4096 6 4.431946 0.150793076
0.003262 4096 32421 1146032 4096 7 4.258545 0.146924019
0.003507 4096 22246 1145125 4096 6 3.071899 0.116055012
0.00315 4096 25914 1145044 4096 5 2.775269 0.094437122
