"Validation time(S)" "Commits" "Aborts" "Val Reads" "Val success" "Val fail" "Energy (J)" "Time(S)"
5.06905 4194304 8327589 1670552474 4162144 51610 1154.133423 32.407775164
5.13985 4194304 9385093 1670212669 4162147 50597 1261.652283 35.875934124
5.12041 4194304 8396444 1670805478 4162100 51950 1171.569336 33.067843914
5.14599 4194304 8578959 1669741685 4162171 49888 1209.178162 34.005357981
5.0903 4194304 8247973 1670708117 4162158 51933 1178.763367 33.083618164
4.97937 4194304 8611635 1669946687 4162162 50110 1211.317749 34.043691158
5.10606 4194304 8038824 1670868826 4162159 52111 1169.546143 32.850694895
5.00401 4194304 9523273 1670324388 4162090 50971 1289.650269 36.494729996
5.06518 4194304 11398754 1670653249 4162117 51870 1380.930908 37.737541199
5.0233 4194304 8642367 1670358196 4162131 51205 1213.835815 34.219438076
5.07548 4194304 12553751 1671016097 4162086 52488 1444.543762 39.949522972
5.0025 4194304 8623020 1670002619 4162183 50347 1229.471436 34.843961954
5.02287 4194304 9113641 1670865831 4162135 52166 1243.462341 34.857402086
4.96512 4194304 8495428 1670427830 4162163 51328 1202.145264 34.200623989
4.98909 4194304 8741638 1670654466 4162147 51819 1206.422852 33.904855967
4.9866 4194304 8594823 1669741955 4162121 49968 1199.377869 33.839616060
5.03665 4194304 8579689 1670233921 4162138 50809 1191.046448 33.203379154
5.14411 4194304 11431857 1671088816 4162113 52658 1384.583557 38.300302029
5.08844 4194304 8462895 1669950676 4162122 50292 1194.590576 33.827247858
5.00175 4194304 8544636 1670188156 4162155 50789 1226.544006 34.712811947
5.07375 4194304 8506392 1670693304 4162148 51840 1214.798950 34.343769073
5.21672 4194304 11343920 1671297594 4162155 53143 1380.052551 38.003839970
5.10809 4194304 8643057 1670011955 4162152 50531 1212.929749 34.050952911
