"Validation time(S)" "Commits" "Aborts" "Val Reads" "Val success" "Val fail" "Energy (J)" "Time(S)"
3.12116 4194304 5592613 1193877858 4187892 28014 772.304871 23.392916203
3.18507 4194304 5969194 1193847186 4187897 28045 795.283081 23.815431118
3.15805 4194304 4959906 1194237465 4187911 29248 718.480530 21.774353027
3.02995 4194304 5389697 1193885356 4187901 28105 758.124878 22.353116035
3.03331 4194304 5394140 1194244567 4187880 29250 770.397705 23.012800932
3.07124 4194304 5288585 1193974039 4187901 28387 761.962158 23.015332937
3.05481 4194304 5293692 1194267681 4187901 29343 758.581665 22.665344954
3.05048 4194304 4995684 1193817043 4187896 27832 737.323669 22.159539938
3.01266 4194304 5436195 1193912159 4187904 28142 765.861633 22.862055063
3.06476 4194304 5396866 1194008537 4187890 28446 771.655273 23.219694138
3.00555 4194304 5045065 1193947593 4187897 28236 738.789124 22.271653891
3.02481 4194304 5363132 1194064341 4187900 28648 765.590637 22.967024088
3.03365 4194304 5474791 1194149509 4187883 28927 768.794739 22.749279976
3.05886 4194304 5332452 1193873975 4187893 28029 777.136780 23.777034998
3.03815 4194304 5125350 1193970631 4187883 28433 746.870178 22.420197964
3.10677 4194304 5633175 1193971322 4187890 28326 770.886108 23.077075005
3.1102 4194304 5590265 1194274616 4187890 29367 767.286499 22.676210165
3.01691 4194304 5020711 1193923424 4187889 28258 735.832947 22.082585096
3.08741 4194304 5301190 1193889969 4187902 28077 761.148376 22.843401909
2.992 4194304 5221718 1193910116 4187895 28184 759.629883 22.720915794
3.06003 4194304 5396794 1194404002 4187899 29691 770.708130 23.035782814
3.04003 4194304 5225170 1194173817 4187891 29077 745.120239 22.126653194
3.11309 4194304 5107703 1194278901 4187908 29307 733.166321 21.715744019
