"Validation time(S)" "Commits" "Aborts" "Val Reads" "Val success" "Val fail" "Energy (J)" "Time(S)"
0.005414 4096 116234 1569253 4096 17 11.546021 0.368415117
0.011737 4096 100048 1568712 4096 14 10.723816 0.353185892
0.004926 4096 127988 1569056 4096 16 9.481262 0.288048029
0.004801 4096 105739 1566859 4096 10 11.034973 0.355998993
0.013778 4096 83406 1566290 4096 9 9.448242 0.318124056
0.005213 4096 223687 1570699 4096 18 19.174561 0.561583996
0.01251 4096 118976 1577429 4096 30 10.617126 0.327575207
0.004899 4096 79899 1571806 4096 23 9.497192 0.338869095
0.012498 4096 79040 1568600 4096 14 8.843811 0.309724092
0.027468 4096 162347 1569910 4096 16 13.627075 0.457422018
0.017036 4096 87656 1563356 4096 4 9.759216 0.338034153
0.040448 4096 120725 1570268 4096 17 8.732178 0.253675938
0.004834 4096 91070 1565843 4096 9 8.948303 0.295439005
0.004845 4096 116879 1572705 4096 24 12.555908 0.402738810
0.012312 4096 122793 1566758 4096 10 13.922607 0.475327969
0.005453 4096 123887 1567582 4096 11 13.315308 0.477780104
0.005039 4096 111736 1570328 4096 18 12.373169 0.441450119
0.00525 4096 135402 1572691 4096 24 13.997925 0.462642908
0.005198 4096 141502 1572386 4096 22 12.538086 0.413323879
0.004693 4096 72818 1571411 4096 21 7.254944 0.234210968
0.014409 4096 104015 1571119 4096 20 11.039001 0.367542028
0.004859 4096 189326 1569010 4096 15 12.763428 0.323656082
0.005074 4096 59711 1573034 4096 25 6.979370 0.251126051
