"Validation time(S)" "Commits" "Aborts" "Val Reads" "Val success" "Val fail" "Energy (J)" "Time(S)"
0.82759 15000000 363951 243938044 6631744 194991 104.173157 1.745796919
0.794827 15000000 361759 241831839 6568443 182902 114.094360 1.956310987
0.997358 15000000 329832 241970348 6612463 172969 116.544250 2.019868135
0.857539 15000000 462778 246077937 6653200 247853 107.309448 1.818764925
0.783529 15000000 365953 242015402 6591889 196438 116.315613 2.028760910
0.966936 15000000 287028 241601832 6582232 157014 118.934631 2.052431822
0.907141 15000000 458026 243760959 6601514 243199 109.943970 1.872270823
0.962011 15000000 316064 243685519 6618385 152602 117.383911 2.024515152
0.8542 15000000 391435 241858246 6572814 194537 116.392151 1.981187105
0.849334 15000000 365719 242700115 6609340 196780 111.365784 1.899181128
0.946956 15000000 455020 244737283 6635730 236593 117.664917 2.029957056
0.916413 15000000 253119 239471757 6518857 131850 113.763733 1.946878910
0.815552 15000000 316387 243556811 6635894 163961 115.602600 1.979851961
0.888876 15000000 323539 242562661 6595539 169538 116.898926 2.007791042
0.82951 15000000 423773 247754515 6676118 218661 109.660339 1.867010832
0.959537 15000000 380533 242180470 6590320 205308 115.666626 1.997517824
0.944066 15000000 325790 242834557 6596775 177788 115.547302 1.997265816
0.871408 15000000 464115 245023671 6632216 234824 116.193115 1.979843140
0.962463 15000000 330722 244592129 6617980 175504 115.181213 1.997328043
0.910755 15000000 240933 240716055 6577876 135938 119.842468 2.078755140
