"Validation time(S)" "Commits" "Aborts" "Val Reads" "Val success" "Val fail" "Energy (J)" "Time(S)"
1.11726 15000000 554946 260590430 6512003 130869 138.735168 2.228709936
1.0836 15000000 689453 265566134 6591707 174707 135.857422 2.186516047
0.977855 15000000 775746 267642187 6647920 193500 136.945618 2.210152864
0.974735 15000000 720299 265870835 6577561 207617 138.748840 2.249938965
0.959938 15000000 637490 261214744 6504005 154735 136.361572 2.215728998
0.959273 15000000 563072 261975066 6545684 139371 138.363831 2.263161898
1.14488 15000000 678101 269019477 6665915 179414 140.143250 2.248984814
1.11656 15000000 670662 265292972 6583499 178906 136.673218 2.194543123
0.780921 15000000 697193 263340225 6561018 174741 135.380615 2.192482948
0.919949 15000000 697837 264510106 6592557 176734 136.357727 2.228920937
0.854647 15000000 609829 263142956 6565487 149810 130.333679 2.073996067
0.891711 15000000 592126 264019816 6577300 148251 134.495361 2.165056944
0.862983 15000000 545757 262220382 6541103 144843 140.239868 2.304330111
0.932154 15000000 523818 260032343 6482214 131119 145.928955 2.400774002
1.01605 15000000 720438 265576172 6568138 188252 137.782654 2.222579002
0.911721 15000000 615545 264443903 6595952 152664 134.466431 2.138779879
0.854355 15000000 611507 265133800 6592112 154766 134.931519 2.139734983
0.892574 15000000 792045 266311151 6618333 209805 132.694519 2.129238129
0.913159 15000000 542181 261105412 6515258 135570 134.619080 2.153328896
0.812181 15000000 588796 262962340 6573071 133554 138.619751 2.236350060
