"Validation time(S)" "Commits" "Aborts" "Val Reads" "Val success" "Val fail" "Energy (J)" "Time(S)"
0.078969 25000000 109585 24852745 628720 6916 161.989929 2.673104048
0.098668 25000000 102268 26868438 681887 7345 160.878235 2.640120983
0.081872 25000000 122874 25933611 658545 6490 163.410400 2.746733904
0.077594 25000000 138672 24278509 613241 5120 161.401794 2.680392027
0.144642 25000000 96968 25012178 629444 8650 160.832947 2.661909103
0.099221 25000000 315838 32700419 829981 18145 158.711426 2.598901033
0.186974 25000000 166821 31658890 806703 13308 163.986328 2.716569901
0.087863 25000000 114764 29458863 747783 10401 161.179260 2.662905931
0.108341 25000000 88044 23411902 588709 6261 162.208557 2.695936203
0.087292 25000000 104885 29637849 756614 7530 160.008606 2.613867044
0.102024 25000000 170978 28213340 716617 7882 160.351807 2.669126987
0.150808 25000000 176255 32992317 837783 15292 162.958130 2.712286949
0.15409 25000000 116833 26254021 661246 9681 161.228394 2.674531937
0.051456 25000000 66944 27344031 696036 4477 160.220703 2.640041113
0.098891 25000000 110554 26873022 681787 6561 160.169250 2.633224010
0.179884 25000000 129095 25435152 642733 8757 161.858704 2.666584015
0.124345 25000000 99905 29388420 747038 8697 163.265381 2.679574013
0.096324 25000000 86001 26698244 678131 5766 159.444824 2.641888857
0.169976 25000000 137723 29626906 754038 9565 159.998901 2.648525000
0.080232 25000000 110056 24441110 618495 4841 161.838318 2.701203108
