"Validation time(S)" "Commits" "Aborts" "Val Reads" "Val success" "Val fail" "Energy (J)" "Time(S)"
0.011878 10000 42571 3943416 21329 25993 14.954651 0.263098955
0.012075 10000 42526 3978235 21390 26129 16.632690 0.312653065
0.011757 10000 42066 3926113 21246 25811 16.509277 0.299417973
0.011865 10000 41277 3880521 20851 25377 14.464539 0.268890858
0.011629 10000 41401 3887198 20929 25277 17.134094 0.315819979
0.043675 10000 42600 3924358 21168 25652 16.361023 0.301381111
0.011737 10000 42114 3916477 21118 25611 15.644226 0.284534931
0.011977 10000 42108 3932777 21326 25663 17.223145 0.323039055
0.027682 10000 42207 3900795 21002 25414 14.971130 0.282526970
0.011295 10000 40753 3788032 20336 24836 16.537476 0.306084871
0.011865 10000 42630 3932997 21112 26103 17.869324 0.333255053
0.01196 10000 42537 3941038 21241 26171 18.768066 0.365242958
0.011824 10000 42841 3969292 21327 26280 13.689819 0.253240108
0.011914 10000 42772 3942210 21110 26257 15.375366 0.271804094
0.027917 10000 42451 3937472 21242 25855 16.054932 0.297300816
0.011563 10000 40651 3817227 20351 25259 16.042725 0.296530008
0.01053 10000 36109 3582617 19027 22865 12.272705 0.227609873
0.011633 10000 41951 3920678 21061 25645 17.818665 0.332577944
0.027664 10000 42320 3913885 21017 25975 16.413879 0.292781115
0.010187 10000 33783 3537220 18430 22545 14.037781 0.269780159
