"Validation time(S)" "Validation time(S) CPU" "Validation time(S) GPU" "Commits" "Aborts" "Val Reads" "CPU Val Reads" "GPU Val Reads" "Wasted Val Reads" "GPU employment times" "Val success" "Val fail" "Snapshot ext. calls" "Energy (J)" "Time(S)"
0.001546 0.001545 0.000000 1 0 305197 305197 0 0 0 1 0 0 2737.411560 80.187000000
0.001554 0.001553 0.000000 1 0 305198 305198 0 0 0 1 0 0 2730.726440 80.193000000
0.001559 0.001559 0.000000 1 0 305197 305197 0 0 0 1 0 0 2744.172913 80.213000000
0.001566 0.001566 0.000000 1 0 305195 305195 0 0 0 1 0 0 2729.697998 80.191000000
0.001571 0.001570 0.000000 1 0 305199 305199 0 0 0 1 0 0 2746.874023 80.209000000
0.001549 0.001548 0.000000 1 0 305197 305197 0 0 0 1 0 0 2738.735596 80.200000000
0.001566 0.001565 0.000000 1 0 305197 305197 0 0 0 1 0 0 2740.150269 80.188000000
0.001569 0.001569 0.000000 1 0 305194 305194 0 0 0 1 0 0 2755.151428 80.215000000
0.001573 0.001572 0.000000 1 0 305200 305200 0 0 0 1 0 0 2731.852905 80.187000000
0.001578 0.001577 0.000000 1 0 305197 305197 0 0 0 1 0 0 2765.170288 80.193000000
0.001574 0.001574 0.000000 1 0 305192 305192 0 0 0 1 0 0 2747.822632 80.222000000
