"Validation time(S)" "Validation time(S) CPU" "Validation time(S) GPU" "Commits" "Aborts" "Val Reads" "CPU Val Reads" "GPU Val Reads" "Wasted Val Reads" "GPU employment times" "Val success" "Val fail" "Snapshot ext. calls" "Energy (J)" "Time(S)"
0.001584 0.001582 0.000000 1 0 305199 305199 0 0 0 1 0 0 719.629578 20.129000000
0.001577 0.001575 0.000000 1 0 305194 305194 0 0 0 1 0 0 738.826782 20.563000000
0.001595 0.001593 0.000000 1 0 305195 305195 0 0 0 1 0 0 727.259399 20.304000000
0.001599 0.001598 0.000000 1 0 305196 305196 0 0 0 1 0 0 720.452942 20.049000000
0.001615 0.001614 0.000000 1 0 305201 305201 0 0 0 1 0 0 755.622986 20.621000000
0.001613 0.001612 0.000000 1 0 305196 305196 0 0 0 1 0 0 766.932495 21.220000000
0.001613 0.001612 0.000000 1 0 305194 305194 0 0 0 1 0 0 748.927307 20.782000000
0.001588 0.001587 0.000000 1 0 305195 305195 0 0 0 1 0 0 729.325745 20.253000000
0.001587 0.001586 0.000000 1 0 305197 305197 0 0 0 1 0 0 765.420044 21.343000000
0.001622 0.001621 0.000000 1 0 305198 305198 0 0 0 1 0 0 742.848389 20.608000000
0.001589 0.001587 0.000000 1 0 305191 305191 0 0 0 1 0 0 746.519287 20.685000000
0.000944 0.000939 0.000878 1 0 309079 72535 236544 3884 1 1 0 0 553.989502 20.067000000
0.001563 0.001562 0.000000 1 0 305197 305197 0 0 0 1 0 0 765.617249 21.127000000
0.001563 0.001562 0.000000 1 0 305197 305197 0 0 0 1 0 0 777.490234 21.466000000
0.001595 0.001594 0.000000 1 0 305198 305198 0 0 0 1 0 0 727.600220 20.042000000
0.001576 0.001575 0.000000 1 0 305199 305199 0 0 0 1 0 0 734.166748 20.291000000
0.001600 0.001599 0.000000 1 0 305199 305199 0 0 0 1 0 0 767.004639 21.132000000
0.001599 0.001597 0.000000 1 0 305200 305200 0 0 0 1 0 0 730.833679 20.139000000
0.001593 0.001592 0.000000 1 0 305198 305198 0 0 0 1 0 0 729.644714 20.095000000
0.001620 0.001619 0.000000 1 0 305199 305199 0 0 0 1 0 0 778.168274 21.201000000
0.001583 0.001582 0.000000 1 0 305198 305198 0 0 0 1 0 0 727.029846 20.040000000
0.001572 0.001571 0.000000 1 0 305196 305196 0 0 0 1 0 0 760.223267 21.030000000
