"Validation time(S)" "Validation time(S) CPU" "Validation time(S) GPU" "Commits" "Aborts" "Val Reads" "CPU Val Reads" "GPU Val Reads" "Wasted Val Reads" "GPU employment times" "Val success" "Val fail" "Snapshot ext. calls" "Energy (J)" "Time(S)"
0.001596 0.001595 0.000000 1 0 305200 305200 0 0 0 1 0 0 2746.908936 80.196000000
0.001511 0.001511 0.000000 1 0 305191 305191 0 0 0 1 0 0 2747.249634 80.194000000
0.001591 0.001591 0.000000 1 0 305194 305194 0 0 0 1 0 0 2754.443848 80.208000000
0.001562 0.001561 0.000000 1 0 305197 305197 0 0 0 1 0 0 2734.722961 80.183000000
0.001574 0.001574 0.000000 1 0 305201 305201 0 0 0 1 0 0 2758.906067 80.208000000
0.001552 0.001552 0.000000 1 0 305195 305195 0 0 0 1 0 0 2750.334534 80.214000000
0.001554 0.001553 0.000000 1 0 305195 305195 0 0 0 1 0 0 2754.270081 80.214000000
0.001570 0.001570 0.000000 1 0 305197 305197 0 0 0 1 0 0 2740.684326 80.191000000
0.001567 0.001567 0.000000 1 0 305190 305190 0 0 0 1 0 0 2751.510681 80.190000000
0.001583 0.001582 0.000000 1 0 305202 305202 0 0 0 1 0 0 2743.522705 80.204000000
0.001570 0.001570 0.000000 1 0 305195 305195 0 0 0 1 0 0 2752.905273 80.194000000
