"Validation time(S)" "Validation time(S) CPU" "Validation time(S) GPU" "Commits" "Aborts" "Val Reads" "CPU Val Reads" "GPU Val Reads" "Wasted Val Reads" "GPU employment times" "Val success" "Val fail" "Snapshot ext. calls" "Energy (J)" "Time(S)"
0.001554 0.001554 0.000000 1 0 305195 305195 0 0 0 1 0 0 2740.560425 80.199000000
0.001556 0.001555 0.000000 1 0 305197 305197 0 0 0 1 0 0 2743.866333 80.200000000
0.001556 0.001555 0.000000 1 0 305200 305200 0 0 0 1 0 0 2752.418213 80.201000000
0.001555 0.001554 0.000000 1 0 305196 305196 0 0 0 1 0 0 2746.843567 80.205000000
0.001557 0.001557 0.000000 1 0 305194 305194 0 0 0 1 0 0 2738.716919 80.186000000
0.001572 0.001572 0.000000 1 0 305199 305199 0 0 0 1 0 0 2744.419189 80.208000000
0.001565 0.001565 0.000000 1 0 305197 305197 0 0 0 1 0 0 2753.584839 80.191000000
0.001590 0.001590 0.000000 1 0 305196 305196 0 0 0 1 0 0 2758.403076 80.193000000
0.001570 0.001569 0.000000 1 0 305201 305201 0 0 0 1 0 0 2729.879333 80.202000000
0.001577 0.001577 0.000000 1 0 305195 305195 0 0 0 1 0 0 2759.418396 80.203000000
0.001618 0.001618 0.000000 1 0 305194 305194 0 0 0 1 0 0 2740.389038 80.186000000
