"Validation time(S)" "Validation time(S) CPU" "Validation time(S) GPU" "Commits" "Aborts" "Val Reads" "CPU Val Reads" "GPU Val Reads" "Wasted Val Reads" "GPU employment times" "Val success" "Val fail" "Snapshot ext. calls" "Energy (J)" "Time(S)"
0.001543 0.001542 0.000000 1 0 305195 305195 0 0 0 1 0 0 2738.106018 80.200000000
0.001544 0.001543 0.000000 1 0 305196 305196 0 0 0 1 0 0 2749.664978 80.179000000
0.001564 0.001564 0.000000 1 0 305198 305198 0 0 0 1 0 0 2734.555969 80.199000000
0.001556 0.001555 0.000000 1 0 305197 305197 0 0 0 1 0 0 2774.170776 80.194000000
0.001574 0.001573 0.000000 1 0 305196 305196 0 0 0 1 0 0 2737.782715 80.182000000
0.001558 0.001557 0.000000 1 0 305197 305197 0 0 0 1 0 0 2744.841797 80.214000000
0.001578 0.001577 0.000000 1 0 305198 305198 0 0 0 1 0 0 2751.588928 80.202000000
0.001581 0.001580 0.000000 1 0 305199 305199 0 0 0 1 0 0 2760.482910 80.216000000
0.001569 0.001569 0.000000 1 0 305197 305197 0 0 0 1 0 0 2737.391968 80.201000000
0.001585 0.001585 0.000000 1 0 305195 305195 0 0 0 1 0 0 2751.993530 80.188000000
0.001580 0.001579 0.000000 1 0 305193 305193 0 0 0 1 0 0 2741.898376 80.211000000
