"Validation time(S)" "Validation time(S) CPU" "Validation time(S) GPU" "Commits" "Aborts" "Val Reads" "CPU Val Reads" "GPU Val Reads" "Wasted Val Reads" "GPU employment times" "Val success" "Val fail" "Snapshot ext. calls" "Energy (J)" "Time(S)"
0.001593 0.001593 0.000000 1 0 305200 305200 0 0 0 1 0 0 687.359985 20.113000000
0.001631 0.001631 0.000000 1 0 305195 305195 0 0 0 1 0 0 689.294617 20.120000000
0.001607 0.001607 0.000000 1 0 305193 305193 0 0 0 1 0 0 697.145325 20.119000000
0.001573 0.001572 0.000000 1 0 305197 305197 0 0 0 1 0 0 693.985901 20.104000000
0.001582 0.001582 0.000000 1 0 305198 305198 0 0 0 1 0 0 691.980957 20.093000000
0.001661 0.001660 0.000000 1 0 305196 305196 0 0 0 1 0 0 694.292542 20.134000000
0.001589 0.001588 0.000000 1 0 305194 305194 0 0 0 1 0 0 688.651978 20.112000000
0.001602 0.001602 0.000000 1 0 305190 305190 0 0 0 1 0 0 689.204529 20.125000000
0.001619 0.001618 0.000000 1 0 305198 305198 0 0 0 1 0 0 691.248901 20.106000000
0.001614 0.001614 0.000000 1 0 305194 305194 0 0 0 1 0 0 693.208923 20.113000000
0.001582 0.001582 0.000000 1 0 305196 305196 0 0 0 1 0 0 693.704285 20.101000000
