"Validation time(S)" "Validation time(S) CPU" "Validation time(S) GPU" "Commits" "Aborts" "Val Reads" "CPU Val Reads" "GPU Val Reads" "Wasted Val Reads" "GPU employment times" "Val success" "Val fail" "Snapshot ext. calls" "Energy (J)" "Time(S)"
0.001586 0.001585 0.000000 1 0 305197 305197 0 0 0 1 0 0 726.757324 20.171000000
0.001586 0.001585 0.000000 1 0 305197 305197 0 0 0 1 0 0 742.773682 20.603000000
0.001586 0.001585 0.000000 1 0 305195 305195 0 0 0 1 0 0 721.238647 20.049000000
0.001593 0.001591 0.000000 1 0 305200 305200 0 0 0 1 0 0 722.521179 20.080000000
0.001593 0.001592 0.000000 1 0 305196 305196 0 0 0 1 0 0 743.633911 20.686000000
0.001632 0.001631 0.000000 1 0 305199 305199 0 0 0 1 0 0 723.396362 20.344000000
0.001586 0.001585 0.000000 1 0 305193 305193 0 0 0 1 0 0 724.368530 20.097000000
0.001593 0.001592 0.000000 1 0 305197 305197 0 0 0 1 0 0 750.172485 20.896000000
0.001605 0.001604 0.000000 1 0 305198 305198 0 0 0 1 0 0 725.143372 20.191000000
0.001616 0.001615 0.000000 1 0 305197 305197 0 0 0 1 0 0 723.280579 20.101000000
0.001584 0.001582 0.000000 1 0 305195 305195 0 0 0 1 0 0 750.673218 20.812000000
0.001581 0.001580 0.000000 1 0 305199 305199 0 0 0 1 0 0 730.084351 20.125000000
0.001586 0.001585 0.000000 1 0 305194 305194 0 0 0 1 0 0 748.676392 20.754000000
0.001551 0.001549 0.000000 1 0 305196 305196 0 0 0 1 0 0 727.532776 20.116000000
0.001580 0.001579 0.000000 1 0 305197 305197 0 0 0 1 0 0 768.932556 21.220000000
0.001557 0.001556 0.000000 1 0 305199 305199 0 0 0 1 0 0 730.978333 20.237000000
0.001570 0.001569 0.000000 1 0 305196 305196 0 0 0 1 0 0 735.596313 20.225000000
0.001557 0.001556 0.000000 1 0 305192 305192 0 0 0 1 0 0 729.119751 20.040000000
0.001557 0.001556 0.000000 1 0 305196 305196 0 0 0 1 0 0 775.799072 21.338000000
0.001575 0.001573 0.000000 1 0 305197 305197 0 0 0 1 0 0 782.830505 21.483000000
0.001571 0.001570 0.000000 1 0 305197 305197 0 0 0 1 0 0 736.873840 20.335000000
