"Validation time(S)" "Validation time(S) CPU" "Validation time(S) GPU" "Commits" "Aborts" "Val Reads" "CPU Val Reads" "GPU Val Reads" "Wasted Val Reads" "GPU employment times" "Val success" "Val fail" "Snapshot ext. calls" "Energy (J)" "Time(S)"
0.001596 0.001595 0.000000 1 0 305199 305199 0 0 0 1 0 0 689.400085 20.102000000
0.001578 0.001578 0.000000 1 0 305200 305200 0 0 0 1 0 0 691.470276 20.099000000
0.001625 0.001624 0.000000 1 0 305197 305197 0 0 0 1 0 0 690.715210 20.120000000
0.001598 0.001598 0.000000 1 0 305194 305194 0 0 0 1 0 0 691.193726 20.105000000
0.001580 0.001579 0.000000 1 0 305200 305200 0 0 0 1 0 0 688.591187 20.119000000
0.001599 0.001599 0.000000 1 0 305201 305201 0 0 0 1 0 0 689.123718 20.103000000
0.001620 0.001620 0.000000 1 0 305197 305197 0 0 0 1 0 0 694.308411 20.098000000
0.001615 0.001614 0.000000 1 0 305196 305196 0 0 0 1 0 0 692.803101 20.117000000
0.001581 0.001581 0.000000 1 0 305197 305197 0 0 0 1 0 0 693.832275 20.115000000
0.001577 0.001577 0.000000 1 0 305199 305199 0 0 0 1 0 0 691.743286 20.117000000
0.001586 0.001586 0.000000 1 0 305196 305196 0 0 0 1 0 0 694.613098 20.112000000
