"Validation time(S)" "Commits" "Aborts" "Val Reads" "Val success" "Val fail" "Energy (J)" "Time(S)"
0.233543 25000000 3967501 26924512 694149 1549 163.557312 2.691876888
0.405902 25000000 7307915 20898361 536724 524 174.196960 2.870589018
0.166377 25000000 7222599 19475073 499799 241 176.254272 2.905295134
0.323748 25000000 5104454 23045670 592679 619 167.691711 2.779502153
0.225523 25000000 4924171 23620049 608599 1184 167.656616 2.787489891
0.108994 25000000 6861804 20574413 527263 1234 174.697754 2.886247873
0.252472 25000000 4520352 26691978 688800 2058 164.031128 2.688896894
0.239567 25000000 4278504 30140034 777199 4316 164.278870 2.685379982
0.214249 25000000 7007429 19440593 498336 461 175.341003 2.912930965
0.323271 25000000 5872175 23173619 596723 1259 171.006409 2.820304871
0.3203 25000000 11907109 22044245 567011 2680 182.264893 3.000766993
0.234969 25000000 6196239 28000286 723109 2011 168.811707 2.788024187
0.224777 25000000 4708861 24048491 619893 2177 167.982544 2.773123980
0.25414 25000000 6347115 22782872 586311 1220 172.382629 2.829281092
0.283701 25000000 5601494 29617526 764351 2733 168.236755 2.739053011
0.197854 25000000 4535534 25681028 662105 1149 165.547607 2.725172997
0.268359 25000000 5518285 18709659 478871 609 172.971802 2.905313015
0.183064 25000000 4689894 23199888 597221 915 167.328857 2.744791985
0.302207 25000000 6453374 25811457 665794 1082 170.643433 2.796298027
0.262261 25000000 6746030 26189960 676030 1877 169.900330 2.809628010
