"Validation time(S)" "Commits" "Aborts" "Val Reads" "Val success" "Val fail" "Energy (J)" "Time(S)"
0.803797 1000000 1044106918 57953157 1054640 102528 10818.316040 178.786126137
0.956415 1000000 1059518504 57911843 1052717 103218 10940.097046 180.831973076
0.80809 1000000 1064142243 57635077 1054011 103296 11000.011169 181.797988176
0.627483 1000000 1069029913 57508212 1052551 103377 11048.601746 182.615561008
0.709292 1000000 1068603382 57458501 1053864 103186 11042.129395 182.494837999
0.644445 1000000 1053778433 57907412 1054830 102819 10904.170349 180.195938110
1.0393 1000000 1065769602 57661907 1054303 103586 11006.449280 181.902006149
0.777211 1000000 1048912481 58064800 1056740 102510 10870.354309 179.632581949
0.802541 1000000 1062683927 57716639 1053349 103376 10991.445129 181.703217983
0.970923 1000000 1064777768 57725896 1051990 103422 10995.998657 181.759710073
0.854177 1000000 1070289914 57650383 1053861 103535 11057.755676 182.801038027
0.769929 1000000 1068847661 57330275 1052930 102979 11051.865845 182.655886889
0.860348 1000000 1059759547 57604740 1052928 102789 10958.471619 181.156493902
0.865196 1000000 1051360354 57866100 1053946 102910 10894.788086 180.082887888
0.904041 1000000 1068948117 57683495 1053904 103290 11050.472534 182.544615030
0.875461 1000000 1069305065 57804630 1056705 103358 11040.626038 182.477727890
0.828097 1000000 1050228341 58073623 1055733 102999 10856.915649 179.400123835
0.846436 1000000 1062423484 57805665 1054727 103598 10980.861938 181.512048960
0.903505 1000000 1055754578 58059057 1057183 103065 10930.458618 180.681548834
0.823324 1000000 1051440180 57796000 1054201 103088 10884.862183 179.886120796
