"Validation time(S)" "Commits" "Aborts" "Val Reads" "Val success" "Val fail" "Energy (J)" "Time(S)"
1.3451 15000000 95531985 219851294 6413871 52038 205.958008 3.244709969
1.58411 15000000 100262665 216902293 6362768 62524 208.349121 3.264082909
1.31516 15000000 85255241 216474857 6344792 73272 194.308655 3.048593998
1.53613 15000000 78419441 219085772 6405435 64460 185.246094 2.956083059
1.46487 15000000 82977644 217732275 6377940 67574 191.321411 2.974801064
1.64735 15000000 96949053 218418859 6391522 52625 214.935791 3.368345976
1.62501 15000000 95869987 216694766 6337566 46412 215.159729 3.373409986
1.45882 15000000 89907039 225106721 6541452 56422 200.138611 3.172935963
1.37027 15000000 89204924 216882320 6353075 65361 202.960205 3.184875965
1.59695 15000000 98915380 219672024 6418108 83704 207.527588 3.295462132
1.55422 15000000 90293618 217123743 6347117 76241 198.536194 3.129758120
1.79093 15000000 91287327 217577147 6378798 60755 204.149536 3.194006920
1.57044 15000000 84869573 224311757 6508992 52089 195.379028 3.078768969
1.38965 15000000 92206225 219033502 6392040 53668 207.425720 3.252321005
1.5862 15000000 89381426 221292866 6431549 59386 205.000244 3.221925974
1.68311 15000000 78549528 216455364 6330168 60442 186.980896 2.975541830
1.36782 15000000 72906254 215010351 6302546 35963 181.556580 2.890528202
1.52165 15000000 73009891 220046315 6444452 72938 177.297058 2.785410881
1.3651 15000000 79702444 217598330 6362776 56980 186.838867 2.942392111
1.49377 15000000 89123936 218231471 6395477 60423 199.446411 3.128343105
