"Validation time(S)" "Commits" "Aborts" "Val Reads" "Val success" "Val fail" "Energy (J)" "Time(S)"
0.032537 1000000 5657 4494948 224886 324 53.808472 0.824436188
0.128551 1000000 5499 4465572 223420 294 53.065613 0.825425863
0.072489 1000000 5349 4479036 224096 309 52.723572 0.825022221
0.088603 1000000 5864 4495552 224940 319 53.838623 0.827140093
0.06453 1000000 3459 4472904 223781 270 53.091003 0.827234030
0.064312 1000000 5391 4462714 223280 314 53.765686 0.824826956
0.040653 1000000 3978 4456151 222960 274 53.869934 0.827011108
0.137014 1000000 5025 4497497 225029 317 53.842102 0.827236176
0.016604 1000000 4957 4489336 224636 290 53.733154 0.824263096
0.016499 1000000 5177 4450938 222705 279 52.820374 0.827740192
0.015824 1000000 4467 4329869 216628 291 53.890564 0.865678787
0.040515 1000000 3944 4487513 224527 267 52.878418 0.827566862
0.040716 1000000 4387 4498160 225064 301 53.779846 0.824569941
0.028449 1000000 4392 4488911 224594 295 53.190674 0.824494123
0.088483 1000000 4853 4470955 223723 267 52.826538 0.826776981
0.136344 1000000 5603 4417743 221039 279 52.983643 0.834139109
0.037525 1000000 4163 3615758 180918 264 69.881226 1.227175951
0.06454 1000000 5417 4478048 224047 296 53.800110 0.824678898
0.01647 1000000 5581 4483845 224331 298 53.758118 0.825429916
0.112692 1000000 5419 4487182 224524 299 53.792419 0.824783802
