"Validation time(S)" "Commits" "Aborts" "Val Reads" "Val success" "Val fail" "Energy (J)" "Time(S)"
0.229011 9984 12468880 15524978 279945 12050 138.061768 2.249096155
0.214768 9984 13062390 15819235 287619 12460 142.879333 2.326711893
0.231111 9984 13136505 15991247 290548 12434 143.383057 2.358727932
0.15918 9984 11711275 14967382 268043 11712 131.143494 2.145184040
0.273991 9984 11349106 14622298 259412 11501 127.065002 2.081636906
0.288359 9984 13494571 16313059 297198 12634 147.891724 2.409600019
0.177617 9984 13899642 16600373 304223 12974 152.385864 2.493463993
0.280745 9984 12173721 15330179 274573 12113 135.431274 2.205469131
0.210239 9984 13345263 15809020 288736 12170 144.768982 2.359009981
0.23525 9984 14620433 16978938 314072 13104 158.984192 2.596549988
0.254843 9984 13079053 15932074 288745 12580 143.520752 2.337218046
0.288888 9984 13516921 16324336 298814 12400 148.165344 2.412768126
0.208248 9984 13495163 16236618 296576 12712 147.815002 2.407139063
0.276816 9984 12436627 15356444 277029 11875 137.062134 2.232264042
0.244571 9984 13304952 16271867 296898 12490 146.371765 2.383327007
0.160535 9984 12178157 15329186 274739 12270 134.871948 2.196073055
0.177833 9984 10015601 12386394 214510 9697 126.750854 2.051957846
0.258677 9984 14304739 16939970 311858 13438 156.346863 2.553687811
0.182008 9984 10993952 14249271 251657 11335 122.418518 1.993205070
0.374502 9984 12519741 15657652 282048 12263 138.663086 2.260004997
