"Validation time(S)" "Commits" "Aborts" "Val Reads" "Val success" "Val fail" "Energy (J)" "Time(S)"
0.882042 150000000 301596 34847619 9168502 232225 162.935791 2.622570038
0.87607 150000000 306035 34467829 9173248 238389 163.254395 2.627526045
0.890936 150000000 307647 34355214 9178253 238937 163.495361 2.636172056
0.864331 150000000 300753 33156067 9107908 233351 160.038208 2.638283014
0.871214 150000000 305033 32455418 9121880 235890 157.570679 2.584351063
0.873581 150000000 303341 34316454 9135132 234750 161.281311 2.635386944
0.872993 150000000 307536 33400667 9152193 239374 162.574402 2.618145943
0.883046 150000000 311672 35124235 9173199 246127 160.080078 2.617254972
0.872297 150000000 297633 33724382 9162335 228145 158.418274 2.595669985
0.895988 150000000 302042 35465475 9150926 235033 164.162659 2.663650990
0.89046 150000000 306513 33744884 9187414 236032 163.343201 2.623721123
0.88287 150000000 314363 33395806 9129985 247177 160.580444 2.638804913
0.877162 150000000 309606 33836700 9178652 242505 159.050781 2.612951040
0.895675 150000000 319906 34130051 9180465 253818 161.450989 2.650955200
0.881746 150000000 305101 33821767 9121000 236058 161.505249 2.654285192
0.879782 150000000 303923 34765912 9161084 235700 162.639099 2.626866817
0.886618 150000000 313157 34834211 9144075 246484 161.405945 2.649909019
0.882498 150000000 311297 34689095 9140243 243446 160.500977 2.647880077
0.876417 150000000 303151 33229849 9132330 234338 160.143188 2.613625050
0.880894 150000000 307100 34206074 9172718 236862 162.522888 2.619472027
0.886939 150000000 321028 36016408 9237705 252993 164.227966 2.650489132
0.8799 150000000 315050 34155583 9234895 244790 161.519287 2.601535001
0.861017 150000000 313512 34357508 9162937 247504 160.269165 2.630593097
0.874386 150000000 315151 34144461 9211539 243386 160.504333 2.589345751
0.872199 150000000 304246 35680822 9179663 237939 161.328247 2.608024890
0.884814 150000000 303463 35280385 9162951 236193 158.156738 2.646061145
0.871455 150000000 316395 33122316 9215310 249041 160.110107 2.607784563
0.854871 150000000 305996 32826436 9162731 237848 158.065002 2.566564491
0.869532 150000000 312796 34917660 9188664 245450 160.416870 2.625133261
0.888092 150000000 309121 35676749 9227043 241612 163.990417 2.644569556
