"Validation time(S)" "Commits" "Aborts" "Val Reads" "Val success" "Val fail" "Energy (J)" "Time(S)"
0.001325 11267 6001 214211 5971 2025 0.242371 0.004179001
0.001169 11267 5568 211455 5536 1902 0.259766 0.003881931
0.001243 11267 5852 212186 5815 2022 0.247864 0.004037142
0.001167 11267 5670 208527 5504 1930 0.254211 0.004047871
0.001072 11267 5273 187398 4930 1707 0.244995 0.005924940
0.001273 11267 5954 214444 5836 2004 0.305298 0.005582094
0.001269 11267 6105 215407 6003 2230 0.253174 0.004265070
0.001261 11267 5859 212956 5895 2000 0.249878 0.005460024
0.001183 11267 5825 207546 5755 1981 0.272583 0.005209923
0.001129 11267 5275 195004 4964 1798 0.271484 0.005001068
0.001186 11267 5654 208433 5588 1919 0.239441 0.003978014
0.00119 11267 5669 209703 5621 1983 0.261902 0.005393028
0.001207 11267 5944 209956 5828 1940 0.236572 0.004152060
0.001212 11267 5740 207824 5551 1914 0.208130 0.004114866
0.001257 11267 5950 211317 5855 2048 0.279053 0.005298853
0.00124 11267 5850 210689 5697 1999 0.215210 0.003880024
0.001254 11267 5908 213820 5958 1980 0.275757 0.004523039
0.001252 11267 5816 213657 5874 2041 0.250610 0.003853083
0.001261 11267 5939 216250 5971 1957 0.279419 0.005693913
0.001228 11267 5941 213607 5849 2036 0.270325 0.005169868
0.001083 11267 5312 195786 5183 1796 0.271790 0.005263090
0.001268 11267 5804 211105 5781 1949 0.269043 0.005210876
0.001316 11267 5770 214877 5874 1951 0.244324 0.004015923
0.001214 11267 5911 217927 6013 2077 0.224487 0.003947020
0.001253 11267 5806 211491 5815 1979 0.253906 0.005735159
0.001189 11267 5857 211334 5765 2026 0.244263 0.003931046
0.001103 11267 5296 193801 5047 1710 0.252441 0.005114079
0.001253 11267 5869 214470 5890 1965 0.261169 0.003979921
0.001215 11267 5727 207986 5573 1907 0.250488 0.005491018
0.001195 11267 5795 207101 5658 1905 0.258301 0.005534887
0.001215 11267 6006 211491 5906 2048 0.247192 0.004505157
