"Validation time(S)" "Commits" "Aborts" "Val Reads" "Val success" "Val fail" "Energy (J)" "Time(S)"
0.006727 87389 6715 492412 65635 50 212.151550 3.205207825
0.006813 87389 6502 494688 66034 51 221.180908 3.297927856
0.006769 87389 6595 493646 65929 59 205.082581 3.080502033
0.006693 87389 6480 493939 65875 49 220.804932 3.337301016
0.006607 87389 6543 495266 66093 59 209.488953 3.154917002
0.006675 87389 6548 495143 66072 55 206.185791 3.141618967
0.006716 87389 6377 493236 65903 67 219.590942 3.317837954
0.006692 87389 6526 494567 66064 54 209.438354 3.147085905
0.006625 87389 6452 482720 64472 61 218.287659 3.342218161
0.006679 87389 6504 492998 65662 56 216.698303 3.297822952
0.006741 87389 6618 494266 66108 45 220.411194 3.318251133
0.006624 87389 6490 494268 65981 55 214.779358 3.276525021
0.006699 87389 6704 495597 66293 50 217.007019 3.316799879
0.006793 87389 6531 493281 65877 54 206.332581 3.157738924
0.006516 87389 6233 476904 63554 56 208.524902 3.146378994
0.006692 87389 6477 494383 66047 62 206.574036 3.148451805
0.006634 87389 6607 494379 66169 55 206.086365 3.142456055
0.006596 87389 6445 485703 64857 55 209.618103 3.153042078
0.006686 87389 6573 494681 66069 51 209.544373 3.151032925
0.006694 87389 6510 495041 65958 60 206.347412 3.146900177
0.006657 87389 6304 482680 64521 63 207.248657 3.146666050
0.006697 87389 6490 491865 65753 57 207.993591 3.145874977
0.006599 87389 6429 494034 65880 48 219.291565 3.318552971
0.006703 87389 6587 494332 66160 59 207.336914 3.150886059
0.006634 87389 6349 484609 64786 54 207.871887 3.145915031
0.006555 87389 6510 492809 65778 38 206.187622 3.155754805
0.006484 87389 6184 480027 64042 52 207.432556 3.152498007
0.0067 87389 6590 494741 66069 48 219.270874 3.308722019
0.006516 87389 6329 488214 65348 52 219.620117 3.321710110
0.006523 87389 6343 482800 64510 47 218.795349 3.316432953
0.006702 87389 6317 484670 64854 54 208.108948 3.153491020
