"Validation time(S)" "Commits" "Aborts" "Val Reads" "Val success" "Val fail" "Energy (J)" "Time(S)"
0 2738 0 0 0 0 0.759949 0.025576115
0.000176 2738 175 6859 1860 4 0.618835 0.018871069
0.00015 2738 168 7070 1925 6 0.608582 0.017390013
5.7e-05 2738 7255 2249 606 2 0.843262 0.016414165
0.000115 2738 128 4927 1344 4 0.151001 0.003740072
5.7e-05 2738 59 2471 683 3 0.158936 0.003895998
0.000205 2738 191 7141 1949 5 0.169495 0.004045010
8e-05 2738 95 3221 883 4 0.177734 0.003627062
5.1e-05 2738 39 2104 575 2 0.172729 0.004226923
0.000116 2738 95 4529 1239 2 0.145386 0.003569841
0.000189 2738 184 6948 1891 5 0.150146 0.003077984
0.000172 2738 202 7243 2007 10 0.111816 0.002822876
9.2e-05 2738 100 4191 1147 2 0.181519 0.004009008
0.000168 2738 184 7122 1946 10 0.116272 0.002624035
0.000165 2738 151 6233 1697 6 0.114929 0.002665997
0.000148 2738 154 6835 1870 3 0.115173 0.002514124
0.000169 2738 188 7203 1972 5 0.154053 0.003020048
0.000173 2738 186 6993 1935 3 0.181824 0.003548861
0.000101 2738 129 4276 1164 1 0.160645 0.004146099
0.000193 2738 169 7146 1953 3 0.157532 0.003005028
0.000103 2738 75 3535 972 1 0.131531 0.003749847
0.000171 2738 220 7281 1999 5 0.151123 0.003132105
0.000171 2738 173 7302 1999 5 0.152466 0.002811909
0.000161 2738 222 7184 1962 5 0.171021 0.004598856
0.000172 2738 180 7106 1961 6 0.165222 0.002656937
0.000149 2738 166 5992 1643 5 0.114563 0.002665997
0.000183 2738 189 7379 2005 4 0.129517 0.002549887
0.000204 2738 202 7521 2075 4 0.174133 0.003689051
0.000177 2738 167 6593 1807 7 0.126953 0.002567053
0.000173 2738 183 7285 1993 3 0.128906 0.002686977
0.000159 2738 175 6854 1873 4 0.124634 0.002537012
