"Validation time(S)" "Commits" "Aborts" "Val Reads" "Val success" "Val fail" "Energy (J)" "Time(S)"
0.007415 87389 20476 563420 68618 98 57.474976 0.895220041
0.007264 87389 20540 566652 69198 126 53.496460 0.821606874
0.007285 87389 20881 575087 70321 102 53.651611 0.831562996
0.007115 87389 20304 562848 68781 107 49.808228 0.773983002
0.007337 87389 20851 575093 70284 113 52.621277 0.817070961
0.007416 87389 21176 577241 70407 90 61.057983 0.954306841
0.007278 87389 20928 568184 69332 108 53.557922 0.826604843
0.007211 87389 20619 563039 68752 111 47.540344 0.732638836
0.007198 87389 20658 560039 68454 121 53.251221 0.823274851
0.007194 87389 20427 555070 67855 95 47.447632 0.734565020
0.007185 87389 20739 572999 69857 110 52.927246 0.815890074
0.007293 87389 21357 574285 70157 112 53.084106 0.828492880
0.007324 87389 20743 575055 70509 114 55.969482 0.874067068
0.007392 87389 21218 574474 70129 89 52.725464 0.824712992
0.0073 87389 21247 576301 70448 109 49.778931 0.773113966
0.007293 87389 21049 576621 70495 118 52.948120 0.819765091
0.007141 87389 20821 562563 68824 115 47.465759 0.732402086
0.007166 87389 20255 565752 69188 92 60.931396 0.943768978
0.007176 87389 20182 561790 68564 122 56.419495 0.875085115
0.007184 87389 19731 552668 67385 99 56.640686 0.882982016
0.007153 87389 20834 577233 70618 103 53.051697 0.820319176
0.007261 87389 21162 576276 70277 111 53.166870 0.821630001
0.007145 87389 20934 575306 70240 122 53.136169 0.820003986
0.007465 87389 21385 577401 70531 110 56.802917 0.881458044
0.007449 87389 20737 575298 70170 104 52.649292 0.824207067
0.007258 87389 21395 575974 70359 95 49.857605 0.773883820
0.007031 87389 20286 562467 68859 104 49.163452 0.761641979
0.007003 87389 20137 549899 67132 95 53.323914 0.827040911
0.007302 87389 21085 574802 70199 107 53.360718 0.826056004
0.006988 87389 19992 555568 67878 98 60.675476 0.944791079
0.007349 87389 20757 568116 69292 112 56.643799 0.881191969
