"Validation time(S)" "Commits" "Aborts" "Val Reads" "Val success" "Val fail" "Energy (J)" "Time(S)"
1.5e-05 140 40 1540 97 0 0.303223 0.005530119
9e-06 140 36 1455 93 0 0.299744 0.005789042
1.4e-05 140 37 1538 97 1 0.301147 0.005023003
9e-06 140 28 1288 84 3 0.262939 0.005201101
1.1e-05 140 35 1551 93 2 0.262146 0.005790949
1.5e-05 140 35 1548 92 2 0.340637 0.006619930
1.7e-05 140 37 1540 93 1 0.299744 0.005644798
1e-05 140 29 1426 87 1 0.302673 0.006553888
2e-05 140 36 1548 92 0 0.303223 0.005352020
1.4e-05 140 37 1609 96 3 0.304504 0.005311012
1.5e-05 140 48 1519 104 2 0.311340 0.005602837
1.6e-05 140 36 1580 93 1 0.306519 0.005326986
1e-05 140 25 1448 86 0 0.263916 0.005643845
1.4e-05 140 32 1412 93 3 0.290588 0.004951000
1.2e-05 140 35 1531 93 1 0.259338 0.004817009
1.1e-05 140 44 1491 96 1 0.308655 0.005711079
9e-06 140 40 1555 99 0 0.297668 0.005867004
8e-06 140 33 1343 88 2 0.260803 0.006220102
1.1e-05 140 33 1501 93 1 0.299744 0.005811214
1e-05 140 27 1342 87 2 0.265747 0.005673885
9e-06 140 33 1546 91 0 0.280762 0.005555868
1.3e-05 140 33 1491 91 0 0.299438 0.005197048
1.2e-05 140 31 1463 89 1 0.238098 0.005208015
1.2e-05 140 26 1453 84 0 0.228149 0.004851103
1e-05 140 33 1486 89 1 0.268860 0.005597115
7e-06 140 41 1467 97 1 0.303894 0.005590916
1.3e-05 140 42 1473 98 0 0.356567 0.007057905
1.1e-05 140 37 1652 95 4 0.291321 0.005053997
1.9e-05 140 44 1551 101 2 0.264954 0.005217791
1.4e-05 140 34 1611 96 1 0.304932 0.005295038
1.2e-05 140 42 1480 101 0 0.305054 0.005954981
