"Validation time(S)" "Commits" "Aborts" "Val Reads" "Val success" "Val fail" "Energy (J)" "Time(S)"
5.04053 100000000 6364184 1468231202 18572462 6310316 819.388794 13.235234976
4.57855 100000000 6489330 1214560641 17376946 6441689 765.693787 12.162442207
5.26538 100000000 6635116 1568577420 19435755 6567598 808.808838 13.119492054
5.25604 100000000 6420035 1616908357 19350628 6364942 822.620117 13.138400399
5.05236 100000000 6840985 1283425162 18166634 6785743 782.382935 12.469560927
4.70528 100000000 7200511 1218940219 16800651 7152676 755.020020 12.190153155
6.30436 100000000 6206853 1798868243 21046477 6164182 889.960205 14.175857626
5.06351 100000000 6398117 1536655409 19698354 6356726 810.645752 12.959720183
5.78786 100000000 6501235 1691095149 20224361 6440033 849.088928 13.560854443
5.02032 100000000 6750284 1326296031 18385469 6700413 779.386780 12.392039255
5.03975 100000000 6616802 1519645096 19118061 6569672 795.824158 12.592257005
5.76449 100000000 6464752 1635601234 20009809 6425958 857.338074 13.670903023
5.60062 100000000 6522401 1567802287 19941892 6476774 836.092834 13.214888062
