"Validation time(S)" "Commits" "Aborts" "Val Reads" "Val success" "Val fail" "Energy (J)" "Time(S)"
1.77203 400000 22122 929880064 79301 22122 358.995361 5.456330061
1.90503 400000 23315 975601095 82911 23315 342.147766 5.160184145
1.83462 400000 23539 975601398 83110 23539 345.701721 5.113159895
1.74979 400000 22838 957058098 81474 22838 352.322754 5.230041981
1.77296 400000 23819 981152600 83770 23819 334.717041 5.058440011
1.82202 400000 23863 991163542 84014 23863 339.736877 5.125837755
1.79983 400000 23941 986520119 83355 23941 336.887451 5.122097932
1.76305 400000 23737 977750363 82029 23737 339.086609 5.082488419
1.77656 400000 23942 988877504 84238 23942 335.517456 5.074602232
1.79797 400000 23373 994106454 83331 23373 344.982666 5.197819958
1.78777 400000 24335 985821171 84042 24334 341.652100 5.085504206
1.77593 400000 23802 976429643 83085 23802 338.719727 5.042375004
1.7713 400000 23602 988018761 84181 23602 337.067688 5.062109707
1.78012 400000 23871 984398548 83906 23870 341.030518 5.111059443
