"Validation time(S)" "Commits" "Aborts" "Val Reads" "Val success" "Val fail" "Energy (J)" "Time(S)"
1.17913 15000000 2716848 279715945 7317059 291730 126.022400 2.055814981
1.1835 15000000 2717762 279097661 7319922 289268 124.902161 2.055510998
1.18034 15000000 2651773 279055346 7336051 283062 123.392700 2.032869816
1.17641 15000000 2684097 279587055 7313402 290413 124.018494 2.039846897
1.17957 15000000 2705894 279246058 7322753 291095 124.753540 2.052048206
1.17718 15000000 2695393 278853918 7321232 289653 124.760071 2.046396971
1.18173 15000000 2690718 279973307 7330447 289602 124.698059 2.042673111
1.18384 15000000 2690308 278591577 7309335 287885 124.253174 2.043728113
1.17869 15000000 2680330 278672306 7310604 285996 123.778503 2.038944960
1.18149 15000000 2666201 279908082 7345407 285065 123.801697 2.041481972
1.17774 15000000 2699282 278740751 7307949 289529 125.200195 2.049556971
1.18034 15000000 2702119 279237623 7321674 291096 124.373657 2.050794125
1.17916 15000000 2720552 279081370 7315809 288851 125.574951 2.060575008
1.17456 15000000 2688984 278271279 7310523 285934 123.910889 2.045004845
1.17807 15000000 2707433 278695025 7313042 288387 125.058716 2.045923948
1.18358 15000000 2712686 279887572 7334982 289955 125.710754 2.056938171
1.18079 15000000 2696201 279154753 7328967 287835 125.228943 2.045104027
1.17887 15000000 2694369 278870751 7314867 286319 124.558411 2.046970129
1.18207 15000000 2717128 278888454 7315125 290667 125.948975 2.048722029
1.1803 15000000 2693367 278875851 7328957 290957 125.254517 2.043351173
1.21442 15000000 1938768 265155729 6985932 185762 141.672852 2.409978036
1.15872 15000000 3069758 275469807 7210482 287877 134.066040 2.200596327
1.15129 15000000 3073847 276180773 7246922 280994 134.015686 2.186847291
1.14656 15000000 3039016 275170565 7239704 276258 133.161682 2.172493172
1.15287 15000000 3060392 276819592 7242911 280767 133.453369 2.180604803
1.1452 15000000 3058441 274845109 7233848 279047 132.610596 2.178700120
1.1495 15000000 3062691 275709580 7227242 281318 133.522827 2.180737955
1.14848 15000000 3050977 275890896 7250251 278034 133.227661 2.177925448
1.14636 15000000 3052364 275338724 7242615 278122 132.613281 2.178346423
1.14811 15000000 3050367 275279885 7237374 278704 132.931030 2.172937405
1.14648 15000000 3040135 275332900 7240586 276813 132.406006 2.169861277
1.14903 15000000 3060453 275614210 7237260 279351 132.329041 2.182523226
