"Validation time(S)" "Commits" "Aborts" "Val Reads" "Val success" "Val fail" "Energy (J)" "Time(S)"
0.18215 25000000 1077170 43443455 1110653 29276 168.667847 2.852251053
0.182875 25000000 1082622 43338776 1107319 29289 170.436096 2.832904100
0.179814 25000000 1077872 43237796 1105478 29776 169.292542 2.847604036
0.181161 25000000 1073898 43493797 1110254 29754 169.488342 2.841489077
0.181977 25000000 1072962 43324415 1105086 29534 170.056885 2.841050863
0.183324 25000000 1075970 43346024 1107181 29663 169.499939 2.847949982
0.180739 25000000 1071978 43343548 1106130 29428 168.342224 2.837174892
0.180527 25000000 1075622 43351757 1107957 29270 170.061584 2.850628138
0.179861 25000000 1074906 43648786 1108874 29804 169.782715 2.851971865
0.181424 25000000 1077153 43642277 1110415 29735 169.252991 2.843408108
0.183102 25000000 1073197 43414114 1109777 29641 170.347595 2.844012022
0.18152 25000000 1080577 43392613 1107893 29614 168.244385 2.847287178
0.18066 25000000 1074960 43324322 1105367 29387 168.128479 2.843861103
0.182372 25000000 1073984 43509325 1111112 29282 168.399475 2.846064091
0.184044 25000000 1070071 43535601 1110269 29378 167.991089 2.850380898
0.181924 25000000 1081037 43549459 1112229 30085 168.531799 2.847589970
0.182951 25000000 1078107 43503367 1110490 29618 167.190979 2.842715979
0.182104 25000000 1075013 43425572 1107738 29441 169.959839 2.854961872
0.179583 25000000 1073627 43181119 1102133 28953 170.582092 2.845028162
0.183331 25000000 1069923 43362589 1106306 29742 170.164062 2.841963053
0.137848 25000000 424291 27071331 682545 12254 213.405823 3.700668415
0.161467 25000000 927569 39765080 1013109 26545 175.613831 2.974342154
0.176952 25000000 1054357 44373967 1128676 28621 170.654236 2.831590396
0.176574 25000000 1053298 44109322 1126894 28898 170.191650 2.841297612
0.178396 25000000 1054296 44398459 1134527 29277 170.509827 2.838617066
0.176725 25000000 1051326 44173731 1127091 28972 169.931396 2.839698914
0.176673 25000000 1054338 44154940 1127451 28442 172.415161 2.849890039
0.17588 25000000 1046545 43962215 1123429 28898 170.854492 2.840119952
0.177219 25000000 1050719 44171260 1128455 28765 170.218323 2.840839864
0.177049 25000000 1053624 44270426 1130154 29163 169.683105 2.834485634
0.176282 25000000 1051133 44045314 1124599 28689 170.593323 2.836897228
0.177065 25000000 1051431 44197638 1128378 28849 170.103088 2.821205124
