"Validation time(S)" "Commits" "Aborts" "Val Reads" "Val success" "Val fail" "Energy (J)" "Time(S)"
0.009521 18640 1041689 1261457 1260 217 280.520203 5.091000000
0.009514 19907 1264272 1222381 1293 250 277.437683 5.098000000
0.010673 20529 1178886 1452207 1475 320 275.915039 5.070000000
0.00714 20588 1347379 1097445 1352 331 276.985229 5.093000000
0.007794 21235 1254833 1088545 1325 309 278.109070 5.080000000
0.006672 20425 1275465 1007625 1289 292 276.260620 5.091000000
0.008599 20929 1217147 1226589 1452 296 277.818298 5.095000000
0.012419 21608 1179729 1610400 1496 271 278.022339 5.090000000
0.007745 21428 1208805 1185514 1324 326 278.021118 5.085000000
0.007592 21104 1214910 1117259 1455 326 279.840759 5.095000000
0.009451 19481 1359505 1320436 1377 230 276.706665 5.091000000
0.007552 20873 1268401 1165971 1426 343 278.578796 5.106000000
0.012174 21510 1222568 1622176 1548 313 278.108276 5.086000000
0.010565 21265 1285365 1376397 1349 296 277.976074 5.091000000
0.008485 21199 1156844 1249623 1464 342 279.083984 5.094000000
0.009121 20356 1300216 1273311 1306 319 276.012268 5.093000000
0.006455 21585 1250377 1018155 1371 304 280.658997 5.100000000
0.010346 21593 1195996 1438239 1458 281 278.358459 5.074000000
0.012888 21562 1194964 1691157 1634 301 281.242432 5.116000000
0.009371 19874 1298963 1306158 1307 242 276.267029 5.082000000
0.008716 21012 1247162 1242858 1362 285 277.066101 5.102000000
