"Validation time(S)" "Commits" "Aborts" "Val Reads" "Val success" "Val fail" "Energy (J)" "Time(S)"
0.009642 85 3468122 1277279 69 26 429.580200 8.769000000
0.018443 128 3467776 2429659 90 41 503.300232 10.356000000
0.020877 100 4397270 2768847 32 67 548.501038 10.529000000
0.006178 121 3241837 778288 74 35 475.539001 10.002000000
0.007791 96 2218607 903819 75 32 382.954773 7.455000000
0.013344 100 3094659 1785401 76 32 420.847534 8.609000000
0.030576 85 3151867 4219444 60 30 425.124329 9.190000000
0.007116 95 3812353 912919 63 32 453.432129 9.310000000
0.036513 110 3459275 5413493 76 36 469.874329 9.786000000
0.006426 96 3345400 813406 76 33 410.417175 8.545000000
0.006606 92 3217896 823430 63 25 437.697083 9.198000000
0.00673 96 3305890 788428 68 33 455.924072 9.443000000
0.017323 92 3033569 2081280 64 30 432.588623 9.049000000
0.012483 119 3372680 1675243 76 29 495.785156 10.077000000
0.037352 96 3146928 4775553 75 25 485.608704 9.614000000
0.013434 92 3168714 1878584 64 39 464.572266 9.870000000
0.025806 92 3014982 3284095 56 37 420.009521 9.037000000
0.016091 92 3308392 2026924 64 27 498.302917 10.155000000
0.013792 92 3048638 1805957 67 33 388.698608 7.683000000
0.016745 96 3460903 2249172 71 36 451.658569 9.549000000
