"Validation time(S)" "Commits" "Aborts" "Val Reads" "Val success" "Val fail" "Energy (J)" "Time(S)"
0.007812 120 3930512 927916 70 38 484.829834 9.394000000
0.007653 92 3099033 968154 59 27 442.309082 9.405000000
0.01615 96 3351564 2182693 75 34 456.513489 9.727000000
0.024839 85 2909908 3331301 71 19 410.542725 8.948000000
0.018473 96 3242126 2322345 74 31 443.027588 9.330000000
0.010922 120 3494436 1384784 82 33 522.687073 10.107000000
0.017862 121 3655821 2290857 75 34 536.353943 10.565000000
0.012632 92 3649816 1620402 63 27 456.631592 9.347000000
0.008509 95 4127103 1107764 58 32 467.725952 9.340000000
0.013044 92 3426011 1614841 60 32 504.294495 10.217000000
0.004011 96 3559604 508422 78 28 461.905334 9.129000000
0.008312 92 3135885 1007249 62 29 417.661438 9.082000000
0.030495 87 3089368 4178565 71 28 456.479370 9.156000000
0.010696 85 2904504 1341325 60 29 416.690247 9.038000000
0.010847 87 3300662 1319590 64 32 494.386902 10.042000000
0.029932 85 3279222 3967480 59 25 457.504395 9.463000000
0.013315 83 3125298 1615216 63 28 423.453369 9.019000000
0.005337 92 3126637 674022 59 31 442.811279 9.006000000
0.005141 96 3335558 647079 64 28 468.500244 9.641000000
0.006984 71 3066274 908546 60 21 411.954773 8.920000000
