"Validation time(S)" "Commits" "Aborts" "Val Reads" "Val success" "Val fail" "Energy (J)" "Time(S)"
0.036631 87 2617363 4691268 66 24 484.437073 10.301000000
0.002716 71 3203515 345047 48 24 421.906006 9.175000000
0.006216 87 3716194 807142 60 27 461.793884 9.228000000
0.024123 120 3672942 3088408 76 34 466.333801 9.514000000
0.004619 96 3399102 562762 71 31 452.364929 9.426000000
0.00947 100 3318388 1256505 76 32 434.982178 9.014000000
0.028802 85 3175195 3924181 59 27 453.547424 9.725000000
0.030028 100 2987014 4155387 79 31 423.859253 9.279000000
0.006283 96 3997502 826886 77 34 506.229858 10.591000000
0.008025 96 3002134 881581 71 32 419.246155 9.095000000
0.012037 94 3215662 1585284 64 29 403.523376 8.442000000
0.009254 94 2695722 1069972 67 31 415.728210 8.918000000
0.004701 127 3078473 565200 96 34 404.194397 7.886000000
0.020278 100 3515274 3107663 66 33 421.401428 8.830000000
0.012599 83 3438633 1637311 68 21 437.685486 9.102000000
0.030341 85 3265991 4122632 69 25 419.161804 9.140000000
0.035317 85 3183386 4855575 57 32 441.468567 9.344000000
0.012507 83 3388313 1710449 58 30 451.390869 9.411000000
0.01058 83 3223751 1339650 60 31 415.717224 8.654000000
0.05396 85 3270312 8034728 67 36 516.071289 10.382000000
