"Validation time(S)" "Commits" "Aborts" "Val Reads" "Val success" "Val fail" "Energy (J)" "Time(S)"
10.2258 50000000 9808204 1720835870 45189105 9486180 512.088074 8.224655867
10.683 50000000 8888124 1839941966 45681312 8518349 509.096375 8.197617769
10.5638 50000000 9777989 1813400569 45689794 9418224 518.999146 8.370387077
10.1903 50000000 9261353 1759756936 45542003 8916266 515.454285 8.088260516
10.451 50000000 9847850 1811209928 45538115 9504597 525.646179 8.463295644
9.96716 50000000 7841893 1692590069 45572419 7511392 481.322205 7.567971633
9.72911 50000000 9278985 1577424866 45049458 8975329 492.088135 7.759154161
10.4215 50000000 9722822 1856724070 45736248 9385488 514.410828 8.279325511
9.51388 50000000 8477888 1548792714 45216870 8160175 470.081055 7.468970000
9.4919 50000000 7940346 1522041671 45189146 7612501 462.689575 7.281311591
10.2598 50000000 9367048 1782608546 45425933 9027001 518.781433 8.159809235
9.62049 50000000 8713430 1603587166 45222918 8374283 485.776306 7.629206505
10.1435 50000000 8978212 1770501041 45653475 8596629 499.675232 8.042742341
9.78143 50000000 7546239 1651404445 45431007 7197359 468.221008 7.381423063
10.6979 50000000 8802490 1935155192 45859485 8455429 524.270630 8.260464553
10.8546 50000000 10305204 1949841606 45681643 9974522 550.351868 8.710074745
10.7389 50000000 11114831 1923149754 45557336 10784520 555.731995 8.989895563
10.0216 50000000 8863667 1704455534 45399015 8504840 490.289246 7.883588100
10.0411 50000000 9980998 1715834510 45234010 9585098 526.176941 8.323433755
10.2782 50000000 8167714 1852501564 45745238 7826650 493.623108 7.842981689
