"Validation time(S)" "Commits" "Aborts" "Val Reads" "Val success" "Val fail" "Energy (J)" "Time(S)"
6.05293 750000 95583 2348154156 654361 95578 321.570984 4.724847078
6.10241 750000 97871 2376324557 659141 97860 324.404846 4.771847010
6.06149 750000 96544 2360939092 660307 96540 319.634888 4.731926918
6.06932 750000 97298 2367868080 660411 97296 324.114258 4.802517869
6.07311 750000 96748 2372019722 658459 96744 323.866455 4.773784524
6.12619 750000 95587 2355945408 654348 95583 330.503601 4.883933583
6.16305 750000 96194 2388942681 659430 96182 326.872314 4.792365337
6.1692 750000 96693 2395095719 660272 96686 329.223816 4.806033135
6.07542 750000 96399 2373770849 660317 96395 323.297302 4.777186583
6.01487 750000 98470 2356212798 661346 98463 322.484985 4.698985539
5.99277 750000 96480 2342432859 656816 96473 316.803955 4.675632370
6.03438 750000 95022 2338086496 659797 95019 318.660767 4.705511156
5.86792 750000 96507 2292721107 657582 96504 307.108521 4.533872103
6.01016 750000 96499 2345221448 663169 96494 318.343262 4.723065850
6.24482 750000 97736 2415991942 661680 97731 330.052307 4.889250423
6.05945 750000 97660 2363238828 661873 97654 321.377197 4.776441603
6.11255 750000 97750 2367899294 661450 97729 323.768494 4.807377511
6.10414 750000 94034 2370820555 659055 94032 321.213989 4.743617554
6.06709 750000 95556 2357609243 656819 95554 321.519714 4.714338042
6.02092 750000 94758 2345030785 656427 94755 319.382996 4.735057275
