"Validation time(S)" "Commits" "Aborts" "Val Reads" "Val success" "Val fail" "Energy (J)" "Time(S)"
0.540521 1000000 2104 208247378 56783 2104 293.127380 4.547584057
0.530671 1000000 2274 207203848 56245 2274 293.869019 4.474088192
0.512026 1000000 2027 199596821 55092 2027 287.277954 4.388771057
0.526345 1000000 2169 209215223 57175 2169 293.326538 4.478742695
0.536036 1000000 2125 213055035 57041 2124 298.060608 4.544364966
0.515015 1000000 2128 202848970 55443 2128 290.180298 4.431409189
0.530953 1000000 2099 208869077 56459 2098 294.415833 4.487031407
0.514996 1000000 2213 204276302 56209 2213 286.809509 4.359638482
0.521921 1000000 2171 205563364 56220 2171 288.680725 4.391641056
0.524537 1000000 2160 207244446 56536 2160 293.084961 4.472959246
0.52887 1000000 2135 207332023 56173 2135 297.800049 4.536115879
0.525407 1000000 2039 205417353 56823 2039 288.920654 4.397139918
0.534296 1000000 2075 210882854 57440 2073 293.262878 4.554912766
0.53644 1000000 2140 210126420 56775 2140 291.495911 4.528699972
0.527228 1000000 2186 209083793 57125 2185 292.193542 4.450576050
0.5303 1000000 2100 209111343 56617 2100 293.357300 4.477281098
0.526055 1000000 2144 208765004 56661 2144 294.149902 4.501114852
0.527901 1000000 2081 208461347 56347 2081 296.335388 4.534705783
0.527464 1000000 2157 209089212 56698 2157 289.663696 4.411994193
0.529658 1000000 2249 210315985 57133 2249 291.723572 4.443556009
