"Validation time(S)" "Commits" "Aborts" "Val Reads" "Val success" "Val fail" "Energy (J)" "Time(S)"
1.14777 80000000 566994 185137388 5548097 556204 298.466125 4.599061966
1.10273 80000000 600302 176033435 5411402 588261 290.288635 4.491403103
1.1057 80000000 530504 176495961 5475983 519490 283.739014 4.358580112
1.14822 80000000 543209 201157615 5576143 532848 298.871094 4.619106257
1.16664 80000000 627311 207731285 5686699 616804 304.644348 4.697234056
1.23369 80000000 666608 233765535 5941902 656782 318.499573 4.902850128
1.12953 80000000 548188 193744429 5546488 536790 293.437073 4.518214487
1.06688 80000000 574956 173075665 5494056 562885 272.841675 4.213686929
1.13389 80000000 572481 198917721 5593790 561498 294.518127 4.519441504
1.13321 80000000 588731 197357657 5540207 578405 300.383545 4.644958584
1.20134 80000000 655390 213982123 5733123 643990 310.393982 4.784610287
1.11446 80000000 576885 189341479 5550649 565991 289.784485 4.479954277
1.13478 80000000 559167 196393546 5595349 548560 294.545166 4.528455905
1.14554 80000000 632964 193272674 5615080 622058 296.419067 4.578493555
1.2042 80000000 617557 211818041 5680189 606032 309.357605 4.819419861
1.19955 80000000 596957 222417510 5715050 586356 315.203064 4.865066243
1.17513 80000000 527381 209923302 5625624 516514 308.005554 4.755250019
1.17527 80000000 614876 206369356 5652869 603520 300.014160 4.633443844
1.17528 80000000 590828 206326747 5724444 580231 299.418884 4.627392937
1.16041 80000000 589574 200235486 5594235 579047 300.963440 4.646913350
