"Validation time(S)" "Commits" "Aborts" "Val Reads" "Val success" "Val fail" "Energy (J)" "Time(S)"
0.681056 1000000 4188443 204920499 1648279 334399 394.122681 6.696477175
0.677298 1000000 4190226 204730951 1646193 334308 393.453613 6.699557066
0.67996 1000000 4193762 204942945 1646582 335064 393.040222 6.703992128
0.681317 1000000 4181939 204801292 1646046 334744 397.050354 6.687964916
0.679816 1000000 4190192 204689495 1645664 333525 397.154724 6.691277981
0.681952 1000000 4189255 204730834 1645267 334585 391.411499 6.692275047
0.679723 1000000 4185864 204765531 1646857 334911 392.547974 6.698293924
0.680183 1000000 4186818 204970474 1646727 335159 385.982666 6.695712805
0.682164 1000000 4192032 204770478 1645853 335115 396.294434 6.700681925
0.68157 1000000 4191629 204967197 1648893 334820 390.765320 6.700329065
0.6781 1000000 4186320 204707556 1646930 334576 391.639954 6.697001934
0.680023 1000000 4185984 204748765 1646721 334463 394.626770 6.693320036
0.681809 1000000 4189518 204900320 1648253 334896 392.010864 6.694076061
0.678869 1000000 4179876 204714486 1646282 333791 390.876099 6.685673952
0.678317 1000000 4184935 204781329 1646514 334644 393.721497 6.688071966
0.678841 1000000 4181337 204935959 1648065 333993 395.185852 6.688964128
0.679952 1000000 4191794 204683096 1646070 334164 393.193970 6.704782009
0.679064 1000000 4190730 204787931 1646853 334185 396.259277 6.697531939
0.681738 1000000 4191619 204848892 1646652 334701 395.236206 6.696718931
0.6793 1000000 4184352 204720304 1646293 334055 394.036072 6.692285061
0.68171 1000000 4186274 204828935 1646414 334726 397.908691 6.704656239
0.681926 1000000 4180779 204750945 1646664 333885 396.226868 6.697673052
0.681676 1000000 4187029 204845959 1648439 334095 396.535034 6.701705095
0.68164 1000000 4184384 204876610 1646798 335183 396.339294 6.697916121
0.682332 1000000 4184268 204863029 1646860 334623 396.359558 6.703800200
0.681258 1000000 4186254 204872255 1646064 335094 399.124634 6.701547147
0.681034 1000000 4183498 204852664 1646241 334783 395.979309 6.698856323
0.681181 1000000 4191267 204859817 1646691 335004 397.844788 6.701648711
0.682005 1000000 4179257 204739950 1648083 333202 399.201050 6.693870512
0.680934 1000000 4185132 204727042 1645822 334637 396.741760 6.709889690
