"Validation time(S)" "Commits" "Aborts" "Val Reads" "Val success" "Val fail" "Energy (J)" "Time(S)"
0.006609 10000 41591 2027985 16164 3321 3.923462 0.069622993
0.006753 10000 40774 2032209 16399 3197 3.916992 0.069154024
0.006812 10000 41018 2034768 16401 3305 3.901733 0.067792177
0.006737 10000 41453 2027835 16225 3350 3.956665 0.069845915
0.006762 10000 41209 2027239 16237 3281 3.923157 0.068248034
0.006606 10000 41858 1993364 16055 3300 3.998474 0.070087910
0.006603 10000 41227 2038267 16336 3291 3.927734 0.067841053
0.006706 10000 41733 2024505 16235 3340 3.948303 0.068640947
0.006624 10000 41353 2022782 16047 3305 3.959961 0.068477869
0.006684 10000 41391 2027636 16322 3299 4.023254 0.070921898
0.006705 10000 41443 2026020 16242 3355 3.956116 0.068083048
0.006672 10000 41314 2038685 16369 3372 3.938049 0.067985058
0.006709 10000 41621 2031416 16276 3370 3.986877 0.069316864
0.006688 10000 41616 2038932 16199 3406 3.959717 0.068380833
0.006661 10000 41525 2034510 16239 3347 3.970642 0.068464041
0.006616 10000 40940 2032135 16336 3222 3.927185 0.067169905
0.006783 10000 40762 2041644 16223 3418 4.028137 0.072168827
0.006766 10000 41309 2040863 16420 3335 3.971375 0.069511175
0.006608 10000 41276 2014556 16189 3305 3.956360 0.068534851
0.006553 10000 41330 2021908 16244 3286 3.904114 0.068207979
0.00677 10000 41428 2035407 16252 3315 3.979553 0.069153102
0.006692 10000 41293 2013803 16131 3330 3.969604 0.068499520
0.006693 10000 41178 2015136 16199 3213 4.003784 0.069034175
0.00676 10000 41069 2031244 16302 3330 3.958008 0.067932049
0.006732 10000 40567 2027522 16443 3211 3.943115 0.068083963
0.006729 10000 41288 2025557 16351 3304 3.992920 0.069204888
0.006691 10000 40772 2016167 16214 3255 3.907776 0.067748341
0.006736 10000 41513 2024382 16359 3366 3.919678 0.068786405
0.006677 10000 40890 2009576 16162 3278 3.980896 0.069249412
0.006703 10000 40686 2015690 16324 3266 3.977356 0.067400097
