"Validation time(S)" "Commits" "Aborts" "Val Reads" "Val success" "Val fail" "Energy (J)" "Time(S)"
12.3281 49797349 73038 5326244142 293645 57048 3895.524353 60.637020190
14.3668 50257528 96221 6296607203 336125 76038 3907.130676 60.639217301
14.9451 50067978 95744 6556544445 340839 78013 3846.297607 60.633081512
0.012264 25281037 67 4794357 124 34 4017.626160 60.638244016
0.156401 39707630 629 64904513 9816 532 3983.309265 60.632053136
0.139604 40485332 479 58598444 12184 221 3989.580627 60.634833867
13.4812 49704594 83365 5885250202 317476 64134 3884.195801 60.638977498
13.8863 50853209 85244 6029203090 334842 64046 3843.708313 60.656345981
13.7841 49055520 95921 6018719424 320370 77554 3842.809448 60.636525871
12.99 51158033 76732 5615462459 322803 56777 3869.156494 60.640776168
14.4801 50247360 87716 6276803633 336875 67625 3832.118713 60.640367544
15.2584 50346809 97041 6735337989 347759 78360 3848.191345 60.635734688
14.1474 50411652 82757 6164606892 329888 65295 3848.606873 60.632774673
12.613 49477794 90536 5624178766 307743 73723 3871.480530 60.636979924
0.235921 44695438 563 102401162 14794 312 3935.442688 60.637233748
14.037 50570495 88915 6212126868 339104 70151 3838.431213 60.634432405
13.6447 48887901 85507 5999109405 311827 68866 3850.163818 60.637114481
15.5462 49415132 101885 6887326156 347884 82568 3856.935120 60.659767204
13.9449 50133333 92034 6121559247 332349 74069 3826.670593 60.648033182
15.2505 49841361 104912 6735247321 345898 87786 3857.040222 60.637318194
13.4202 49040538 89007 5946903785 311555 73271 3862.544739 60.634938410
14.9324 50423376 92997 6643533552 345431 74564 3870.354492 60.636569699
