"Validation time(S)" "Commits" "Aborts" "Val Reads" "Val success" "Val fail" "Energy (J)" "Time(S)"
27.3148 4529419 179397 12797091862 751463 121120 4065.002625 60.639419085
27.8952 4552337 178963 13136633486 762125 120261 4060.399780 60.636456167
26.4686 4592323 183076 12431025178 750252 119987 4030.407715 60.640921003
27.4346 4590723 179018 12901663048 755574 117775 4019.346680 60.634101228
28.8904 4421440 200891 13503349072 770105 144291 4010.956482 60.631486117
27.9245 4526697 181644 13028016569 762816 124606 4042.137390 60.633897646
39.1948 4795283 360343 20547157976 958225 209474 4101.130066 60.640593790
28.6388 4439452 202602 13548604536 773030 144713 4029.589050 60.638800428
28.8635 4443664 203241 13649087507 780093 147336 4038.654846 60.637686374
39.5485 4769066 343409 20695720723 947269 194581 4091.384460 60.636456026
39.2324 4781543 348542 20860789514 947027 197313 4043.406982 60.636725758
29.0332 4423693 200452 13827561702 775279 142118 4013.898193 60.639476406
39.5285 4717227 344063 20708633333 938108 192567 4042.391357 60.637642262
27.611 4460449 184554 12916860070 750740 127581 3987.386292 60.638735996
27.3618 4469715 197137 13033226172 763397 141939 3997.891174 60.636704924
27.4525 4440524 186501 12851744184 747630 128505 3987.155273 60.634903621
27.5984 4486918 188996 13069111098 754485 126986 3976.440247 60.637210832
39.0393 4779024 350827 20719053382 957523 199493 4078.210876 60.636287921
26.6834 4531314 183125 12710627072 752143 121890 3971.080811 60.640320820
38.831 4788463 341666 20426769323 951274 193150 4070.259888 60.636223590
