"Validation time(S)" "Commits" "Aborts" "Val Reads" "Val success" "Val fail" "Energy (J)" "Time(S)"
61.2779 10855960 10555024 30055064876 11959231 711245 4023.744446 60.656706677
62.0863 11230235 9813581 30285994319 12242871 685586 3966.402710 60.644897396
61.4391 10893660 10498552 30116424213 11995184 717649 3977.040710 60.633221116
61.6043 10875356 10436872 30199187031 11961189 695277 3998.867920 60.638786548
62.4376 11099394 9718767 30501961109 12080892 673917 3960.783875 60.639777467
62.8272 10924572 9676392 30722314622 11914760 661715 4000.761963 60.635658961
62.3303 11181380 9771078 30409469288 12172725 664666 3984.648071 60.633392114
61.4291 10900825 10568467 30133047166 12015158 701616 3978.571838 60.636248544
62.4276 11156582 9706336 30469034009 12138435 667390 4004.403809 60.633033969
56.3287 7448824 12823329 29768762113 8854258 1014399 4016.818237 60.665381351
52.6959 8005181 16892564 27260370032 9885761 942150 4001.251221 60.633104835
62.6414 11093563 9650515 30594367414 12067876 659705 4003.699219 60.638844262
55.6578 11160690 9887740 30877075347 12232179 687219 3961.282593 60.636866468
55.523 11234552 9916649 30815128150 12291591 709605 3963.684631 60.637227313
54.7237 10985429 10607810 30415061558 12140387 705248 3979.290588 60.635288134
55.7459 11074577 9815641 30983912501 12131632 674558 3966.017944 60.633198715
54.922 10995505 10493835 30531921505 12123922 700976 3981.804138 60.638301635
52.1317 7321320 13280976 30126753602 8809698 1011720 3984.722046 60.636871722
47.4262 8035378 17350244 27309829697 9990924 976801 3966.083008 60.636930953
55.5515 11213354 9948252 30786993439 12294260 695678 3962.165710 60.639192377
54.6988 11028757 10616798 30386610935 12193326 725234 3968.465210 60.635674069
55.7296 11100067 9909284 30976752179 12173428 693384 4003.300598 60.638882969
