"Validation time(S)" "Commits" "Aborts" "Val Reads" "Val success" "Val fail" "Energy (J)" "Time(S)"
0.00342 4096 8 1546429 4084 7 0.370117 0.007642984
0.003409 4096 12 1563458 4113 7 0.351318 0.007480145
0.003431 4096 14 1578455 4142 6 0.372681 0.008469105
0.003392 4096 10 1566944 4115 5 0.353455 0.007896900
0.003422 4096 9 1558929 4107 5 0.357178 0.007555962
0.003354 4096 13 1550727 4080 8 0.375427 0.008694887
0.003476 4096 22 1567287 4120 10 0.343933 0.007812977
0.003441 4096 18 1565214 4120 11 0.391541 0.008367777
0.003442 4096 11 1568128 4122 7 0.388000 0.008460999
0.00344 4096 15 1559545 4106 8 0.342346 0.006263018
0.003437 4096 11 1569872 4122 1 0.323608 0.006505966
0.00348 4096 16 1569260 4130 9 0.379395 0.007460833
0.003455 4096 10 1556458 4103 6 0.398193 0.008382082
0.003402 4096 5 1550787 4081 3 0.396118 0.008293867
0.003421 4096 16 1565146 4114 5 0.361084 0.009382963
0.003468 4096 13 1563184 4116 5 0.364502 0.007843971
0.003498 4096 20 1586106 4162 7 0.387512 0.008203030
0.003444 4096 23 1581470 4152 8 0.392212 0.007938147
0.003481 4096 19 1557997 4098 8 0.353333 0.006541014
0.003402 4096 15 1578288 4142 8 0.359070 0.007035971
0.003468 4096 7 1581615 4154 6 0.334412 0.006365061
0.003438 4096 15 1565844 4113 7 0.367493 0.007081032
0.003554 4096 26 1608890 4191 11 0.333984 0.006333113
0.003436 4096 24 1571554 4124 10 0.429626 0.009930134
0.003484 4096 10 1571196 4125 3 0.382996 0.006543875
0.003447 4096 21 1583568 4146 11 0.399170 0.007659197
0.003454 4096 7 1556517 4099 3 0.330566 0.006481886
0.003474 4096 11 1564573 4110 5 0.337524 0.006720066
0.003408 4096 13 1558352 4097 9 0.352173 0.006360054
0.003428 4096 17 1549890 4078 9 0.414368 0.008805990
0.003445 4096 16 1557321 4098 11 0.353638 0.007556915
