"Validation time(S)" "Commits" "Aborts" "Val Reads" "Val success" "Val fail" "Energy (J)" "Time(S)"
0.002028 4096 0 791712 4064 0 0.185913 0.004142046
0.001999 4096 3 794766 4072 3 0.188293 0.005769014
0.002029 4096 1 792994 4068 0 0.177307 0.004486084
0.001987 4096 0 784461 4024 0 0.162109 0.003499985
0.002054 4096 2 791985 4063 0 0.117737 0.002645969
0.001992 4096 4 799842 4095 3 0.179810 0.003868103
0.002084 4096 7 805901 4116 7 0.158997 0.003005028
0.002053 4096 1 793928 4072 0 0.161072 0.003487825
0.001958 4096 1 792728 4072 1 0.135559 0.003637075
0.001993 4096 1 795061 4083 0 0.170654 0.002915859
0.002012 4096 5 795885 4083 3 0.120544 0.002822161
0.002065 4096 2 795490 4084 2 0.160217 0.005064011
0.002065 4096 2 795792 4081 1 0.124084 0.002704144
0.002061 4096 1 797981 4087 0 0.157166 0.003513813
0.002111 4096 5 799240 4091 4 0.162659 0.003028154
0.002119 4096 2 798367 4094 1 0.133911 0.002789021
0.00206 4096 0 796751 4082 0 0.147522 0.003765106
0.002055 4096 6 802635 4105 3 0.164368 0.002671957
0.002037 4096 3 795471 4078 3 0.183960 0.003828049
0.002001 4096 0 795510 4082 0 0.115356 0.003009081
0.002029 4096 4 801409 4102 3 0.114014 0.002808094
0.002037 4096 5 802509 4101 3 0.124207 0.002689123
0.002117 4096 6 803993 4110 5 0.148438 0.004863977
0.002108 4096 2 795874 4082 2 0.166077 0.004188061
0.002066 4096 7 798133 4086 6 0.156677 0.003584862
0.002082 4096 7 810605 4134 4 0.116943 0.002733946
0.002088 4096 6 804115 4108 5 0.116455 0.002676010
0.00204 4096 1 796341 4083 1 0.207397 0.004777908
0.002065 4096 2 802260 4112 0 0.110901 0.002767086
0.001989 4096 3 795370 4075 2 0.170898 0.004692078
0.002061 4096 4 796697 4088 3 0.124817 0.002832890
