"Validation time(S)" "Commits" "Aborts" "Val Reads" "Val success" "Val fail" "Energy (J)" "Time(S)"
3.70417 4194304 2889 1617940256 4122523 2714 266.725525 4.571866035
3.70212 4194304 3273 1618919557 4124671 3135 268.217285 4.565097809
3.70335 4194304 3191 1617574070 4121185 3005 266.528748 4.574417114
3.7056 4194304 3474 1617773335 4121968 3347 268.268921 4.579696178
3.69704 4194304 3157 1617444694 4121376 2972 264.446167 4.552186012
3.70116 4194304 3122 1617860763 4122309 2880 265.377991 4.557970047
3.69708 4194304 3367 1617562986 4121813 3171 265.979431 4.557165861
3.69147 4194304 3034 1617299501 4120954 2876 264.431030 4.561350107
3.70066 4194304 3140 1617588034 4121782 3008 266.522644 4.552580118
3.69914 4194304 3263 1618543067 4124004 3117 265.385986 4.551104069
3.69691 4194304 3042 1616869050 4120130 2879 266.466614 4.557419062
3.69306 4194304 3265 1617187171 4120931 3120 266.950195 4.555648804
3.7028 4194304 2828 1618007591 4122774 2544 265.442566 4.561071873
3.69781 4194304 3722 1617874968 4122329 3584 263.401184 4.540977955
3.69672 4194304 4037 1618717886 4124236 3861 264.221436 4.545212030
3.69765 4194304 3062 1617512968 4121583 2890 265.706177 4.550134897
3.69589 4194304 3193 1617188774 4120715 3006 266.822876 4.565973997
3.69328 4194304 3312 1617642137 4122043 3156 265.074158 4.555502892
3.69766 4194304 3467 1617743801 4122085 3293 264.015808 4.551587105
3.69604 4194304 3411 1617771697 4122330 3266 266.461487 4.556017160
3.69764 4194304 3796 1618009996 4122737 3631 265.473145 4.550462961
3.69806 4194304 3059 1617852477 4122663 2914 264.084412 4.565402985
3.69407 4194304 3125 1618727781 4124464 2969 263.444336 4.545970917
3.69271 4194304 3031 1617246067 4120991 2888 264.937134 4.556403160
3.6987 4194304 3411 1617545515 4121829 3279 264.918640 4.551944017
3.69391 4194304 3010 1616024279 4117635 2848 267.178894 4.625379086
3.69194 4194304 3661 1617886066 4122260 3448 265.849915 4.552747011
3.69781 4194304 3336 1617478304 4121671 3179 263.851440 4.543180943
3.69425 4194304 3023 1616210018 4118513 2840 266.070496 4.567800999
3.69654 4194304 3365 1617455644 4121515 3172 265.470215 4.559239864
3.69773 4194304 3180 1617406524 4121585 2978 264.499390 4.555150032
