"Validation time(S)" "Commits" "Aborts" "Val Reads" "Val success" "Val fail" "Energy (J)" "Time(S)"
0.002956 14206 3105 667240 3707 582 2.307068 0.014723063
0.002934 13957 3105 658727 3534 634 2.059387 0.014441967
0.00292 14073 3325 666369 3550 691 2.237671 0.013264179
0.003007 14296 3277 694211 3777 681 2.233521 0.015406132
0.002959 14188 3125 660428 3601 618 1.994568 0.014055014
0.002936 14292 3136 661700 3692 618 2.226318 0.011590004
0.002957 14269 3180 678998 3726 613 1.970459 0.011555910
0.002916 14237 3210 670340 3702 601 2.154175 0.013644934
0.003 14283 3083 668143 3597 643 2.189270 0.013185978
0.002924 14246 3066 677771 3726 623 2.041382 0.013188124
0.002964 14291 3401 680562 3665 684 2.114014 0.015883923
0.002941 14310 3477 679778 3629 691 2.060425 0.012422800
0.00299 14294 3109 678465 3689 635 2.013855 0.013240099
0.00297 14304 3205 682520 3735 691 2.229553 0.013994932
0.002942 14359 3112 669595 3694 575 2.017334 0.011723042
0.002943 14264 3113 666690 3705 626 2.014893 0.012034178
0.002938 14290 2901 668828 3703 605 2.039673 0.013453007
0.002964 14295 2978 665432 3712 628 2.239014 0.014777899
0.003007 14351 3210 679048 3740 649 2.075989 0.014030933
0.002887 14218 3037 648130 3584 596 2.188965 0.011505127
0.002964 14250 3227 690865 3698 675 2.080139 0.015362024
0.00296 14233 3185 682480 3717 643 2.046631 0.014816046
0.003091 14303 3540 706940 3861 706 2.144470 0.016865015
0.002919 14249 3155 683375 3750 632 1.984497 0.011696100
0.003036 14307 3658 706925 3844 719 2.315857 0.014351130
0.00294 14133 3328 684299 3692 641 2.242432 0.012174129
0.002986 14322 3167 685167 3753 658 2.116760 0.015427113
0.002918 14152 3129 668847 3563 664 2.036011 0.011816025
0.002898 14129 3207 668087 3610 640 2.065491 0.014194965
0.003008 14215 3292 683634 3759 667 2.063354 0.014000893
0.003025 14228 3035 670636 3717 638 1.975281 0.011640072
