"Validation time(S)" "Commits" "Aborts" "Val Reads" "Val success" "Val fail" "Energy (J)" "Time(S)"
0.007178 52 148122310 653 27 0 309.934509 5.482000000
0.007506 53 316737587 849 33 0 310.456604 5.452000000
0.011685 53 156084446 440 34 0 312.851440 5.467000000
0.010832 53 511469625 431 34 0 312.543518 5.471000000
0.008424 52 298514067 325 29 0 325.459778 5.580000000
0.008997 59 343765942 1131 39 0 369.551453 6.299000000
0.011232 53 260179661 506 33 0 308.315186 5.536000000
0.010441 52 665810707 38052 32 0 315.956909 5.372000000
0.013919 53 563609781 57971 33 0 316.935364 5.470000000
0.007441 53 572631175 475 32 0 310.995239 5.372000000
0.007300 53 310499381 92602 32 0 313.373962 5.484000000
0.012498 53 615962537 513 34 0 321.351440 5.561000000
0.007704 52 624877893 377 31 0 331.753906 5.653000000
0.007640 52 344573617 317 29 0 322.045532 5.546000000
0.007922 52 315756411 444 32 0 324.994568 5.578000000
0.015813 64 604696893 5611 37 0 323.240601 5.640000000
0.009881 59 269498237 838 37 0 370.482544 6.372000000
0.012255 57 663841336 5600 32 0 385.935486 6.809000000
0.010479 53 541817132 951 33 0 316.417542 5.466000000
0.009099 53 567007125 5268 34 0 322.168640 5.616000000
0.007505 57 810815594 70 17 0 382.931946 6.672000000
0.003814 52 602326194 0 8 0 322.779053 5.443000000
0.007488 52 669466869 30648 14 0 324.471130 5.516000000
0.004887 52 554870241 0 11 0 339.926025 5.879000000
0.007265 54 363419761 77 15 0 327.242859 5.558000000
0.006846 52 535613721 128 15 0 327.224915 5.559000000
0.004265 63 363056596 0 7 0 380.561646 6.705000000
0.001363 52 685783464 70 3 0 329.060730 5.538000000
0.005109 52 291936385 0 9 0 319.195190 5.453000000
0.005812 52 292579935 0 11 0 316.972290 5.402000000
0.006196 63 368382881 275 14 0 393.525879 6.732000000
0.006709 54 608591182 0 15 0 318.880615 5.398000000
0.006533 53 435906118 0 13 0 331.841064 5.793000000
0.007228 57 234712722 37 15 0 368.514709 6.537000000
0.006520 53 284431564 70 13 0 319.664001 5.511000000
0.005170 53 591580488 64 14 0 321.040405 5.518000000
0.005451 52 276254642 0 13 0 325.454102 5.555000000
0.006005 52 599656136 164 14 0 332.095337 5.588000000
0.006360 52 303071592 315 14 0 331.848022 5.667000000
0.005233 53 279438258 119 15 0 334.455872 5.918000000
