"Validation time(S)" "Commits" "Aborts" "Val Reads" "Val success" "Val fail" "Energy (J)" "Time(S)"
0.258274 13255 173949494 120358 4464 24 274.854370 5.126000000
0.239999 13756 175594289 120989 3646 15 275.931335 5.119000000
0.262654 14089 153426913 114405 3955 20 275.873291 5.138000000
0.250975 14089 177883596 119750 4033 22 274.905334 5.128000000
0.251202 14097 174435237 115527 3442 14 277.684814 5.132000000
0.259257 14583 175265187 121823 3627 16 279.150757 5.133000000
0.245626 13817 176895129 111399 3614 10 277.327881 5.142000000
0.255959 14217 174847248 121547 3811 14 278.947632 5.136000000
0.249512 12895 184008231 136880 3470 13 277.223206 5.130000000
0.260698 14110 163864366 135025 4063 20 278.387939 5.130000000
0.245727 13022 148086581 95270 3584 8 277.710876 5.139000000
0.257344 14143 180822018 102851 3199 10 277.710327 5.153000000
0.251545 13475 180521000 116077 3551 22 277.480347 5.144000000
0.247395 13994 166325736 129591 3434 13 278.168884 5.131000000
0.257122 13994 170331678 114597 4273 24 277.417603 5.130000000
0.260517 14045 164506365 113427 3584 14 277.340637 5.123000000
0.251479 14114 162105548 117156 3695 18 276.686584 5.123000000
0.250129 13319 171332683 109100 3732 16 275.845459 5.127000000
0.266010 14188 182942648 109934 3135 7 277.534180 5.125000000
0.257639 13569 170513879 122347 3660 20 274.544250 5.128000000
0.170389 14671 175464616 47963 945 14 273.851746 5.075000000
0.167963 14301 171240453 44955 943 21 274.443848 5.082000000
0.159993 15021 162788072 47432 932 7 275.167969 5.074000000
0.158667 14282 168638971 35906 809 10 275.555847 5.075000000
0.169841 13849 176371878 50320 882 13 275.952148 5.078000000
0.155989 13972 168648225 50768 795 7 275.727722 5.074000000
0.177184 14514 165255226 45748 935 13 276.682556 5.077000000
0.164400 14115 166656558 36845 877 12 275.661438 5.076000000
0.170508 13022 142970330 53002 946 16 274.541809 5.081000000
0.158848 14088 173720417 40501 843 4 275.808289 5.079000000
0.154162 13438 124362733 36542 804 6 273.748718 5.084000000
0.152075 13434 174854764 30451 843 14 276.040100 5.074000000
0.163107 14512 171695501 44828 880 10 276.155334 5.079000000
0.164738 13653 167252162 45541 861 14 274.288452 5.087000000
0.160869 13898 182168024 64888 902 10 276.260925 5.071000000
0.163819 14358 166076622 35642 849 18 275.792542 5.073000000
0.162565 14089 178258411 47660 851 6 276.023987 5.081000000
0.159938 14377 176144290 43486 919 6 276.433350 5.088000000
0.156065 13995 162467858 41851 870 8 275.213379 5.087000000
0.169483 13860 171137949 36869 915 13 276.261047 5.072000000
