"Validation time(S)" "Commits" "Aborts" "Val Reads" "Val success" "Val fail" "Energy (J)" "Time(S)"
0.246681 14136 171610317 143365 3986 24 278.663391 5.137000000
0.247380 14240 167596269 140833 4898 26 277.923340 5.133000000
0.250742 13571 177237547 134147 4059 23 277.086853 5.129000000
0.240043 13999 169778426 132866 4652 36 276.717712 5.134000000
0.253095 14062 168996468 129419 4561 28 277.616943 5.137000000
0.241878 13560 170782069 116340 3845 19 275.921021 5.127000000
0.251306 14089 185640054 128332 3629 15 278.818909 5.147000000
0.262139 13998 172671023 112607 3559 9 277.371277 5.132000000
0.237781 13814 133479975 122536 4212 22 276.000671 5.139000000
0.269139 14148 174182475 121648 3765 20 277.399841 5.136000000
0.259800 13871 177483515 111801 3409 18 278.662842 5.133000000
0.249695 13774 164124584 147451 4589 25 276.731628 5.128000000
0.257025 13917 173697595 125732 4129 21 276.206177 5.130000000
0.270347 14296 167595476 133240 4199 17 277.308716 5.125000000
0.252833 14296 170874092 112978 3542 13 278.985046 5.129000000
0.241580 14097 161952403 125948 3929 22 276.721985 5.129000000
0.253129 13275 182320463 110978 4152 34 276.147034 5.132000000
0.254216 13817 169346076 145426 4518 24 276.273132 5.150000000
0.245744 13126 172449024 132808 4249 19 277.780640 5.129000000
0.257649 13871 171436192 135702 4048 25 277.000366 5.127000000
0.153403 14224 178651946 45878 848 9 274.412781 5.083000000
0.154200 13391 172999643 38090 767 11 275.362366 5.073000000
0.165441 14595 171536188 58936 910 13 277.063904 5.074000000
0.177533 14224 169846721 53729 945 8 274.493774 5.075000000
0.159764 13304 179139131 53006 877 4 273.611572 5.080000000
0.175988 14341 175337595 37030 895 12 276.813354 5.074000000
0.164573 14214 164272092 37826 898 11 276.875916 5.079000000
0.159383 13943 170818785 36538 818 7 275.066345 5.106000000
0.173879 14358 174992194 50012 965 14 275.765381 5.076000000
0.158899 14108 174084172 41136 863 14 276.412476 5.072000000
0.150438 13844 183896444 39775 741 2 273.608887 5.072000000
0.167211 14377 169781621 46802 920 18 277.359924 5.076000000
0.163614 14402 143137397 37490 889 17 274.310181 5.081000000
0.167794 14131 171824375 51297 923 12 274.910095 5.083000000
0.159758 13840 171337071 38798 878 12 274.945557 5.086000000
0.150703 14488 171824231 44324 802 6 276.567200 5.078000000
0.167147 14463 167603482 41920 849 12 276.514954 5.093000000
0.169111 14377 166838365 43505 945 16 276.426636 5.075000000
0.160916 13777 174965678 38012 899 23 274.908203 5.082000000
0.160071 13711 179085203 47547 806 11 275.156311 5.091000000
