"Validation time(S)" "Commits" "Aborts" "Val Reads" "Val success" "Val fail" "Energy (J)" "Time(S)"
0.249601 14796 164838984 146604 4314 24 278.841675 5.141000000
0.253488 14115 165535584 136107 4631 25 276.689514 5.139000000
0.252473 14062 167759664 123940 4111 26 278.047852 5.142000000
0.255679 13878 177757622 118505 4215 25 278.610168 5.130000000
0.254522 13366 143686386 89930 3254 13 275.719666 5.137000000
0.262358 14089 170172844 119508 4217 17 277.158447 5.123000000
0.251330 13233 172926055 113471 3899 20 276.228394 5.123000000
0.248114 13998 174115389 119278 3892 14 276.796448 5.130000000
0.270381 13275 175166634 116221 3744 14 277.520325 5.139000000
0.253749 14125 174519918 127224 4482 26 276.610840 5.132000000
0.257537 13817 166905412 105860 3541 17 278.115356 5.135000000
0.262062 13984 168790305 123569 3865 18 276.577881 5.121000000
0.256996 14532 173546648 120922 4031 16 276.615356 5.125000000
0.260072 13166 171887410 112217 3544 11 276.247437 5.130000000
0.247034 14314 178119408 110200 3768 23 279.104187 5.134000000
0.259293 14710 167481622 119144 3758 15 277.070007 5.122000000
0.260346 13777 149359476 130439 4107 26 274.891846 5.132000000
0.242318 13030 169821189 121448 3689 16 275.195435 5.126000000
0.253249 14353 169588196 115634 3779 15 277.178101 5.124000000
0.253519 13777 170885620 108902 3707 18 277.432251 5.144000000
0.173880 14463 173297633 61180 928 12 275.955261 5.085000000
0.167868 14314 166813990 54262 920 13 276.067993 5.089000000
0.169071 14856 165473567 43855 918 11 275.345886 5.065000000
0.158489 14062 169652078 37760 841 11 275.284363 5.100000000
0.163197 14492 174639573 41440 859 6 276.730530 5.079000000
0.156532 13826 164851895 37367 849 19 275.481323 5.081000000
0.159874 13814 183178887 38014 831 8 275.792053 5.081000000
0.164152 13869 177351779 47376 841 9 275.077148 5.075000000
0.160666 14517 174902651 37220 833 8 276.507751 5.077000000
0.178643 13184 135359216 48603 1018 21 275.511841 5.075000000
0.169041 14217 173147336 48071 988 7 277.869263 5.086000000
0.157507 14136 171289916 43347 845 13 276.326965 5.080000000
0.165087 14169 167186529 46622 907 7 273.995422 5.071000000
0.162501 14492 174159746 46469 836 9 275.111694 5.082000000
0.162892 14564 170172953 44648 909 17 275.338867 5.094000000
0.165139 13647 176845926 39852 883 9 277.824402 5.085000000
0.166304 14349 171515205 38709 895 7 275.715210 5.095000000
0.162531 14193 168135287 42178 901 9 274.948792 5.077000000
0.169624 14985 161976361 45352 937 18 276.206116 5.081000000
0.167966 14297 162095574 39346 859 9 276.739258 5.088000000
