"Validation time(S)" "Commits" "Aborts" "Val Reads" "Val success" "Val fail" "Energy (J)" "Time(S)"
0.801601 8082732 38212 9044860 6152604 93 3769.235107 60.849035736
0.885369 9853486 23348 11093385 8122448 88 3758.413147 60.860811181
1.396931 6292507 14681 9825611 4887978 43 3798.072571 60.852426673
9.820943 68751522 259461 134812556 66248866 2749 4041.793396 60.913320928
155.869726 170077820 77745 5547045113 170700489 293 2904.156799 60.857354794
1.352681 9419333 117086 12897531 7204143 182 3776.079895 60.838833420
1.059386 7356976 25177 11945386 5776224 280 3759.588440 60.837120086
2.025760 7685511 28088 36072181 5531115 150 3811.542114 60.845733992
0.662342 16233465 40423 7218147 5520456 66 3731.993408 60.846058917
2.108864 12338717 90938 22034984 10868539 202 3784.295837 60.835431992
0.876227 11180620 62137 8729790 5540241 211 3801.062500 60.842611090
2.087597 8732066 56140 18828026 6831483 307 3824.441833 60.837410165
1.575173 7647142 54436 19313886 6050494 178 3796.798340 60.854054116
0.877389 9705334 97497 11910100 6702859 237 3776.913696 60.837315804
41.088229 50744121 35125 1847099379 47571456 61 3584.799927 60.842035469
1.028415 8196448 37017 14709727 5349296 301 3781.010803 60.841593384
1.725516 10879729 80136 20166347 8200124 416 3815.365295 60.837029534
0.962399 7720182 52817 9414381 5604774 112 3766.229675 60.834996065
154.267409 169681849 29460 6518777352 169871763 174 2931.315918 60.844921603
0.472172 7021009 65227 4278747 3017090 51 3850.740479 60.835955822
