"Validation time(S)" "Commits" "Aborts" "Val Reads" "Val success" "Val fail" "Energy (J)" "Time(S)"
49.150440 5408207 8490643 697848416 2318870 15736 3876.902588 60.843280322
57.037799 6063017 12623933 765317663 2583601 19482 3841.245850 60.839070995
46.283797 5126786 7424727 667744958 2210532 15094 3877.795715 60.839388104
38.410027 4170347 9643197 548219574 1793128 13661 3869.655151 60.859600566
54.314475 5996535 12009296 777244827 2567143 19683 3882.258057 60.863500642
56.645424 6169529 15466577 811687434 2637654 21189 3891.876221 60.838741642
52.685044 5790483 11014701 792946402 2486478 20042 3879.107239 60.836959434
53.564272 5913733 11590862 778454518 2541704 19550 3892.177551 60.842390640
32.861272 3678435 4213883 475784671 1584905 9904 3877.148010 60.849030154
49.308366 5405394 8800120 697301851 2326863 16122 3892.610107 60.837072213
52.923820 5765635 11924834 786090178 2470524 18972 3890.166931 60.843622361
56.333690 6044907 13004764 825265429 2592218 20964 3877.412598 60.842537089
52.170820 5723145 10677722 687801909 2439463 16455 3874.839539 60.840596894
51.924228 5733395 10254074 764296954 2460672 18420 3882.689697 60.844510159
47.738122 5300239 8080177 683414475 2274358 15288 3872.969727 60.840729943
47.979644 5317335 8162095 678124458 2277289 14989 3862.323059 60.848958926
47.053701 5150044 7444545 664484857 2215143 14541 3873.374146 60.856152173
40.174040 4437656 8514085 581754870 1905850 15347 3896.298157 60.839694740
49.943484 5506681 9623762 735425591 2369828 17662 3867.887817 60.838230946
51.849615 5624639 10505323 747218000 2426159 18065 3893.998779 60.842644854
