"Validation time(S)" "Commits" "Aborts" "Val Reads" "Val success" "Val fail" "Energy (J)" "Time(S)"
0.313629 18333876 108721 1013032 16154 25 3632.700256 60.867984271
0.321648 17778697 111974 1165840 16700 33 3698.664001 60.853477443
0.546599 19453628 159974 2913700 33072 81 3716.753967 60.865686098
0.299377 12898707 73700 976033 11535 40 3719.044250 60.839352429
0.212707 13570213 43670 171223 1634 7 3739.080566 60.872588363
0.321120 14819724 92809 1438313 13661 41 3678.629883 60.837407454
0.252823 14054795 49037 544107 5074 22 3702.113403 60.836460107
0.262238 13116146 59440 929695 5708 26 3709.451965 60.846558648
0.304763 17570032 77969 1260586 14823 30 3670.901855 60.871785813
0.390980 11815592 198146 1464759 15472 30 3743.187744 60.846020843
0.317323 19326273 72218 1358688 10982 42 3737.362305 60.837025921
0.237069 16097517 116885 639769 9014 22 3676.695068 60.851010969
0.164636 11427398 81526 164774 1553 4 3744.201477 60.839556630
0.198579 10251447 44764 510720 4225 20 3717.082153 60.836865359
0.548066 14085071 117884 3058277 20314 113 3722.180115 60.864290912
0.204126 17053103 20239 325098 10839 8 3727.589600 60.853415925
0.202422 18206016 66562 260139 3803 8 3713.135254 60.842016065
0.233860 12652726 49575 564238 4009 22 3705.109253 60.856458492
0.338458 17704946 121526 1426585 24734 44 3677.641235 60.835146233
0.176305 16384540 27348 172676 2848 10 3737.125122 60.838849580
