"Validation time(S)" "Commits" "Aborts" "Val Reads" "Val success" "Val fail" "Energy (J)" "Time(S)"
0.221258 25012288 80139 815500 5703 28 3749.404724 60.835481765
0.446111 25281177 116140 2895021 20034 79 3660.618652 60.842254486
0.410530 16508832 122712 2513507 20669 81 3756.306274 60.836381844
0.153039 19693899 58114 239626 1891 9 3772.599548 60.853342353
0.528612 18444018 158124 3792442 26053 98 3761.442261 60.836939623
0.494201 21984373 132279 3064240 29462 62 3718.261047 60.856293612
0.595368 25034110 132504 3850097 41671 88 3688.268494 60.836711508
0.278129 17246410 92142 1467174 12544 33 3716.797974 60.842322557
0.314478 24077439 92000 1584658 13918 45 3670.850647 60.836606693
0.560648 27491730 76850 3904698 45363 115 3744.628052 60.858762334
0.507875 20110364 133440 3358887 21386 101 3751.676086 60.871818972
0.316704 22426257 110501 1416261 21529 44 3745.413208 60.836954377
0.216631 20935203 112040 663333 6727 26 3701.968262 60.834550816
0.528713 22496181 75888 3277824 26741 99 3743.170654 60.854433428
0.307367 22853451 23276 1173160 33217 26 3703.887695 60.840061677
0.182000 13381774 87130 339468 4926 12 3772.033752 60.852014393
0.521557 21542271 85583 3069237 24664 82 3739.357605 60.835999080
0.228441 11486979 120105 755652 4937 18 3727.527222 60.851012734
0.308581 16982011 37639 1253783 13302 27 3759.166260 60.859321042
0.199864 15364603 51971 400304 5178 10 3745.020874 60.854218393
