"Validation time(S)" "Commits" "Aborts" "Val Reads" "Val success" "Val fail" "Energy (J)" "Time(S)"
2.064749 11373023 0 260629821 226993 0 2377.275940 60.773492028
2.061274 11404703 0 263892743 226728 0 2374.304749 60.766419117
2.072250 11930417 0 276481908 238168 0 2298.320374 60.765573431
2.139213 11821619 0 275409807 236069 0 2302.441833 60.772151226
2.078667 11826681 0 279914948 236598 0 2295.384827 60.773118115
2.145806 11766235 0 272528446 233855 0 2293.250671 60.765058396
2.053605 11897451 0 271763772 237100 0 2291.558838 60.769414429
2.058143 11816440 0 280038387 235703 0 2290.408569 60.810032049
2.091854 11829431 0 284716731 236107 0 2288.057678 60.772224869
2.014200 11456514 0 270825696 228843 0 2310.702087 60.768552457
2.059550 11845416 0 276478374 236109 0 2286.643433 60.778654668
2.057636 11860080 0 272172195 236415 0 2280.414368 60.775447317
2.081684 11574077 0 268552240 229229 0 2291.033813 60.774615863
2.059396 11830651 0 274452095 234734 0 2290.584045 60.773436393
2.171237 11713427 0 276334509 232926 0 2281.264404 60.775806320
2.154708 11713134 0 268557803 232105 0 2279.128845 60.788202567
2.001208 11615211 0 274846444 231685 0 2280.931030 60.777273996
2.045045 11755068 0 277591618 234298 0 2284.478516 60.818436214
2.180326 11793242 0 276604685 234753 0 2286.503418 60.778811827
2.055968 11613649 0 282631902 231454 0 2301.555908 60.773571701
2.056036 11668397 0 279760825 233393 0 2288.586182 60.778463995
2.049608 11546945 0 271863218 229058 0 2293.507568 60.840368008
2.088081 11591947 0 281789858 231221 0 2368.373291 60.844375698
2.120895 11621815 0 286265093 232429 0 2357.668396 60.853987363
2.095774 11956329 0 283211582 237575 0 2310.755554 60.841520892
2.147556 11838410 0 292440818 235582 0 2303.408386 60.840838565
2.051909 11713488 0 275440703 233747 0 2343.346191 60.844994589
2.228935 11907502 0 282335309 236996 0 2296.717102 60.837997716
2.097629 11779036 0 280364351 233481 0 2295.508179 60.839293204
2.161149 11898924 0 297266760 237634 0 2295.738892 60.842914267
