"Validation time(S)" "Commits" "Aborts" "Val Reads" "Val success" "Val fail" "Energy (J)" "Time(S)"
2.259377 13233288 0 305144724 263636 0 2364.750305 60.770314977
2.474117 13234219 0 322445156 263913 0 2340.359253 60.768615535
2.279697 13049623 0 306391586 260686 0 2347.795776 60.766046615
2.203406 12839766 0 295702589 254907 0 2344.838013 60.775747388
2.211537 12872386 0 300010800 255754 0 2332.897705 60.771975024
2.126433 12386826 0 293781467 246393 0 2339.136475 60.778759291
2.300540 13034940 0 315775757 259041 0 2342.749451 60.765480593
2.296285 12483501 0 286152676 247658 0 2337.664856 60.768298827
2.278727 12752979 0 295186483 251842 0 2336.066589 60.775012622
2.275967 12828851 0 304494719 256226 0 2347.595459 60.771390412
2.227260 12809832 0 299108151 254568 0 2325.278564 60.773852323
2.321606 13017293 0 297079467 257515 0 2333.591431 60.777247794
2.163754 12328630 0 288716287 245285 0 2325.549683 60.774376966
2.322343 12707754 0 295708182 252772 0 2358.763062 60.771832568
2.234311 12773526 0 298272229 255101 0 2315.456421 60.772792200
2.284461 12138628 0 295814240 242096 0 2333.258484 60.774753037
2.212599 12740226 0 296588638 252766 0 2344.306274 60.776377496
2.161516 12591736 0 291041655 250081 0 2341.455627 60.773012421
2.139917 12419991 0 287359102 247100 0 2338.441406 60.783990239
2.288921 13061798 0 308783646 260510 0 2331.111328 60.793896852
2.311803 12903863 0 309807360 258978 0 2364.435242 60.843541318
2.292801 13001904 0 305623905 258797 0 2372.140259 60.847321244
2.331627 12967311 0 312219490 258691 0 2412.353333 60.847459768
2.293452 12703655 0 303957767 254428 0 2370.966736 60.845774317
2.147230 11836877 0 294048363 235943 0 2331.819336 60.841557219
2.279317 12956473 0 300213053 256495 0 2352.367676 60.840001432
2.239970 12588563 0 301112202 250609 0 2349.934631 60.837989959
2.223151 12445277 0 304088708 248020 0 2351.186584 60.844421748
2.274093 12586848 0 311452505 251203 0 2348.515076 60.889469153
2.309154 13231335 0 301032687 261657 0 2341.371155 60.848246231
