"Validation time(S)" "Commits" "Aborts" "Val Reads" "Val success" "Val fail" "Energy (J)" "Time(S)"
22.624341 1789517 0 4191873254 1718894 0 2329.006042 60.757642622
22.779158 1835795 0 4228302245 1763211 0 2203.287292 60.765979372
22.792206 1805397 0 4229801390 1734067 0 2206.746704 60.770176310
22.464011 1788848 0 4229804208 1718345 0 2198.752258 60.775485435
22.469229 1812892 0 4280199803 1741572 0 2200.841431 60.785501709
22.652287 1849502 0 4223783996 1776551 0 2201.648438 60.771905420
23.765369 1776140 0 4134236584 1706098 0 2188.323242 60.791828706
22.915816 1839701 0 4196378266 1766988 0 2192.377991 60.772531462
22.693949 1846476 0 4235209867 1773253 0 2192.119812 60.769662305
23.542013 1794139 0 4121353768 1723474 0 2183.070068 60.773351056
22.608871 1807298 0 4280566198 1736052 0 2195.875183 60.777770205
22.904832 1827451 0 4231433647 1755651 0 2195.489807 60.775986990
22.118055 1778510 0 4117189625 1708495 0 2188.237122 60.788391564
22.975149 1835395 0 4227666930 1763429 0 2191.207336 60.774858561
22.767419 1826602 0 4237697422 1754325 0 2197.268433 60.774449948
22.437016 1806261 0 4159610356 1734885 0 2190.744446 60.782704839
22.642542 1808603 0 4249707713 1737199 0 2193.128723 60.787919199
22.603648 1836929 0 4238890502 1764942 0 2195.159363 60.778948507
22.752886 1820004 0 4278538841 1748271 0 2200.374084 60.776420150
22.856475 1822645 0 4226777895 1750764 0 2197.934631 60.808764546
22.815191 1841591 0 4218912734 1769257 0 2191.117737 60.774679298
22.646217 1871701 0 4279737503 1797528 0 2198.103516 60.873013658
23.431917 1798634 0 4131037977 1727342 0 2313.620361 60.841301907
23.078118 1760265 0 4153584041 1690604 0 2306.925110 60.842385209
22.559813 1830163 0 105344894 1757609 0 2213.139038 60.861211356
22.263195 1837244 0 4257897667 1765080 0 2244.173828 60.848277344
23.160565 1799558 0 4238687809 1728695 0 2205.708618 60.845854326
22.466006 1768726 0 4035549778 1698812 0 2191.904724 60.852403135
