"Validation time(S)" "Validation time(S) CPU" "Validation time(S) GPU" "Commits" "Aborts" "Val Reads" "CPU Val Reads" "GPU Val Reads" "Wasted Val Reads" "GPU employment times" "Val success" "Val fail" "Snapshot ext. calls" "Energy (J)" "Time(S)"
0.020889 0.020852 0.020422 24 147304799 5301263 840719 4460544 1505698 4 2 0 2 1065.369567871 10.994000000
0.017797 0.017737 0.017179 33 95675781 5442124 722508 4719616 4183543 5 7 0 2 733.130798340 11.114000000
0.026773 0.026745 0.026496 22 158030778 7626126 946574 6679552 15046 3 5 0 0 1111.396331787 9.669000000
0.095022 0.094841 0.091644 82 100949555 28111600 3781360 24330240 1270548 19 16 0 7 862.999267578 8.019000000
0.064295 0.064238 0.063265 44 109945794 19193040 3119312 16073728 20582 6 7 0 0 1076.306152344 12.020000000
0.014043 0.014002 0.013592 42 73957884 3692417 538497 3153920 195711 4 6 0 3 818.174438477 9.258000000
0.059801 0.059739 0.059212 32 124448040 16826016 2385568 14440448 31102 7 10 0 0 871.341094971 9.027000000
0.079730 0.079634 0.078420 88 217805786 24350356 3174036 21176320 103789 10 11 0 1 1690.432739258 18.079000000
1.189553 1.189391 0.060162 79 164815385 21461886 6841214 14620672 520991 10 19 0 5 1554.463806152 16.345000000
0.021637 0.021581 0.020730 44 90918120 5640053 942965 4697088 89347 4 7 0 1 987.282409668 11.330000000
1.088652 1.088563 0.035130 19 118162187 16043021 6423565 9619456 20495 4 6 0 0 1336.778259277 13.825000000
0.032079 0.032016 0.030898 36 62134175 9078903 1149047 7929856 489179 7 12 0 2 642.604675293 7.977000000
0.028985 0.028923 0.028130 20 69622641 7758531 977603 6780928 22644 3 8 0 0 935.668640137 12.137000000
0.045475 0.045428 0.044556 21 73749508 12145692 1703964 10441728 27327 5 6 0 0 887.609252930 9.816000000
0.965667 0.965532 0.044506 83 145210150 16526616 5240088 11286528 165622 10 16 0 2 1190.966491699 13.296000000
1.142775 1.142679 0.046510 35 97493608 18510999 6289559 12221440 1182952 8 8 0 2 986.470642090 10.251000000
0.055653 0.055528 0.067331 54 263132294 15973176 2017080 13956096 178165 9 14 0 2 1158.307800293 10.245000000
0.000001 0.000000 0.000000 18 165277410 16 16 0 0 0 1 0 0 1463.403930664 14.868000000
0.082794 0.082715 0.081736 48 83256437 24644671 3152959 21491712 109322 10 10 0 2 901.518249512 9.457000000
0.003279 0.003246 0.002619 32 143638156 759396 162404 596992 1015400 4 3 0 3 848.300170898 8.837000000
0.132892 0.132795 0.045197 34 95751194 17252400 5943344 11309056 347668 9 13 0 2 1045.586242676 11.280000000
0.030534 0.030496 0.030352 24 163880950 8666680 1243704 7422976 26700 4 5 0 0 965.946350098 10.158000000
0.045939 0.045866 0.044634 51 65700605 12883804 1642332 11241472 524177 8 15 0 2 689.355163574 7.305000000
0.127426 0.127326 0.053543 58 110941340 20780535 5866999 14913536 1078551 9 12 0 2 978.599395752 10.843000000
0.055858 0.055728 0.053786 88 83874206 17008674 2286626 14722048 666145 11 15 0 8 787.319946289 10.485000000
1.137951 1.137871 0.021478 43 106064665 11886690 5702754 6183936 1144390 4 6 0 2 881.489257812 8.194000000
0.040021 0.039962 0.039285 40 83585108 10648499 1513395 9135104 851521 6 5 0 2 688.339538574 5.955000000
0.071957 0.071875 0.083063 53 172067810 25744023 3644055 22099968 45970 9 13 0 0 1003.183898926 10.541000000
0.140324 0.140047 0.076809 75 90539984 22953819 3410779 19543040 2932000 15 16 0 6 999.537048340 11.995000000
0.060091 0.060001 0.058746 73 100778029 18720475 2601691 16118784 1349431 9 12 0 3 893.652954102 8.875000000
1.026506 1.026404 0.031904 39 371272777 13608668 5870300 7738368 571890 7 9 0 2 1602.415771484 16.322000000
0.085771 0.085683 0.083834 43 88495050 24813719 3209367 21604352 587118 10 15 0 2 785.760192871 8.401000000
0.069626 0.069537 0.067910 59 75682168 19689256 2872104 16817152 306089 10 10 0 1 816.375122070 8.486000000
0.048366 0.048310 0.047113 44 95555556 14059188 1815220 12243968 140422 6 9 0 1 808.888854980 8.361000000
1.010758 1.010688 0.032254 19 104505009 13572874 5091082 8481792 26709 7 11 0 0 619.641113281 7.835000000
0.068370 0.068312 0.067215 27 157384395 22456208 4039568 18416640 232938 6 6 0 1 1127.179260254 9.505000000
0.049299 0.049257 0.048518 27 148877996 13737838 1966958 11770880 19244 5 9 0 0 803.615112305 6.676000000
0.070415 0.070338 0.069161 56 83057720 20223856 2550640 17673216 443176 9 13 0 1 785.428771973 8.497000000
0.093911 0.093817 0.091924 44 96550423 27743248 3672080 24071168 56298 11 16 0 0 880.755920410 7.506000000
1.543608 1.543509 0.025753 62 182096714 13524116 6810772 6713344 5353 6 7 0 2 1086.877746582 10.380000000
0.043684 0.043638 0.042622 45 128891229 12785969 1882417 10903552 742359 5 9 0 1 1131.625671387 15.558000000
1.198285 1.198175 0.070864 32 152797677 25867853 7135821 18732032 42147 9 11 0 0 1144.533691406 13.453000000
0.042016 0.041966 0.041713 43 112760405 14661556 2158516 12503040 185934 6 9 0 1 1019.788513184 11.245000000
0.057320 0.057242 0.056281 63 138179344 16999484 2221116 14778368 349231 9 12 0 1 1379.941711426 15.022000000
0.119551 0.119403 0.116997 46 111109216 35965874 4550578 31415296 255663 15 19 0 1 1181.316528320 13.994000000
0.037174 0.037093 0.035835 52 139961245 12218613 1878261 10340352 818417 9 8 0 2 721.530761719 5.787000000
0.014696 0.014665 0.013891 32 138187555 3979099 543579 3435520 27343 3 11 0 0 777.240295410 9.191000000
0.039276 0.039243 0.038848 28 148317290 10980607 1586431 9394176 33571 4 5 0 0 928.468322754 8.348000000
0.041590 0.041498 0.040561 39 86667031 12639494 1724678 10914816 1292683 10 10 0 4 959.625549316 10.357000000
0.040451 0.040397 0.039881 41 131548506 12592465 1587537 11004928 447642 5 12 0 2 801.967468262 9.025000000
