"Validation time(S)" "Validation time(S) CPU" "Validation time(S) GPU" "Commits" "Aborts" "Val Reads" "CPU Val Reads" "GPU Val Reads" "Wasted Val Reads" "GPU employment times" "Val success" "Val fail" "Snapshot ext. calls" "Energy (J)" "Time(S)"
1.017607 1.017484 0.045276 43 154368240 16994016 5290720 11703296 126931 7 18 0 1 1122.452392578 14.265000000
0.037478 0.037410 0.036353 35 130409062 12151400 2081384 10070016 325372 5 10 0 2 803.426208496 7.754000000
0.063684 0.063587 0.061578 42 92326276 18535380 2303956 16231424 141072 9 12 0 2 1106.139221191 11.883000000
0.082963 0.082888 0.082055 35 108621023 26329657 4049465 22280192 44414 8 12 0 0 897.284851074 9.649000000
0.015162 0.015142 0.014718 20 97288861 3907355 595739 3311616 3130 2 5 0 0 616.546936035 5.339000000
0.092065 0.091964 0.028647 28 86992326 13135074 5678306 7456768 172842 6 10 0 1 1030.435485840 11.454000000
0.034078 0.034040 0.033511 59 183790502 10788804 1710020 9078784 276672 3 10 0 3 811.066894531 6.375000000
0.063341 0.063204 0.060728 95 132416649 18523896 2529016 15994880 1291926 14 16 0 5 729.511718750 5.656000000
0.069463 0.069372 0.067697 54 79329946 20722322 2722450 17999872 33345 9 15 0 1 733.411254883 7.566000000
0.015731 0.015702 0.015445 49 105505681 4572075 562091 4009984 7970 3 7 0 1 814.115600586 9.454000000
1.141614 1.141505 0.043489 39 177324935 17648039 6068647 11579392 1554408 8 8 0 1 1076.403808594 9.535000000
0.063834 0.063751 0.075565 39 96759202 18828760 2923992 15904768 95203 10 14 0 2 810.717773438 8.599000000
1.121174 1.121024 0.040515 73 125457073 16064350 5870430 10193920 1884579 11 17 0 4 1318.239440918 14.310000000
0.089214 0.089103 0.087313 67 78409826 27152860 3566044 23586816 727491 12 13 0 3 801.296386719 8.174000000
0.027614 0.027583 0.027363 25 55595262 8786476 1115692 7670784 11311 3 7 0 0 666.822204590 7.775000000
0.080682 0.080575 0.079829 74 159594015 23187563 2856043 20331520 69437 12 12 0 1 931.805725098 9.996000000
0.068005 0.067926 0.066520 48 77337277 19179371 2790251 16389120 40608 9 13 0 0 903.289489746 10.081000000
0.033517 0.033440 0.032889 33 112512890 9937210 1523002 8414208 1345660 9 6 0 3 1072.079162598 10.086000000
0.702872 0.702813 0.013987 37 115289823 8658174 4895998 3762176 208451 4 8 0 1 1121.314086914 10.012000000
1.045856 1.045695 0.065567 51 230041678 24050075 7390619 16659456 272114 11 17 0 4 1721.968383789 17.788000000
0.060508 0.060439 0.059023 43 109961593 19350385 2735985 16614400 745569 8 9 0 2 971.909332275 10.370000000
0.092832 0.092750 0.091732 28 119452428 27149232 3844016 23305216 146144 9 9 0 1 757.469787598 8.355000000
0.057105 0.057044 0.056344 42 240168010 20156813 2697613 17459200 330247 7 7 0 3 1073.297119141 9.166000000
0.059369 0.059252 0.057686 47 104473102 17129748 2182420 14947328 157987 12 14 0 3 776.007995605 8.129000000
1.068356 1.068247 0.020153 85 137705919 10079979 5101291 4978688 1089910 5 14 0 5 1220.908508301 12.426000000
0.040665 0.040592 0.038790 42 139014491 11341950 1497214 9844736 495045 8 8 0 3 1417.075195312 15.148000000
0.035026 0.034968 0.034091 63 121081250 12218637 1754381 10464256 75189 5 4 0 1 1067.868041992 10.958000000
0.077844 0.077731 0.076041 39 75621913 23220372 3012756 20207616 1984864 12 15 0 2 759.748535156 8.290000000
0.053443 0.053369 0.052258 31 81996022 15613063 2028679 13584384 25450 5 11 0 0 657.851257324 5.251000000
0.122967 0.122894 0.019241 50 98414091 9102226 4438930 4663296 5708240 8 8 0 4 1041.215820312 10.999000000
