"Validation time(S)" "Validation time(S) CPU" "Validation time(S) GPU" "Commits" "Aborts" "Val Reads" "CPU Val Reads" "GPU Val Reads" "Wasted Val Reads" "GPU employment times" "Val success" "Val fail" "Snapshot ext. calls" "Energy (J)" "Time(S)"
0.216369 0.216193 0.103536 155 255326078 33366818 4880162 28486656 763802 17 20 0 3 2763.501281738 24.262000000
0.347113 0.346941 0.108993 118 220937138 37628374 12081622 25546752 554452 17 19 0 4 3092.637329102 27.391000000
0.152496 0.152409 0.041418 166 187598802 14067668 2702292 11365376 434887 8 15 0 5 2585.044250488 23.107000000
0.173060 0.172956 0.062088 122 270434137 19461724 2869852 16591872 505008 11 16 0 2 2688.200988770 23.695000000
0.258111 0.257895 0.145954 124 242132900 43211398 6682246 36529152 3698385 19 31 0 2 2610.206909180 23.284000000
0.216575 0.216458 0.103852 109 196985294 32241913 5377273 26864640 601416 13 17 0 2 2670.757751465 23.230000000
0.190427 0.190273 0.078547 76 219603198 27921616 4233424 23688192 703713 14 15 0 5 2787.320861816 23.888000000
0.244599 0.244457 0.132310 72 218297354 44118660 7702148 36416512 1260223 14 18 0 4 2965.690917969 24.369000000
0.346473 0.346121 0.231049 140 175868425 69998237 10659485 59338752 5240043 33 39 0 4 3246.892700195 30.365000000
0.226724 0.226576 0.115980 97 317831129 36083884 4882604 31201280 142888 15 23 0 1 2857.296142578 26.800000000
0.123509 0.123471 0.014020 131 188505309 4155845 878021 3277824 566475 4 5 0 3 2704.277648926 23.481000000
0.247702 0.247540 0.135682 101 243992620 51909584 7630800 44278784 1063696 16 17 0 4 2969.170837402 25.439000000
0.188005 0.187856 0.076891 163 186936801 23750263 3227255 20523008 646416 14 19 0 5 2711.450500488 23.893000000
0.263102 0.262891 0.150202 59 208321822 44546754 6834882 37711872 3761724 20 29 0 4 2896.848754883 27.458000000
0.192807 0.192721 0.080081 73 194508994 26925542 4566502 22359040 530812 8 16 0 2 2904.926452637 28.622000000
0.246697 0.246492 0.133609 157 252491134 40985385 6630185 34355200 594228 19 26 0 3 2563.553161621 20.504000000
0.213170 0.212971 0.100613 180 202220711 29023981 4569837 24454144 1721995 21 19 0 11 2645.653991699 20.779000000
0.370467 0.370230 0.177126 137 219669760 54827763 12035827 42791936 3605365 25 35 0 4 3155.766906738 28.270000000
0.229358 0.229164 0.129385 142 229306788 36126577 5871473 30255104 5544281 20 25 0 7 3173.510742188 28.252000000
0.256878 0.256758 0.076600 119 205227612 28489987 7110915 21379072 48196 10 18 0 0 3212.365112305 27.359000000
