"Validation time(S)" "Validation time(S) CPU" "Validation time(S) GPU" "Commits" "Aborts" "Val Reads" "CPU Val Reads" "GPU Val Reads" "Wasted Val Reads" "GPU employment times" "Val success" "Val fail" "Snapshot ext. calls" "Energy (J)" "Time(S)"
0.099679 0.012748 0.057774 127 797645960 17687880 1081416 16606464 560965 15 37 0 6 1374.186218 20.109000000
0.187352 0.157325 0.041853 120 547016506 24214837 14984245 9230592 1732962 13 43 0 5 1061.202942 15.726000000
0.096323 0.067886 0.015052 100 605107952 8954554 4696762 4257792 813140 10 25 0 8 1163.687561 17.711000000
0.241873 0.140042 0.084171 127 810170502 32552539 11994715 20557824 1412318 14 41 0 6 1459.262329 21.051000000
0.102892 0.031554 0.065709 100 676332730 16465044 1562772 14902272 724229 14 29 0 6 1117.807434 16.335000000
0.116423 0.095151 0.021118 83 696794548 20919478 14688694 6230784 53673 7 30 0 2 1192.906128 17.430000000
0.105004 0.056312 0.028991 134 555701630 11615424 3051456 8563968 801781 11 49 0 4 1047.927002 15.179000000
0.121862 0.033462 0.053375 127 659745594 23356275 6927219 16429056 912190 14 35 0 8 1232.911499 18.130000000
0.127615 0.060398 0.040473 95 625545977 19224611 7526435 11698176 415271 11 34 0 5 1013.118164 14.912000000
0.163483 0.137450 0.024010 121 580292650 16677470 9715550 6961920 849653 12 36 0 4 1102.948547 16.355000000
0.077911 0.039170 0.028845 78 652665349 13075633 4339633 8736000 221542 9 18 0 5 1108.619934 17.314000000
