"Validation time(S)" "Validation time(S) CPU" "Validation time(S) GPU" "Commits" "Aborts" "Val Reads" "CPU Val Reads" "GPU Val Reads" "Wasted Val Reads" "GPU employment times" "Val success" "Val fail" "Snapshot ext. calls" "Energy (J)" "Time(S)"
0.003046 0.002959 0.000000 7950 463991717 186444 186444 0 0 0 323 0 18 361.133850 5.135000000
0.001674 0.001479 0.000000 6554 483730663 186785 186785 0 0 0 330 0 21 363.351196 5.154000000
0.002311 0.002114 0.000000 6060 484919767 177762 177762 0 0 0 340 0 16 363.751770 5.118000000
0.016197 0.013785 0.000000 6289 448656893 160079 160079 0 0 0 314 0 19 359.913574 5.088000000
0.001526 0.001416 0.000000 8280 480940637 177688 177688 0 0 0 309 0 15 362.451538 5.116000000
0.001994 0.001464 0.000000 8408 446391354 163545 163545 0 0 0 289 0 21 362.916382 5.123000000
0.001735 0.001637 0.000000 8033 458855337 158289 158289 0 0 0 305 0 16 360.482971 5.114000000
0.001895 0.001825 0.000000 5834 507212747 165184 165184 0 0 0 302 0 18 364.833801 5.131000000
0.002703 0.001687 0.000000 8281 471449459 178918 178918 0 0 0 338 0 20 367.294006 5.091000000
0.001478 0.001387 0.000000 8348 455980271 197065 197065 0 0 0 338 0 17 360.895325 5.099000000
0.010578 0.006829 0.000000 7352 466863603 166144 166144 0 0 0 313 0 16 363.448669 5.142000000
0.001943 0.001829 0.000000 6575 442184771 159844 159844 0 0 0 286 0 13 354.684326 5.103000000
0.001710 0.001468 0.000000 7053 431233940 214385 214385 0 0 0 368 0 17 347.023621 5.097000000
0.001665 0.001566 0.000000 9120 449229682 186326 186326 0 0 0 333 0 12 358.416748 5.113000000
0.004023 0.001467 0.000000 7339 449803616 168058 168058 0 0 0 331 0 15 358.790161 5.124000000
0.006064 0.003922 0.000000 7510 454606772 173221 173221 0 0 0 328 0 22 357.237122 5.099000000
0.001633 0.001498 0.000000 7896 435582162 192707 192707 0 0 0 339 0 19 353.526917 5.112000000
0.001444 0.001350 0.000000 8336 460233345 182101 182101 0 0 0 310 0 12 356.152588 5.129000000
0.001338 0.001258 0.000000 8408 439185947 192133 192133 0 0 0 329 0 18 358.977722 5.095000000
0.001366 0.001253 0.000000 8586 453716262 182372 182372 0 0 0 320 0 21 360.017517 5.119000000
0.001955 0.001724 0.000000 7468 467352691 179478 179478 0 0 0 340 0 9 357.610840 5.089000000
0.001773 0.001473 0.000000 8263 439205053 205353 205353 0 0 0 340 0 12 362.351074 5.150000000
