"Validation time(S)" "Validation time(S) CPU" "Validation time(S) GPU" "Commits" "Aborts" "Val Reads" "CPU Val Reads" "GPU Val Reads" "Wasted Val Reads" "GPU employment times" "Val success" "Val fail" "Snapshot ext. calls" "Energy (J)" "Time(S)"
0.001357 0.001271 0.000000 6000 463743205 157819 157819 0 0 0 248 0 17 355.872864 5.098000000
0.001622 0.001215 0.000000 7544 483646617 189057 189057 0 0 0 273 0 19 360.675903 5.112000000
0.001623 0.001524 0.000000 8465 432027135 207223 207223 0 0 0 347 0 17 361.546082 5.128000000
0.001628 0.001332 0.000000 8263 468885274 175415 175415 0 0 0 309 0 20 363.772278 5.138000000
0.001533 0.001291 0.000000 7670 474421756 181684 181684 0 0 0 309 0 11 361.748718 5.119000000
0.001432 0.001331 0.000000 8407 465004647 189580 189580 0 0 0 373 0 16 365.428284 5.127000000
0.001533 0.001297 0.000000 8769 451216924 161267 161267 0 0 0 296 0 13 357.080688 5.081000000
0.003552 0.003151 0.000000 6884 439757845 185503 185503 0 0 0 352 0 9 362.432373 5.142000000
0.001813 0.001239 0.000000 7984 450619034 170661 170661 0 0 0 300 0 18 358.136353 5.085000000
0.001193 0.001111 0.000000 8688 457972597 170864 170864 0 0 0 328 0 19 368.830750 5.212000000
0.001550 0.001481 0.000000 7830 467719677 169840 169840 0 0 0 305 0 15 361.896851 5.138000000
0.001420 0.001258 0.000000 8032 466045993 185632 185632 0 0 0 325 0 9 357.406311 5.096000000
0.001215 0.001129 0.000000 8221 469255939 169831 169831 0 0 0 297 0 11 363.078552 5.106000000
0.002459 0.001691 0.000000 7115 464155945 182445 182445 0 0 0 350 0 15 362.898987 5.130000000
0.002311 0.001768 0.000000 7747 457276412 172969 172969 0 0 0 296 0 12 353.312561 5.093000000
0.001785 0.001435 0.000000 7570 478516397 187002 187002 0 0 0 295 0 27 359.571838 5.119000000
0.001651 0.001539 0.000000 6555 454970501 165491 165491 0 0 0 313 0 17 355.270569 5.167000000
0.015583 0.001303 0.000000 7695 453276463 167735 167735 0 0 0 339 0 19 358.009399 5.107000000
0.001532 0.001391 0.000000 6803 466814630 190702 190702 0 0 0 296 0 21 365.874634 5.149000000
0.008743 0.002443 0.000000 7862 466869617 187813 187813 0 0 0 326 0 14 358.941406 5.090000000
0.001502 0.001424 0.000000 7016 469656568 174151 174151 0 0 0 334 0 16 356.002380 5.111000000
0.013632 0.001574 0.000000 8399 455141967 179738 179738 0 0 0 348 0 12 362.058105 5.112000000
