"Validation time(S)" "Validation time(S) CPU" "Validation time(S) GPU" "Commits" "Aborts" "Val Reads" "CPU Val Reads" "GPU Val Reads" "Wasted Val Reads" "GPU employment times" "Val success" "Val fail" "Snapshot ext. calls" "Energy (J)" "Time(S)"
0.001619 0.001541 0.000000 7352 472372535 165190 165190 0 0 0 280 0 11 362.209717 5.120000000
0.001299 0.001049 0.000000 7324 475399896 146581 146581 0 0 0 287 0 5 359.789490 5.105000000
0.001614 0.001507 0.000000 7449 459163715 175956 175956 0 0 0 304 0 16 363.469116 5.112000000
0.031112 0.002819 0.000000 8600 444695103 169089 169089 0 0 0 316 0 13 359.683655 5.089000000
0.002774 0.002683 0.000000 8163 458375155 192045 192045 0 0 0 306 0 9 361.684875 5.115000000
0.001209 0.001137 0.000000 6572 462096820 164993 164993 0 0 0 324 0 8 362.463135 5.110000000
0.001163 0.001077 0.000000 6928 488599161 172486 172486 0 0 0 305 0 18 364.931458 5.122000000
0.001687 0.001291 0.000000 7781 481298742 193786 193786 0 0 0 324 0 12 360.367859 5.114000000
0.001161 0.001077 0.000000 7162 487411624 153654 153654 0 0 0 297 0 16 361.926636 5.144000000
0.015508 0.001980 0.000000 5641 482146179 177867 177867 0 0 0 318 0 11 360.250000 5.111000000
0.001119 0.001034 0.000000 5999 475845346 145914 145914 0 0 0 294 0 14 361.179871 5.082000000
