"Validation time(S)" "Validation time(S) CPU" "Validation time(S) GPU" "Commits" "Aborts" "Val Reads" "CPU Val Reads" "GPU Val Reads" "Wasted Val Reads" "GPU employment times" "Val success" "Val fail" "Snapshot ext. calls" "Energy (J)" "Time(S)"
0.368718 0.163462 0.128125 181 1124100081 47165013 10645845 36519168 2649377 29 65 0 13 1868.463562 25.048000000
0.277825 0.141751 0.166331 182 1092277799 50251683 8421027 41830656 2398432 23 52 0 9 1931.730957 25.934000000
0.336240 0.162583 0.136427 157 1105137600 49528024 10487512 39040512 748513 27 44 0 9 2113.606812 28.594000000
0.203944 0.044454 0.123305 174 1325799359 36854024 3141128 33712896 3121480 24 45 0 11 2123.268188 28.832000000
0.243411 0.107904 0.077744 178 1205544139 33298328 7950488 25347840 1531329 20 58 0 11 2067.999084 27.816000000
0.280312 0.175405 0.111096 183 1272575576 37885720 11882008 26003712 682816 20 65 0 5 2062.897827 27.872000000
0.226929 0.142400 0.112021 158 1144764395 38217640 6649768 31567872 2212225 22 52 0 13 2084.207581 28.112000000
0.284842 0.137364 0.150935 204 1122375621 54720210 9922002 44798208 834660 31 67 0 9 2137.082825 29.368000000
0.247063 0.117976 0.092454 147 1416207531 36507351 7084503 29422848 528232 19 47 0 10 1963.655518 26.208000000
0.203090 0.057516 0.140698 142 1280738512 42246926 4469774 37777152 3287566 24 43 0 8 1895.113220 25.574000000
0.394796 0.166110 0.205038 179 1168476990 72928171 11668651 61259520 2289987 32 54 0 5 1759.511658 23.601000000
0.306255 0.112507 0.133751 200 1005310529 42730716 5475036 37255680 1369648 31 75 0 13 1806.477966 24.207000000
0.405553 0.138794 0.159621 181 1177547355 57537892 10761316 46776576 1161833 33 69 0 11 1911.572205 25.576000000
0.394115 0.215773 0.177838 134 1087579687 67475063 14376311 53098752 2414888 27 55 0 7 1905.528320 25.452000000
0.254752 0.098264 0.125717 152 1318310979 44515945 6851689 37664256 388221 21 59 0 6 2039.477844 27.273000000
0.286069 0.097203 0.182662 182 1154049632 54916477 6790525 48125952 5842552 22 45 0 10 1999.653198 26.779000000
0.177371 0.050867 0.102526 180 1270344733 40224742 6248422 33976320 654571 25 51 0 13 1880.591919 24.768000000
0.227530 0.069466 0.116016 139 1296671994 39496233 5111337 34384896 590524 21 43 0 7 1897.369507 25.304000000
0.345672 0.174105 0.090971 182 1317666603 35184425 9610793 25573632 2314764 19 56 0 9 2051.138245 27.659000000
0.269314 0.089800 0.165036 177 1130919772 50405179 10628155 39777024 1084281 29 52 0 10 1931.682251 26.068000000
0.229522 0.116952 0.100387 162 1102175231 37639524 7130724 30508800 1291104 24 56 0 15 1955.166443 26.545000000
0.211426 0.004817 0.110153 184 1006556182 36547777 625345 35922432 2721261 35 56 0 16 1814.102051 24.101000000
0.155832 0.066641 0.139350 177 1147529147 46458489 5412729 41045760 1083434 24 37 0 7 1948.263489 26.405000000
0.413790 0.190557 0.184988 197 1365139258 63308027 13537019 49771008 3299776 36 45 0 14 2186.248779 29.384000000
0.298118 0.171042 0.114380 190 1121870943 44450964 9732756 34718208 4014964 31 66 0 14 2101.645508 28.435000000
0.330652 0.214586 0.113409 182 1276395974 47755854 15515982 32239872 3443610 27 62 0 9 2072.265686 27.848000000
0.182988 0.075520 0.125416 144 1395334261 38394275 5971619 32422656 555064 21 61 0 4 2088.603210 28.034000000
0.176656 0.087749 0.113492 138 1378907806 36848186 8849978 27998208 1998777 16 49 0 11 1944.708740 25.859000000
0.203600 0.088297 0.136586 137 1364031603 39210129 5077905 34132224 3947989 19 43 0 6 1918.309387 25.941000000
0.200888 0.117080 0.089324 167 1243626960 36533825 8928065 27605760 359720 22 53 0 8 2013.700134 27.180000000
0.282010 0.066473 0.171204 197 1314177591 55172343 6019575 49152768 725586 32 59 0 7 2072.851990 28.224000000
