"Validation time(S)" "Validation time(S) CPU" "Validation time(S) GPU" "Commits" "Aborts" "Val Reads" "CPU Val Reads" "GPU Val Reads" "Wasted Val Reads" "GPU employment times" "Val success" "Val fail" "Snapshot ext. calls" "Energy (J)" "Time(S)"
0.342459 0.067271 0.176193 197 1143358207 56201613 6554253 49647360 1097592 36 62 0 10 1932.067749 26.067000000
0.315458 0.094107 0.153021 208 1186074507 39031054 3764494 35266560 912554 31 44 0 15 1864.546570 24.634000000
0.217843 0.050317 0.087687 152 1177740443 34369651 6516595 27853056 3403640 22 54 0 12 2023.684814 27.641000000
0.216591 0.041837 0.162448 172 1148920660 48912582 3786438 45126144 534804 27 50 0 8 1962.504944 26.265000000
0.292996 0.139782 0.116747 160 1154199479 39954527 7585631 32368896 3380615 26 48 0 11 2067.244934 27.708000000
0.283450 0.112168 0.129529 152 1140782039 41056797 6263325 34793472 797515 22 47 0 10 1765.364929 23.292000000
0.257165 0.088398 0.129070 182 1050262353 46593780 7209204 39384576 2074914 28 61 0 13 1762.793884 23.380000000
0.256604 0.087559 0.089260 207 1061444863 30082727 4471463 25611264 2446238 29 71 0 18 1917.518005 25.615000000
0.257159 0.131367 0.133592 179 1160384234 46167992 7928504 38239488 4732464 25 59 0 11 1996.051514 26.937000000
0.293151 0.120462 0.134602 184 1245332482 47368102 11209126 36158976 1213076 26 58 0 9 2060.374634 27.597000000
0.296083 0.208829 0.082755 159 1220352480 40044385 15282529 24761856 2743463 25 59 0 12 2001.385803 26.928000000
0.245297 0.130654 0.126265 176 1135131548 41377483 9691339 31686144 3813228 28 51 0 12 2036.681946 27.126000000
0.206976 0.049266 0.153644 156 1175421041 43435349 2868053 40567296 2072059 24 50 0 6 2136.839355 28.645000000
0.409999 0.192218 0.136449 173 1267472224 51487312 11930704 39556608 3359719 27 53 0 8 2012.475342 27.098000000
0.311925 0.145097 0.139439 171 1194690938 49087627 12213643 36873984 2381285 26 45 0 10 1840.486572 24.662000000
0.413973 0.203773 0.207320 155 1195096273 67125688 10220728 56904960 3328007 30 72 0 5 2028.850403 27.252000000
0.444097 0.216089 0.136132 199 1221450136 54957438 16174974 38782464 2833056 28 82 0 11 2138.556946 28.983000000
0.256356 0.175706 0.092964 169 1258966381 38131316 11149172 26982144 2944204 19 66 0 5 2028.446594 27.455000000
0.270915 0.136367 0.087540 154 1222133044 34723153 8520529 26202624 1578433 22 42 0 7 2075.209534 27.827000000
0.229312 0.119896 0.140063 153 1106458698 42706228 7767604 34938624 4936693 22 37 0 12 1969.162659 26.581000000
0.227968 0.072605 0.123340 172 1221996411 39624960 4100352 35524608 4954349 20 55 0 12 2124.153564 28.738000000
0.310718 0.164574 0.110948 204 1253567592 38541289 10392553 28148736 3068584 27 71 0 13 2119.511719 28.690000000
0.122538 0.050425 0.082083 136 1369696688 31396412 6139964 25256448 501703 17 42 0 8 1958.048462 26.441000000
0.180833 0.048490 0.101163 147 1231934712 35846263 5353591 30492672 1076290 19 41 0 7 1923.891113 25.628000000
0.337223 0.158094 0.134656 192 1265642410 47205141 9712917 37492224 908758 29 66 0 9 1937.106873 26.112000000
0.305771 0.086144 0.153477 211 1264885370 47336824 5672824 41664000 1449151 31 70 0 15 2191.230347 29.584000000
0.270567 0.172645 0.088717 156 1156990800 36496505 9847673 26648832 2776225 19 43 0 11 2033.380859 27.194000000
0.227029 0.151023 0.105854 148 1528717703 41062666 9779722 31282944 1030748 19 51 0 6 2092.099304 27.968000000
0.331931 0.160835 0.119889 132 1093296494 44030018 11150402 32879616 124981 25 58 0 5 2002.939270 26.892000000
0.205586 0.010933 0.117154 202 1237771581 37450676 1307828 36142848 1973729 31 69 0 15 1977.434509 26.729000000
0.214974 0.086998 0.108270 156 1026406722 40116035 6456899 33659136 1449925 23 53 0 6 1830.060669 24.384000000
