"Validation time(S)" "Validation time(S) CPU" "Validation time(S) GPU" "Commits" "Aborts" "Val Reads" "CPU Val Reads" "GPU Val Reads" "Wasted Val Reads" "GPU employment times" "Val success" "Val fail" "Snapshot ext. calls" "Energy (J)" "Time(S)"
0.007514 0.005462 0.000000 44198 1760356875 755418 755418 0 0 0 736 0 19 1538.099854 20.086000000
0.007047 0.006790 0.000000 41589 1769639731 765825 765825 0 0 0 780 0 19 1562.851990 20.141000000
0.021956 0.005142 0.000000 41444 1850879406 740315 740315 0 0 0 741 0 21 1552.578613 20.107000000
0.005882 0.005703 0.000000 42886 1837305471 682297 682297 0 0 0 619 0 18 1550.538635 20.131000000
0.018749 0.005331 0.000000 42366 1820325500 782607 782607 0 0 0 830 0 28 1554.257568 20.114000000
0.010172 0.005342 0.000000 43325 1768789685 760408 760408 0 0 0 785 0 17 1548.051880 20.124000000
0.008468 0.005145 0.000000 40825 1853492683 761482 761482 0 0 0 730 0 11 1555.893311 20.130000000
0.008248 0.007102 0.000000 43732 1863064433 727074 727074 0 0 0 671 0 15 1562.042664 20.150000000
0.006534 0.005572 0.000000 42481 1824879334 777250 777250 0 0 0 800 0 16 1555.989319 20.152000000
0.005017 0.004745 0.000000 40893 1852387459 721390 721390 0 0 0 726 0 24 1565.742737 20.109000000
0.005872 0.005688 0.000000 41160 1910100033 678424 678424 0 0 0 600 0 19 1567.475342 20.174000000
