"Validation time(S)" "Validation time(S) CPU" "Validation time(S) GPU" "Commits" "Aborts" "Val Reads" "CPU Val Reads" "GPU Val Reads" "Wasted Val Reads" "GPU employment times" "Val success" "Val fail" "Snapshot ext. calls" "Energy (J)" "Time(S)"
0.005323 0.005065 0.000000 44005 1737875897 764220 764220 0 0 0 739 0 16 1558.139893 20.104000000
0.018615 0.018050 0.000000 39502 1859628333 753316 753316 0 0 0 786 0 18 1562.863403 20.135000000
0.020894 0.004972 0.000000 45250 1794436288 744528 744528 0 0 0 691 0 14 1554.238770 20.102000000
0.004960 0.004699 0.000000 41032 1882202177 757577 757577 0 0 0 717 0 20 1569.243164 20.088000000
0.005230 0.004939 0.000000 42415 1844595434 769609 769609 0 0 0 776 0 19 1567.734009 20.147000000
0.005850 0.005528 0.000000 43437 1810069580 773612 773612 0 0 0 702 0 14 1557.998596 20.117000000
0.005325 0.005082 0.000000 41165 1844158372 723237 723237 0 0 0 725 0 28 1557.549927 20.101000000
0.005654 0.005362 0.000000 46508 1792059357 741292 741292 0 0 0 717 0 16 1553.473083 20.093000000
0.005134 0.004952 0.000000 43805 1772850294 780522 780522 0 0 0 722 0 18 1545.386963 20.093000000
0.005347 0.004510 0.000000 41704 1826631910 703958 703958 0 0 0 649 0 23 1546.236755 20.111000000
0.019366 0.010912 0.000000 42452 1864311330 719353 719353 0 0 0 718 0 16 1567.557922 20.102000000
