"Validation time(S)" "Commits" "Aborts" "Val Reads" "Val success" "Val fail" "Energy (J)" "Time(S)"
0.232045 35000000 3 3550115 10599043 3 143.332886 4.468490124
0.229922 35000000 3 3131834 10587018 3 141.519714 4.418169022
0.235137 35000000 1 3142839 10581284 1 141.925659 4.415544987
0.245079 35000000 6 3339477 10657866 6 143.877686 4.462797880
0.231689 35000000 3 3532035 10603340 3 139.620850 4.474300146
0.232054 35000000 6 3559978 10605756 6 143.041870 4.464152098
0.242556 35000000 3 3308926 10623766 3 144.127441 4.473234177
0.232207 35000000 3 3650311 10566477 3 143.329712 4.519595146
0.230056 35000000 6 3595300 10539919 6 144.646729 4.538769007
0.236899 35000000 4 3329879 10612755 4 144.856506 4.506674051
0.225943 35000000 2 3306787 10540698 2 143.261353 4.450453997
0.22846 35000000 3 3194930 10511668 3 144.295349 4.476784945
0.232265 35000000 9 3135244 10572832 9 142.258484 4.424223185
0.233871 35000000 7 3627521 10617702 7 143.258972 4.497444868
0.235885 35000000 6 3497046 10599996 6 139.177551 4.473077774
0.22943 35000000 3 3152153 10601657 3 142.185181 4.427407980
0.228142 35000000 4 3496999 10609446 4 145.208618 4.544638157
0.228346 35000000 3 3421837 10571981 3 142.957825 4.454587936
0.232593 35000000 8 3221032 10499516 8 143.186035 4.508394957
0.228902 35000000 4 3348050 10556665 4 140.074219 4.454818964
0.232846 35000000 4 3522836 10605147 4 144.295715 4.472433090
0.228067 35000000 3 3358519 10568019 3 143.762207 4.458491087
