"Validation time(S)" "Commits" "Aborts" "Val Reads" "Val success" "Val fail" "Energy (J)" "Time(S)"
0.002624 54920 1782 1215603 31266 1782 0.599854 0.011590004
0.002712 54920 1858 1245754 30950 1858 0.577087 0.011764050
0.002592 54920 1785 1220742 30885 1785 0.628235 0.011575937
0.002597 54920 1835 1229650 31154 1835 0.597534 0.010873079
0.002715 54920 1767 1250482 31263 1767 0.505981 0.011779070
0.002584 54920 1844 1237656 31301 1844 0.509949 0.011332989
0.00261 54920 1827 1238820 30984 1827 0.468506 0.010933161
0.002631 54920 1724 1243852 31286 1724 0.484924 0.010943890
0.002809 54920 1743 1264286 31161 1743 0.513062 0.011680841
0.002813 54920 1721 1247310 31032 1721 0.479492 0.011212111
0.002718 54920 1875 1219405 31099 1875 0.499207 0.011573076
0.002791 54920 1717 1253809 31027 1717 0.511963 0.011653900
0.002738 54920 1890 1240869 31007 1890 0.501160 0.011107922
0.002727 54920 1832 1230012 31099 1832 0.479858 0.011568069
0.002743 54920 1812 1224628 30950 1812 0.508118 0.011705160
0.002575 54920 1751 1224288 30917 1751 0.511719 0.011165857
0.002698 54920 1891 1252275 31104 1891 0.516785 0.011684895
0.002711 54920 1743 1230310 30986 1743 0.515686 0.011569977
0.002625 54920 1872 1233140 31201 1872 0.477966 0.011395931
0.002799 54920 1735 1245509 31270 1735 0.483582 0.011615038
0.002699 54920 1743 1238586 30777 1743 0.515747 0.011615038
0.002584 54920 1822 1232606 31291 1822 0.504395 0.011662006
0.002804 54920 1782 1240307 31291 1782 0.487366 0.011206865
0.002681 54920 1762 1234816 31398 1762 0.499817 0.011553049
0.002694 54920 1779 1236343 31263 1779 0.512512 0.011487007
0.00265 54920 1723 1236000 31434 1723 0.482178 0.011483908
0.002736 54920 1778 1261832 31242 1778 0.518738 0.011669159
0.002565 54920 1824 1223770 31201 1824 0.485046 0.010872126
0.002707 54920 1836 1229923 31030 1836 0.479614 0.011312008
0.002634 54920 1756 1241823 31084 1756 0.513611 0.011419058
0.002642 54920 1777 1254341 31213 1777 0.480957 0.011697054
