"Validation time(S)" "Commits" "Aborts" "Val Reads" "Val success" "Val fail" "Energy (J)" "Time(S)"
0.000188 21847 119 53747 3965 119 1.606384 0.040795803
1.2e-05 21847 1 1177 265 1 1.871765 0.049588919
0.000186 21847 119 57330 4026 119 1.569214 0.040736198
1.1e-05 21847 3 2291 426 3 1.846252 0.049556017
0.000196 21847 120 54964 3957 120 1.568542 0.040322065
3.2e-05 21847 8 3453 527 8 1.856384 0.049623013
0.00022 21847 113 52025 4002 113 1.564270 0.040511847
0.000194 21847 117 50133 4007 117 1.564636 0.040505171
3e-05 21847 8 4024 689 8 1.858032 0.050719023
0.00018 21847 122 51728 3992 122 1.560181 0.040379047
4e-05 21847 10 4117 687 10 1.830750 0.049511909
1.8e-05 21847 3 2120 395 3 1.809998 0.049612045
6e-06 21847 4 1092 197 4 1.825012 0.049605131
0.000173 21847 107 54893 3927 107 1.561218 0.040435076
0.000177 21847 95 50269 3953 95 1.606628 0.040620804
0.000209 21847 104 53297 4017 104 1.560120 0.040615082
4.4e-05 21847 6 4225 628 6 1.853271 0.049479961
2.6e-05 21847 5 3499 499 5 1.825134 0.049644947
0.000194 21847 115 54086 3965 115 1.557739 0.040159941
1.8e-05 21847 4 2520 396 4 1.855652 0.049665928
0.0002 21847 109 54011 3923 109 1.566406 0.040500164
1.6e-05 21847 4 2157 369 4 1.820435 0.049700022
2.3e-05 21847 9 2776 466 9 1.846558 0.050245047
2.3e-05 21847 10 3826 609 10 1.828064 0.049425125
0.000218 21847 125 51004 4090 125 1.579590 0.040658951
0.000211 21847 120 51895 3869 120 1.561340 0.040480137
0.000189 21847 102 50903 3976 102 1.600952 0.040547132
1.3e-05 21847 3 1183 250 3 1.838074 0.049519062
0.000191 21847 106 57167 4096 106 1.588806 0.040971994
1.8e-05 21847 4 1210 318 4 1.835327 0.049659014
2e-05 21847 5 3210 502 5 1.814636 0.049252987
