"Validation time(S)" "Commits" "Aborts" "Val Reads" "Val success" "Val fail" "Energy (J)" "Time(S)"
0.402561 400000 12894 213032270 25839 12894 416.230347 10.484807014
0.401526 400000 12897 212773631 25882 12897 420.601501 10.588173151
0.404706 400000 12640 209673159 25461 12640 425.588135 10.829584122
0.419826 400000 13423 214184423 25853 13423 408.309265 10.011156082
0.39745 400000 12791 211681849 25702 12791 411.317444 10.240685940
0.402589 400000 13078 214610331 26008 13078 407.039246 10.076432943
0.401167 400000 12531 211462640 25572 12531 417.041016 10.565865993
0.401588 400000 13265 214088003 25767 13265 409.633057 10.301239967
0.408802 400000 13022 213173352 25769 13022 412.600098 10.114667892
0.406289 400000 13005 213742993 25890 13005 409.344727 10.162318945
0.421288 400000 13213 217356712 26214 13213 407.577087 10.091820955
0.401293 400000 13232 213883968 25987 13232 411.840515 9.979475975
0.402835 400000 13266 217048093 26330 13266 411.312561 10.077039003
