"Validation time(S)" "Commits" "Aborts" "Val Reads" "Val success" "Val fail" "Energy (J)" "Time(S)"
2.42654 200000 50727 1278083652 101389 50727 297.628113 7.596875906
2.5035 200000 50658 1306001680 105220 50658 306.709900 7.785824776
2.50324 200000 51699 1310753522 107224 51699 299.306274 7.586628914
2.43468 200000 46401 1184450683 94330 46401 302.131592 7.899981976
2.54814 200000 51745 1320220532 105610 51745 298.417053 7.436872005
2.4135 200000 49687 1273204419 102917 49687 301.390991 7.616315126
2.48411 200000 52305 1318021975 105634 52305 299.914246 7.437075853
2.53432 200000 52033 1320819115 105170 52033 299.052612 7.429551125
2.57018 200000 52324 1330430349 106022 52324 300.962708 7.487734079
2.49235 200000 52078 1322387908 105138 52078 296.732727 7.372268200
2.56566 200000 52631 1319572264 104433 52631 298.392517 7.440491915
2.42199 200000 50926 1294031326 103186 50926 295.531982 7.407522917
2.41279 200000 51707 1291839230 103695 51707 297.249817 7.423649073
