"Validation time(S)" "Commits" "Aborts" "Val Reads" "Val success" "Val fail" "Energy (J)" "Time(S)"
0.333484 15000000 2024237 102041678 1227161 2024237 185.497620 5.469209909
0.33919 15000000 1917344 99741876 1319332 1917344 184.608826 5.451724052
0.345318 15000000 1957660 100367200 1286081 1957660 188.575745 5.577641010
0.331212 15000000 1932507 99920052 1309294 1932507 184.748718 5.440213919
0.336612 15000000 1908968 99340377 1327563 1908968 184.562378 5.450592041
0.320379 15000000 1854083 98513025 1378840 1854083 183.833984 5.435336113
0.332625 15000000 1930898 100068945 1311943 1930898 185.139160 5.470149994
0.327243 15000000 1908684 99920067 1323903 1908684 182.507080 5.384814024
0.341537 15000000 1936364 100541282 1305773 1936364 185.174683 5.469317913
0.342112 15000000 2000730 101408493 1244190 2000730 184.968384 5.458836079
0.333856 15000000 1898585 99052794 1333441 1898585 182.805542 5.397835016
0.340457 15000000 1998979 101768001 1250546 1998979 186.990540 5.528719187
0.323235 15000000 1933825 100066127 1308208 1933825 184.005737 5.421595097
0.336892 15000000 2021638 101692332 1230994 2021638 184.318115 5.446793079
0.33062 15000000 1944844 100286364 1296465 1944844 184.232361 5.431906939
0.338627 15000000 1988841 101153911 1260846 1988841 186.632996 5.536591053
0.325955 15000000 1819378 97087945 1401148 1819378 185.330994 5.470646858
0.338169 15000000 1983595 100970146 1261143 1983595 186.593872 5.533538103
0.327582 15000000 1912911 99523137 1320681 1912911 181.486023 5.380196095
0.318745 15000000 1868557 98604924 1360013 1868557 182.025574 5.385216951
0.326057 15000000 2030995 102127772 1225069 2030995 185.574707 5.438093901
0.337517 15000000 2017925 101665411 1228428 2017925 186.119812 5.442774057
0.347324 15000000 2019308 101731678 1230094 2019308 186.384949 5.452017069
0.335879 15000000 2025419 101947704 1226232 2025419 186.011902 5.452144146
0.336232 15000000 2017568 101670159 1234846 2017568 185.220520 5.437611103
0.345289 15000000 2026909 102246747 1227579 2026909 187.038269 5.478123188
0.337386 15000000 2028002 101812795 1222879 2028002 185.834961 5.443718910
0.333144 15000000 2042901 102234280 1212629 2042901 186.279297 5.458750010
0.335095 15000000 2014634 101850183 1231942 2014634 185.068542 5.428680897
0.337824 15000000 2029676 102071198 1221053 2029676 186.082275 5.444866896
