"Validation time(S)" "Commits" "Aborts" "Val Reads" "Val success" "Val fail" "Energy (J)" "Time(S)"
0.074325 25000000 572832 22371911 52562 572832 266.157043 7.672245979
0.075558 25000000 578185 22486120 48223 578185 264.898743 7.651587009
0.073898 25000000 576883 22447884 49720 576883 264.466858 7.613690138
0.075608 25000000 574182 22367938 51042 574182 262.545654 7.609718084
0.075547 25000000 570264 22334283 54173 570264 265.858154 7.589731932
0.073815 25000000 570181 22263234 52986 570181 262.613037 7.597562075
0.075208 25000000 573987 22328116 49278 573987 265.568054 7.682334185
0.075881 25000000 576721 22438933 49402 576721 264.830627 7.659531832
0.07483 25000000 574397 22458318 50447 574397 263.566589 7.593631029
0.07156 25000000 571963 22386457 53500 571963 261.922119 7.634377003
0.074231 25000000 567371 22328196 57353 567371 264.515381 7.625578880
0.072947 25000000 575481 22440452 50464 575481 263.813782 7.623906136
0.076118 25000000 572667 22329102 53275 572667 266.083496 7.615747929
0.071148 25000000 570923 22333981 53616 570923 262.648987 7.600520134
0.075263 25000000 576621 22433813 49139 576621 266.051086 7.665413857
0.075317 25000000 575885 22515606 49372 575885 266.399780 7.663268089
0.073704 25000000 572195 22398571 52635 572195 262.839294 7.682353973
0.075064 25000000 576256 22433378 48628 576256 262.321167 7.579409122
0.071964 25000000 573519 22351467 51299 573519 263.903442 7.735852003
0.074658 25000000 575095 22387605 50705 575095 266.404724 7.762027025
0.072571 25000000 577382 22439721 48016 577382 265.488220 7.597183943
0.071228 25000000 577903 22467957 48907 577903 265.349060 7.591487885
0.073518 25000000 576789 22402515 47895 576789 264.927490 7.577178001
0.0741 25000000 575990 22416943 48046 575990 265.028076 7.580696106
0.075232 25000000 579176 22497859 47713 579176 264.919739 7.578598976
0.072816 25000000 578072 22416391 48193 578072 265.491211 7.581125975
0.073431 25000000 577060 22456026 49264 577060 265.402954 7.594682932
0.073226 25000000 577176 22424615 48303 577176 265.219543 7.588855982
0.072762 25000000 578080 22524514 48368 578080 265.244324 7.591665030
0.073358 25000000 577522 22445686 48556 577522 265.638245 7.598973989
