"Validation time(S)" "Commits" "Aborts" "Val Reads" "Val success" "Val fail" "Energy (J)" "Time(S)"
0.381579 1000000 969 194394764 90275 969 383.376160 9.966014147
0.385773 1000000 924 195188310 89328 924 394.453857 10.456436157
0.378303 1000000 957 197227713 90590 957 383.427307 9.927735806
0.382341 1000000 918 198536706 90816 918 387.945862 9.997160912
0.4134 1000000 983 197817813 91441 983 381.934265 9.735849857
0.385029 1000000 929 198286776 90517 929 391.921997 9.993375063
0.376329 1000000 949 198378490 90964 949 377.788574 9.589530230
0.402073 1000000 966 200467621 90765 966 383.161926 9.661144018
0.375502 1000000 927 195046730 90383 927 383.170349 9.599673986
0.392894 1000000 1009 198186019 90594 1009 384.544128 9.655366898
0.413051 1000000 1010 196711215 90656 1010 377.184570 9.704530001
0.382234 1000000 962 197300083 90752 962 374.868286 9.620901823
0.424081 1000000 953 196849732 91175 953 378.891174 9.575398207
0.410355 1000000 960 200604748 91516 960 378.972900 9.593605995
0.374792 1000000 932 198434907 90588 932 389.807617 9.671018124
0.405442 1000000 935 200202820 91811 935 377.234924 9.655061007
0.38575 1000000 954 200535109 91212 954 381.266174 9.695075035
0.412957 1000000 910 198204861 91675 910 386.102356 9.732598066
0.393524 1000000 954 196993769 90274 954 381.146606 9.771269083
0.381189 1000000 964 199029669 91283 964 377.666626 9.559442997
