"Validation time(S)" "Commits" "Aborts" "Val Reads" "Val success" "Val fail" "Energy (J)" "Time(S)"
2.41518 50000000 1148856 1094582056 39779982 1148856 410.404175 11.461496115
2.67598 50000000 1247302 1195560483 40804314 1247302 422.395752 11.900764942
2.26642 50000000 1194131 1019335306 41023241 1194131 380.509888 10.535547018
2.31979 50000000 1271974 1064349573 40990600 1271974 392.516785 10.809288979
2.42912 50000000 1176488 1112867984 41576463 1176488 394.410400 10.860630989
2.33942 50000000 1263924 1077956072 41340625 1263924 391.265930 10.793838024
2.23468 50000000 1258268 946436702 41535716 1258268 381.046387 10.522135973
2.24916 50000000 1229689 997538751 40439923 1229689 385.977844 10.714998960
2.18428 50000000 1165441 980441936 41507371 1165441 381.257324 10.348801136
2.4138 50000000 1256850 1129295238 41086718 1256850 399.342102 11.020852089
2.36471 50000000 1205981 1014225175 41266027 1205981 392.408691 10.868538857
2.53653 50000000 1289464 1134784851 41338197 1289464 405.685120 11.244770050
2.16155 50000000 1172874 972858694 41568583 1172874 376.025024 10.293045998
2.37652 50000000 1229405 1098143621 41262851 1229405 399.863037 10.944478035
2.43334 50000000 1180438 1113906756 41457304 1180438 397.577698 10.984251022
2.21541 50000000 1201667 997322665 41674019 1201667 379.010254 10.378793001
2.47325 50000000 1218578 1144806751 41689862 1218578 398.669861 10.999023199
2.43643 50000000 1148500 1123921279 41812283 1148500 398.882202 10.889951944
2.27976 50000000 1261431 1018153940 41384091 1261431 386.760620 10.653356075
2.53276 50000000 1221071 1242866959 41459730 1221071 409.297302 11.266447783
