"Validation time(S)" "Commits" "Aborts" "Val Reads" "Val success" "Val fail" "Energy (J)" "Time(S)"
0.001827 93687 1 26466 46052 1 1.116333 0.038635969
0.001823 93687 0 22766 51861 0 1.070312 0.036265850
0.002309 93687 1 30844 59196 1 1.120300 0.038086891
0.002297 93687 1 29588 57379 1 1.173035 0.037875175
0.002324 93687 1 26966 57519 1 1.037292 0.037829876
0.002246 93687 6 27470 60692 6 1.055786 0.037338018
0.002206 93687 3 28273 59221 3 1.125244 0.036692858
0.002169 93687 0 27957 58873 0 1.056152 0.037656069
0.001872 93687 1 22332 54304 1 1.026550 0.037089825
0.001819 93687 1 21810 54272 1 1.030396 0.037077904
0.002592 93687 1 34150 67418 1 1.012512 0.036645889
0.002425 93687 3 29333 59886 3 1.030151 0.037832975
0.002276 93687 1 24782 55027 1 1.038269 0.037316084
0.002207 93687 1 25969 58502 1 1.052673 0.037676096
0.002274 93687 1 27056 60405 1 1.022949 0.037385941
0.002147 93687 0 26483 55421 0 1.038147 0.037870884
0.002264 93687 1 27369 60711 1 1.024048 0.037360191
0.001905 93687 1 24398 55599 1 1.034790 0.037114143
0.00213 93687 1 27098 61830 1 1.025574 0.037106991
0.001922 93687 2 23825 54049 2 1.007996 0.037057877
0.002201 93687 0 28948 58621 0 1.034668 0.037714958
0.002318 93687 2 27412 58088 2 1.038025 0.038107872
0.002778 93687 0 37363 68813 0 1.025696 0.037707090
0.00229 93687 0 29189 61154 0 1.039001 0.037580013
0.002289 93687 1 29568 59915 1 1.024109 0.037635803
0.0017 93687 2 21070 50897 2 1.101929 0.036216021
0.002335 93687 2 27534 60105 2 1.037048 0.037472963
0.002258 93687 0 29227 61054 0 1.028198 0.036406040
0.002007 93687 0 24748 52720 0 1.055481 0.037867069
0.002303 93687 2 27304 58340 2 1.065491 0.037868977
0.001859 93687 1 22003 55062 1 1.048462 0.036866188
