"Validation time(S)" "Commits" "Aborts" "Val Reads" "Val success" "Val fail" "Energy (J)" "Time(S)"
0.12689 22362283 8 1556551 4562558 8 224.081055 8.064489841
0.128898 22362283 21 1561932 4584796 21 225.337646 8.075268745
0.143898 22362283 2 1515447 4568169 2 228.265930 8.121199131
0.139377 22362281 12 1574944 4751500 12 226.369507 8.052091122
0.126132 22362283 19 1550915 4459231 19 220.585754 8.046165228
0.135547 22362281 11 1525039 4677885 11 222.744995 8.070933104
0.126967 22362283 9 1590112 4529663 9 219.879700 8.026962996
0.131808 22362283 7 1482390 4568613 7 221.329285 8.089913130
0.127173 22362283 3 1398653 4367723 3 229.469849 8.342221975
0.130119 22362283 19 1383897 4443097 19 219.068115 8.028495073
0.112076 22362283 15 1397678 4334284 15 226.837830 8.352813005
0.116446 22362281 15 1413621 4365069 15 227.579224 8.357121944
0.106992 22362281 17 1259600 4004286 17 226.747131 8.300226688
0.129612 22362281 13 1462866 4376505 13 226.569458 8.330198050
0.130663 22362281 12 1342010 4286879 12 221.892822 8.112756014
0.141582 22362283 17 1612378 4745890 17 221.671204 8.119421959
0.141773 22362281 14 1530307 4601376 14 221.798767 8.096590042
0.126762 22362283 24 1593162 4510406 24 219.091797 8.029649734
0.125546 22362281 12 1561933 4521727 12 220.447510 8.015714884
0.128941 22362281 5 1545430 4485596 5 219.742126 8.041173935
0.127658 22362283 6 1494544 4462933 6 221.073486 8.083559990
0.130445 22362283 18 1409822 4346232 18 222.831055 8.101948023
0.129422 22362281 10 1598264 4520054 10 221.659546 8.053142071
0.11855 22362283 14 1381028 4216615 14 222.906616 8.105750084
0.128154 22362281 9 1372823 4378841 9 225.371887 8.250150919
0.128155 22362283 10 1382331 4388025 10 220.595703 8.046918631
0.106723 22362283 3 1238240 4044980 3 218.976685 8.012320995
0.129937 22362283 16 1565977 4583402 16 226.863708 8.329447269
0.129753 22362283 9 1475759 4560321 9 221.216980 8.106793165
0.124125 22362283 16 1542986 4585640 16 220.280823 8.042876959
0.126858 22362281 8 1389272 4435213 8 229.841675 8.466710091
