"Validation time(S)" "Commits" "Aborts" "Val Reads" "Val success" "Val fail" "Energy (J)" "Time(S)"
0.000673 1000000 17 69081 18054 17 65.809631 1.703485966
0.000193 1000000 2 13903 4339 2 65.998840 1.702454090
0.000164 1000000 3 17908 4670 3 65.925659 1.699928045
0.000687 1000000 13 82896 18377 13 65.906250 1.701394081
0.001127 1000000 28 194168 26761 28 69.282043 1.852021933
0.000693 1000000 16 78873 17652 16 65.918579 1.704385042
0.002127 1000000 70 418596 45635 70 78.572327 2.220190048
0.000479 1000000 14 48182 11622 14 66.003662 1.703767061
0.000636 1000000 14 58544 15774 14 66.000610 1.703902006
0.000638 1000000 10 58376 15191 10 65.738586 1.704066992
0.000182 1000000 5 19283 4657 5 65.993652 1.703706026
0.000241 1000000 3 24698 6424 3 65.887573 1.701650858
0.000567 1000000 5 37309 13553 5 65.933594 1.704462051
0.002215 1000000 100 460858 48801 100 79.979614 2.282209873
0.001202 1000000 27 136687 30860 27 66.035889 1.704819918
0.00044 1000000 9 45572 11185 9 66.015930 1.703050852
0.001556 1000000 54 268513 37416 54 74.704651 1.990710020
0.000277 1000000 7 28459 7392 7 65.902954 1.700196028
0.001904 1000000 84 400609 43125 84 76.595703 2.174054861
0.000643 1000000 14 62509 16089 14 64.346741 1.703360081
0.000222 1000000 6 20505 5180 6 66.148254 1.705332041
0.00202 1000000 91 417811 44659 91 77.021790 2.093989134
0.000718 1000000 17 66065 17445 17 66.397705 1.704719067
0.000959 1000000 18 83457 23259 18 66.126465 1.706032991
0.000504 1000000 7 56358 12358 7 66.074768 1.703392029
0.000752 1000000 27 137906 17299 27 69.382141 1.814814806
0.000619 1000000 13 61073 14816 13 65.958374 1.702164173
0.001216 1000000 17 128908 30221 17 66.166443 1.705851078
0.000551 1000000 18 61056 14429 18 66.018433 1.702536821
0.000739 1000000 14 82672 19270 14 66.102356 1.706059933
