"Validation time(S)" "Commits" "Aborts" "Val Reads" "Val success" "Val fail" "Energy (J)" "Time(S)"
0.912173 4194304 5 616580683 4171302 5 266.073669 7.935256958
0.907245 4194304 5 612600118 4142409 5 267.490356 7.999229193
0.915337 4194304 3 619006901 4162111 3 268.045837 8.010704994
0.906902 4194304 3 610609246 4138424 3 268.723938 8.019814014
0.922326 4194304 4 617729700 4131966 4 263.972839 8.034394026
0.927198 4194304 4 624510266 4167972 4 267.808960 8.088988066
0.920008 4194304 3 623367396 4176142 3 265.540344 7.943927050
0.915376 4194304 4 614535175 4141446 4 261.066956 7.923610926
0.921172 4194304 3 618408246 4142310 3 265.922791 8.033086061
0.917344 4194304 5 620475431 4160472 5 265.431641 7.938469887
0.912791 4194304 3 615727554 4150382 3 261.465393 7.978296041
0.916127 4194304 8 617040110 4160829 8 259.350708 7.940731049
0.925531 4194304 5 622848224 4160685 5 265.161499 8.037519932
0.913644 4194304 5 615555520 4149616 5 261.792603 7.929844856
0.931588 4194304 6 623205525 4159205 6 267.293701 8.060513020
0.914821 4194304 4 613120218 4127757 4 264.636353 8.064341068
0.917493 4194304 6 623531578 4178959 6 260.703552 7.915486813
0.923288 4194304 3 622546606 4163045 3 263.129700 7.961577892
0.922167 4194304 3 622193335 4175755 3 262.085144 7.933310986
0.914003 4194304 3 617450256 4145390 3 263.939880 7.962832928
0.923984 4194304 4 617472734 4123931 4 265.360962 8.070430040
0.916341 4194304 8 616989024 4160486 8 260.978149 7.950087070
0.920078 4194304 5 619913659 4152377 5 262.043335 7.967258930
0.92412 4194304 3 620360639 4148506 3 269.339111 8.078779936
0.924116 4194304 4 624334191 4177152 4 266.045349 7.944436073
0.92798 4194304 5 626905146 4179662 5 265.642944 8.054739952
0.920555 4194304 5 618610763 4163127 5 260.823181 7.903931856
0.909029 4194304 6 611335880 4126833 6 264.739258 8.011856794
0.924478 4194304 2 622783274 4180958 2 264.253967 7.967630148
0.91944 4194304 2 617274881 4155764 2 263.381775 7.974690914
0.918805 4194304 2 619314261 4170358 2 263.377686 7.911689997
