"Validation time(S)" "Commits" "Aborts" "Val Reads" "Val success" "Val fail" "Energy (J)" "Time(S)"
0.00157 4096 2 457035 4015 2 0.160522 0.005200863
0.001554 4096 1 456225 4022 1 0.167847 0.005154848
0.001512 4096 0 450416 3970 0 0.189087 0.005265951
0.001543 4096 0 454310 4002 0 0.194580 0.005215883
0.001527 4096 0 463115 4008 0 0.159729 0.005071878
0.001498 4096 0 471412 4031 0 0.193542 0.005147934
0.001536 4096 0 467633 4051 0 0.162109 0.005081892
0.001524 4096 0 464266 3997 0 0.193909 0.005097151
0.001555 4096 0 461308 4003 0 0.189758 0.005100012
0.001552 4096 0 461737 4015 0 0.187439 0.005069017
0.001557 4096 0 467049 4014 0 0.193909 0.005091906
0.00148 4096 0 465371 4040 0 0.159241 0.005053997
0.00154 4096 0 464159 4018 0 0.191650 0.005076885
0.001529 4096 0 459715 3995 0 0.160767 0.005107880
0.001492 4096 0 463720 3999 0 0.197327 0.005100012
0.001506 4096 0 467023 4024 0 0.191650 0.005071163
0.001501 4096 0 465883 4027 0 0.187317 0.005080938
0.001546 4096 0 475157 4045 0 0.193970 0.005074024
0.001639 4096 0 472710 4036 0 0.192505 0.005154133
0.001505 4096 1 457826 4006 1 0.194824 0.005077839
0.001541 4096 0 466010 4019 0 0.187927 0.005073071
0.001586 4096 0 464900 4031 0 0.165100 0.005085945
0.001607 4096 0 459374 3966 0 0.161987 0.005130053
0.001557 4096 0 458714 4003 0 0.197144 0.005090952
0.001568 4096 0 462919 4010 0 0.190430 0.005107880
0.001519 4096 0 470833 4036 0 0.193787 0.005108833
0.001588 4096 1 470772 4027 1 0.195557 0.005131960
0.001525 4096 0 465846 4047 0 0.165405 0.005069017
0.001567 4096 1 458589 3998 1 0.189331 0.005086899
0.001514 4096 0 460464 3981 0 0.160034 0.005118847
0.001573 4096 0 462686 4025 0 0.162598 0.005058050
