"Validation time(S)" "Commits" "Aborts" "Val Reads" "Val success" "Val fail" "Energy (J)" "Time(S)"
0.004672 4096 0 528969 4045 0 0.378235 0.012391806
0.004715 4096 0 534342 4075 0 0.406738 0.012388945
0.004698 4096 0 525857 4032 0 0.412720 0.012521982
0.004788 4096 0 541186 4084 0 0.411255 0.012475014
0.004749 4096 0 537273 4070 0 0.406311 0.012383938
0.004743 4096 0 540805 4083 0 0.409180 0.012412071
0.004662 4096 0 531232 4050 0 0.404785 0.012343168
0.004684 4096 0 544432 4089 0 0.404785 0.012375116
0.004626 4096 0 533133 4049 0 0.408752 0.012344837
0.0047 4096 0 533420 4082 0 0.377380 0.012362957
0.004788 4096 0 537656 4083 0 0.403320 0.012324810
0.004698 4096 0 530936 4060 0 0.407837 0.012305975
0.004639 4096 0 531468 4051 0 0.407837 0.012367964
0.00471 4096 0 533715 4078 0 0.405396 0.012291908
0.004675 4096 0 530453 4042 0 0.409363 0.012435198
0.004705 4096 0 540167 4064 0 0.414673 0.012443066
0.004678 4096 0 531551 4079 0 0.406311 0.012328148
0.004654 4096 0 534321 4059 0 0.409790 0.012359858
0.00468 4096 0 531214 4061 0 0.404053 0.012366056
0.004688 4096 0 538074 4083 0 0.406494 0.012343168
0.00467 4096 0 530394 4065 0 0.409851 0.012336016
0.004695 4096 0 529239 4047 0 0.408630 0.012379169
0.004652 4096 0 532827 4075 0 0.410034 0.012274981
0.004663 4096 0 535571 4076 0 0.382874 0.012279987
0.004674 4096 0 543374 4091 0 0.406616 0.012290955
0.004665 4096 0 529163 4065 0 0.429932 0.012380838
0.004733 4096 0 532762 4082 0 0.404236 0.012356997
0.004687 4096 0 535037 4067 0 0.410461 0.012298822
0.004684 4096 0 538923 4077 0 0.406860 0.012355089
0.004666 4096 0 538570 4080 0 0.408264 0.012368917
0.00458 4096 0 525565 4047 0 0.398193 0.012268782
