"Validation time(S)" "Commits" "Aborts" "Val Reads" "Val success" "Val fail" "Energy (J)" "Time(S)"
1.45389 4194304 16 994669986 4140108 16 381.416809 11.298521996
1.45681 4194304 16 996621324 4149099 16 381.996155 11.289382219
1.46044 4194304 15 993577498 4149306 15 379.618835 11.287502050
1.44015 4194304 20 987838984 4131166 20 379.177246 11.274738073
1.46225 4194304 29 1001980596 4155817 29 376.678772 11.218576908
1.46572 4194304 11 996462352 4134223 11 379.956848 11.413877964
1.46364 4194304 8 999777145 4143956 8 378.308411 11.291626930
1.46272 4194304 22 998590172 4146501 22 376.306213 11.326397896
1.47623 4194304 16 1002149772 4153635 16 379.051941 11.336646080
1.4586 4194304 10 994733482 4142276 10 377.222046 11.290606976
1.45712 4194304 9 993097407 4137843 9 373.199646 11.298668146
1.47148 4194304 17 1000661894 4150604 17 375.660461 11.194079161
1.4627 4194304 20 997915090 4141871 20 376.279236 11.281939030
1.46281 4194304 21 991860214 4128479 21 374.861267 11.278745890
1.43951 4194304 13 980667299 4089376 13 379.375732 11.435708046
1.4512 4194304 11 987392161 4115328 11 380.731995 11.430526018
1.47318 4194304 11 997674170 4138237 11 378.807861 11.337154865
1.43988 4194304 19 978675220 4079838 19 381.354431 11.509373188
1.4492 4194304 13 986956991 4118532 13 376.041260 11.299522161
1.44103 4194304 22 983609689 4104474 22 376.152649 11.387629986
1.46454 4194304 19 998358209 4139551 19 374.286011 11.314834118
1.45797 4194304 15 992649358 4115454 15 378.062866 11.454375982
1.47865 4194304 28 1004036099 4155177 28 377.732544 11.315356970
1.45659 4194304 12 998654962 4140722 12 376.381409 11.302162886
1.45811 4194304 17 991127921 4130152 17 378.078491 11.365384817
1.46294 4194304 17 996111268 4132359 17 375.224670 11.256294966
1.44884 4194304 21 982827599 4099748 21 375.837830 11.465822935
1.44976 4194304 21 985778053 4109443 21 378.574341 11.405270815
1.47033 4194304 16 998741975 4141464 16 379.265198 11.323506832
1.47269 4194304 24 1000943516 4147967 24 374.213440 11.233730078
1.45125 4194304 18 992948187 4142974 18 370.172607 11.211720943
