"Validation time(S)" "Commits" "Aborts" "Val Reads" "Val success" "Val fail" "Energy (J)" "Time(S)"
0.006192 4096 0 839109 4049 0 0.509521 0.015969992
0.006113 4096 0 837717 4066 0 0.541870 0.015870094
0.00603 4096 0 836029 4020 0 0.540405 0.015940189
0.006027 4096 1 834300 4009 1 0.545654 0.016088009
0.006121 4096 0 842495 4038 0 0.536560 0.015871048
0.006069 4096 0 838883 4042 0 0.509094 0.015877008
0.006112 4096 0 850137 4050 0 0.508606 0.015854120
0.00597 4096 0 835482 4040 0 0.508667 0.015910864
0.005982 4096 0 839495 4002 0 0.546448 0.016012907
0.00609 4096 0 841875 4046 0 0.536316 0.015870094
0.006062 4096 0 835857 4021 0 0.532837 0.015969038
0.006082 4096 0 841605 4056 0 0.510742 0.015801907
0.006082 4096 0 844716 4052 0 0.506470 0.015866041
0.0061 4096 0 845576 4074 0 0.508972 0.015850067
0.006016 4096 0 830957 4032 0 0.547302 0.015862942
0.006095 4096 0 838862 4040 0 0.507629 0.015917063
0.006162 4096 0 845851 4051 0 0.502319 0.015830040
0.006043 4096 0 834502 4042 0 0.508606 0.015808821
0.006086 4096 0 844284 4058 0 0.507141 0.015823126
0.006046 4096 0 845136 4055 0 0.507568 0.015847206
0.006056 4096 0 845046 4045 0 0.510193 0.015893936
0.006111 4096 0 840687 4041 0 0.504578 0.015821934
0.006047 4096 0 830958 4021 0 0.536560 0.015950918
0.006072 4096 0 835052 4048 0 0.509583 0.015913010
0.005965 4096 1 828900 4005 1 0.506226 0.015974045
0.006008 4096 0 841287 3999 0 0.507080 0.016048908
0.006035 4096 0 844669 4048 0 0.538208 0.015829086
0.006016 4096 0 835484 4021 0 0.534973 0.015919924
0.006127 4096 0 852117 4056 0 0.538208 0.015955925
0.006083 4096 0 842671 4038 0 0.508179 0.015866995
0.006169 4096 0 845675 4071 0 0.503113 0.015872002
