"Validation time(S)" "Commits" "Aborts" "Val Reads" "Val success" "Val fail" "Energy (J)" "Time(S)"
0.259448 2544781 75658 153911379 639224 75658 391.558777 6.128297091
0.258057 2544486 75731 152804907 640178 75731 390.009583 6.056173086
0.260702 2545301 75748 154950981 640339 75748 391.333557 6.094076872
0.262367 2545923 75979 154160892 635797 75979 394.549133 6.137398005
0.260571 2544445 75698 154955028 643892 75698 391.354858 6.113816977
0.262492 2544488 75718 154301197 635384 75718 390.918091 6.112304926
0.263589 2545394 75978 151865973 636768 75978 389.879456 6.123178005
0.260043 2545401 75761 153248733 639349 75761 391.916992 6.089414120
0.264387 2544609 75680 154372815 631913 75680 389.544556 6.132415056
0.264572 2545242 75810 154852898 636726 75810 395.021240 6.113701105
0.259567 2546384 75883 152926446 642067 75883 388.786865 6.063755035
0.259046 2545050 75512 152766204 638127 75512 390.723267 6.111075878
0.258527 2545882 75882 154771138 643945 75882 389.956909 6.095129013
0.258741 2544788 75703 153877142 640435 75703 392.268066 6.117923021
0.262053 2545413 75573 153499175 639360 75573 390.465149 6.102515936
0.258382 2545359 75915 153515231 639892 75915 391.148315 6.115806103
0.261336 2545266 75650 155258649 640367 75650 389.123413 6.074349165
0.261966 2544996 75722 154619991 639423 75722 389.145813 6.087872982
0.261295 2545056 75880 153755513 637813 75880 392.159485 6.113889933
0.259714 2544833 75767 155066753 645600 75767 387.703003 6.111732006
0.260394 2544062 75663 154426571 643248 75663 390.662720 6.118652105
0.260222 2544498 75754 153471195 639807 75754 390.026306 6.095361948
0.259629 2546235 75878 153455624 639765 75878 390.001099 6.102283001
0.261322 2545912 75838 154337884 640434 75838 390.856750 6.119343042
0.262512 2545376 75722 151699416 636228 75722 390.130737 6.071368933
0.26263 2545200 75909 153171860 639230 75909 391.272522 6.106546164
0.263664 2544571 75655 152490516 636500 75655 389.032776 6.120115042
0.261777 2545688 75869 154212299 636866 75869 389.999695 6.099308968
0.261885 2545257 75749 154732165 637249 75749 392.628113 6.112960100
0.264248 2545964 75959 154334821 636248 75959 390.494507 6.119005919
0.258164 2544053 75423 153895051 641376 75423 387.466919 6.083235979
