"Validation time(S)" "Commits" "Aborts" "Val Reads" "Val success" "Val fail" "Energy (J)" "Time(S)"
0.001743 14050 324 942371 3416 324 2.650391 0.032778978
0.001754 14025 338 943264 3375 338 2.676575 0.032846928
0.001664 13964 328 982533 3397 328 2.695801 0.032955885
0.001692 14025 344 947519 3360 344 2.687988 0.031698227
0.001745 13966 318 935922 3324 318 2.477722 0.032553911
0.001755 14022 332 934628 3425 332 2.493713 0.032749891
0.00174 14033 301 945595 3427 301 2.503845 0.032196045
0.001734 14070 352 975072 3375 352 2.682068 0.031842947
0.001738 14029 328 941680 3362 328 2.486633 0.032320976
0.0017 14057 358 957704 3449 358 2.525024 0.032642841
0.00174 14050 347 932927 3418 347 2.525574 0.032960892
0.001761 13965 324 948614 3429 324 2.488892 0.032220125
0.001752 14004 342 946861 3400 342 2.525391 0.032850027
0.001731 14036 335 933518 3448 335 2.517212 0.032562971
0.001724 14017 342 937096 3409 342 2.491089 0.032469988
0.00174 14004 333 926663 3391 333 2.514832 0.032599926
0.001705 14053 303 951707 3485 303 2.539368 0.032263041
0.001753 13984 338 937946 3416 338 2.495483 0.032660007
0.001796 14032 332 956849 3437 332 2.523071 0.032768965
0.00171 14060 332 917416 3467 332 2.496094 0.032605171
0.001744 13993 341 940069 3398 341 2.484985 0.032806158
0.001763 13982 336 927018 3349 336 2.498352 0.032367945
0.001738 14008 352 934899 3408 352 2.525574 0.032843113
0.001739 14030 358 908909 3426 358 2.487793 0.032588005
0.001744 13929 332 938997 3336 332 2.488831 0.032621861
0.001677 14031 347 945584 3422 347 2.493652 0.032559872
0.001657 14077 361 974049 3424 361 2.525391 0.033008099
0.00168 14077 355 956258 3372 355 2.682861 0.031903028
0.001768 14071 350 939894 3395 350 2.535400 0.033123016
0.00175 13971 349 930590 3347 349 2.492493 0.032590866
0.001703 13998 323 943663 3440 323 2.489746 0.032094002
