"Validation time(S)" "Commits" "Aborts" "Val Reads" "Val success" "Val fail" "Energy (J)" "Time(S)"
0.000478 5106 223 262187 1144 223 0.436584 0.010107994
0.000474 5157 224 272231 1139 224 0.476135 0.010079861
0.00051 5047 210 284110 1103 210 0.438416 0.009989023
0.000493 5090 225 270841 1163 225 0.452698 0.010185003
0.000454 5034 223 268246 1103 223 0.421997 0.010172129
0.000481 5044 219 261651 1131 219 0.417053 0.009900093
0.000458 4981 216 265987 1117 216 0.418396 0.009946108
0.00046 5024 213 259174 1152 213 0.448059 0.009962797
0.000455 5089 226 268514 1171 226 0.418579 0.010000944
0.000461 5082 229 262875 1174 229 0.452759 0.009938955
0.000483 5047 212 273805 1129 212 0.420166 0.010027170
0.000501 5112 219 267735 1144 219 0.419556 0.010096073
0.000483 4989 205 263530 1140 205 0.420471 0.009731054
0.000457 5026 235 257407 1147 235 0.429871 0.010063887
0.0005 4993 222 265845 1114 222 0.451172 0.009857178
0.00046 5086 245 256292 1141 245 0.419556 0.010058880
0.00049 5028 232 262820 1084 232 0.420166 0.009976864
0.000462 5144 249 249780 1161 249 0.423218 0.010304928
0.000487 5059 221 267134 1129 221 0.421021 0.009985924
0.000483 5043 226 265578 1151 226 0.452026 0.010172844
0.000496 4989 194 271846 1129 194 0.419495 0.009722948
0.00049 4982 215 264284 1083 215 0.419373 0.009889126
0.000471 5089 235 257356 1148 235 0.421509 0.010355949
0.000517 4995 232 257700 1109 232 0.417969 0.009952068
0.000455 5130 230 262737 1203 230 0.424072 0.010088921
0.000477 5113 238 263547 1137 238 0.413818 0.009994030
0.000455 5131 227 257089 1172 227 0.419434 0.010117054
0.000474 5196 244 267238 1183 244 0.449036 0.010332823
0.000472 5021 222 261874 1141 222 0.452271 0.010106087
0.000437 5074 211 255514 1191 211 0.421570 0.010004997
0.000499 5108 224 265748 1132 224 0.463928 0.010170937
