"Validation time(S)" "Commits" "Aborts" "Val Reads" "Val success" "Val fail" "Energy (J)" "Time(S)"
0.282535 150000000 0 55970486 15001247 0 228.016602 8.531566889
0.284409 150000000 0 54894227 15000764 0 247.571716 9.391857643
0.284125 150000000 0 53515879 15001326 0 237.487366 8.959295285
0.283028 150000000 0 53469614 15001439 0 224.280029 8.395451816
0.281026 150000000 0 53357129 15001026 0 229.586914 8.592429430
0.294991 150000000 0 54450762 15000897 0 233.571838 8.800732217
0.287906 150000000 0 55224513 15000504 0 227.308472 8.504418522
0.282276 150000000 0 52576586 15003235 0 228.951477 8.631252517
0.281109 150000000 0 55788077 15003310 0 226.087463 8.457768563
0.282884 150000000 0 55280024 15001617 0 225.686707 8.441545512
