"Validation time(S)" "Commits" "Aborts" "Val Reads" "Val success" "Val fail" "Energy (J)" "Time(S)"
0.045256 50000000 0 5190936 2595468 0 275.583252 11.879228957
0.045236 50000000 0 5184508 2592254 0 265.282349 11.910606594
0.045191 50000000 0 5195904 2597952 0 273.897156 11.890837877
0.045272 50000000 0 5179332 2589666 0 267.078613 11.906454558
0.045258 50000000 0 5186796 2593398 0 272.033264 11.879008059
0.045147 50000000 0 5185784 2592892 0 270.459229 11.881660365
0.045214 50000000 0 5187312 2593656 0 271.393677 11.920922023
0.045186 50000000 0 5187477 2593739 0 266.510315 11.901030759
0.046085 50000000 0 5198444 2599222 0 271.922852 11.895644219
0.045538 50000000 0 5189465 2594733 0 272.191345 11.853417120
