"Validation time(S)" "Commits" "Aborts" "Val Reads" "Val success" "Val fail" "Energy (J)" "Time(S)"
0.001832 54919 0 915405 40708 0 0.490906 0.014049548
0.00184 54919 0 915405 40708 0 0.486267 0.014266310
0.001837 54919 0 915405 40708 0 0.487122 0.014036629
0.00184 54919 0 915405 40708 0 0.485291 0.014063685
0.001839 54919 0 915405 40708 0 0.489807 0.014019653
0.001838 54919 0 915405 40708 0 0.459473 0.014011139
0.001835 54919 0 915405 40708 0 0.483643 0.014053804
0.001843 54919 0 915405 40708 0 0.485291 0.014105850
0.001842 54919 0 915405 40708 0 0.485168 0.014026638
0.001836 54919 0 915405 40708 0 0.485229 0.014027067
