"Validation time(S)" "Commits" "Aborts" "Val Reads" "Val success" "Val fail" "Energy (J)" "Time(S)"
5e-06 126 0 1798 125 0 0.357971 0.013715422
4e-06 126 0 1798 125 0 0.358887 0.013713954
5e-06 126 0 1798 125 0 0.357178 0.013713733
7e-06 126 0 1798 125 0 0.359131 0.013715161
5e-06 126 0 1798 125 0 0.416687 0.013727797
6e-06 126 0 1798 125 0 0.385376 0.014454476
5e-06 126 0 1798 125 0 0.354187 0.013834800
5e-06 126 0 1798 125 0 0.357056 0.013724307
5e-06 126 0 1798 125 0 0.357910 0.013736270
5e-06 126 0 1798 125 0 0.353699 0.013713372
