"Validation time(S)" "Commits" "Aborts" "Val Reads" "Val success" "Val fail" "Energy (J)" "Time(S)"
2.79574 50000000 0 2960509891 44998051 0 448.356384 16.743311245
2.74855 50000000 0 3011857162 44997473 0 450.604431 16.817205590
2.52078 50000000 0 2637417719 44997511 0 406.751831 15.140313277
2.67051 50000000 0 2923413749 44996751 0 435.690735 16.253913442
2.76206 50000000 0 3093892501 44998978 0 453.202698 16.921115012
2.81835 50000000 0 3045510861 44997119 0 457.359314 16.975281939
2.7828 50000000 0 3136995892 44997701 0 457.901672 17.075683204
2.86498 50000000 0 3215689058 44997385 0 468.375427 17.500529978
2.9427 50000000 0 3358075868 44997720 0 493.491943 18.099893079
2.68141 50000000 0 2903947773 44997239 0 435.308411 16.207736029
