"Validation time(S)" "Commits" "Aborts" "Val Reads" "Val success" "Val fail" "Energy (J)" "Time(S)"
0.00337 4957 936 1249483 2017 0 118.458496 5.081000000
0.00337 4958 981 1228246 2015 0 118.877502 5.083000000
0.003488 4948 1164 1302394 1862 0 118.029358 5.065000000
0.003334 5013 1185 1242814 1889 0 117.875610 5.081000000
0.00352 4959 937 1249726 2023 0 117.891968 5.070000000
0.003543 5035 1306 1311274 1788 0 117.259399 5.062000000
0.003438 5013 972 1287026 2060 0 119.211548 5.075000000
0.003412 5031 1135 1290831 1943 0 117.972473 5.075000000
0.003348 4984 1208 1237785 1872 0 117.908203 5.065000000
0.003464 5045 724 1275327 2223 0 119.268127 5.070000000
0.003475 5013 934 1300427 2095 0 118.047607 5.083000000
0.003411 5031 1184 1267695 1883 0 118.404907 5.072000000
0.003511 4959 1142 1285316 1878 0 118.869507 5.074000000
0.003393 4958 1171 1273719 1855 0 118.146790 5.079000000
0.003414 5013 1363 1278325 1753 0 118.311035 5.086000000
0.003318 4958 1175 1260383 1842 0 118.277771 5.064000000
0.003501 4948 777 1265829 2155 0 118.123047 5.069000000
0.003411 4718 799 1201656 1996 0 118.738464 5.068000000
0.0034 5010 984 1259880 2032 0 118.338379 5.072000000
0.003414 4959 1011 1277631 2002 0 118.976624 5.083000000
