"Validation time(S)" "Commits" "Aborts" "Val Reads" "Val success" "Val fail" "Energy (J)" "Time(S)"
0.080892 52 6 32236751 26 0 154.814758 6.254000000
0.080419 52 6 32404634 26 0 152.417480 6.266000000
0.069479 52 6 26168708 26 0 155.308044 6.298000000
0.080803 52 7 32580899 24 0 157.226074 6.337000000
0.080469 52 6 32394410 25 0 152.225464 6.313000000
0.069379 52 6 26121245 26 0 152.810303 6.262000000
0.08029 52 5 32536721 26 0 152.634705 6.310000000
0.079425 52 6 32010376 25 0 153.979553 6.227000000
0.080527 52 6 32590224 25 0 157.026611 6.383000000
0.083111 52 6 32539570 25 0 159.274414 6.378000000
0.079231 52 7 31889105 24 0 150.628357 6.197000000
0.078607 52 5 32005573 26 0 148.668091 6.163000000
0.081515 52 6 32521689 25 0 154.729065 6.319000000
0.079751 52 6 32434272 26 0 149.570923 6.207000000
0.067046 52 6 25361474 25 0 149.180054 6.141000000
0.079831 52 7 32110710 25 0 152.912109 6.219000000
0.082034 52 5 32522105 26 0 155.072937 6.300000000
0.079001 52 5 32005916 26 0 151.910828 6.220000000
0.079985 52 5 32298132 26 0 151.242004 6.266000000
0.084099 52 5 32355448 26 0 152.323486 6.279000000
