"Validation time(S)" "Commits" "Aborts" "Val Reads" "Val success" "Val fail" "Energy (J)" "Time(S)"
0.07945 52 6 31860031 25 0 150.908813 6.160000000
0.077426 52 6 31339515 25 0 148.776367 6.010000000
0.081377 52 7 32289247 24 0 150.856384 6.195000000
0.080958 52 5 32528860 26 0 152.814758 6.270000000
0.08278 52 6 32597518 25 0 155.164612 6.381000000
0.0753 52 5 27160840 26 0 153.231995 6.332000000
0.080335 52 6 32458409 25 0 153.355713 6.235000000
0.078169 52 6 31541380 26 0 148.997070 6.066000000
0.080947 52 7 30772800 26 0 148.045227 6.057000000
0.068829 52 5 25869203 26 0 152.964478 6.213000000
0.080814 52 6 32542888 26 0 152.198181 6.279000000
0.080414 52 7 32461177 25 0 153.929565 6.340000000
0.080367 52 5 32411116 26 0 152.681030 6.248000000
0.080527 52 7 32506746 25 0 154.737549 6.341000000
0.079635 52 6 32072718 26 0 148.965576 6.149000000
0.084807 52 6 32588182 25 0 155.770935 6.342000000
0.080026 52 6 31930931 25 0 151.994629 6.245000000
0.079934 52 6 32413287 25 0 150.183594 6.233000000
0.070247 52 5 26579080 26 0 152.364563 6.324000000
0.069403 52 5 26353932 26 0 152.724609 6.332000000
