"Validation time(S)" "Commits" "Aborts" "Val Reads" "Val success" "Val fail" "Energy (J)" "Time(S)"
0.071073 52 6 27042717 25 0 155.602661 6.311000000
0.079058 52 6 31043267 26 0 147.631409 5.984000000
0.070643 52 5 27045674 26 0 153.093811 6.295000000
0.072247 52 6 26610217 26 0 155.231323 6.405000000
0.081286 52 6 32546504 25 0 153.142273 6.345000000
0.068662 52 5 26252535 26 0 151.176575 6.244000000
0.080185 52 6 32404940 26 0 150.535156 6.245000000
0.079231 52 6 31978440 25 0 149.736511 6.082000000
0.076345 52 5 28302146 26 0 154.789734 6.395000000
0.0805 52 7 32569669 25 0 155.203247 6.277000000
0.081346 52 5 32547302 26 0 152.090027 6.308000000
0.070947 52 7 27971483 26 0 125.594727 5.183000000
0.067682 52 5 25545374 26 0 149.747986 6.159000000
0.075709 52 6 30451748 26 0 141.148071 5.797000000
0.068689 52 6 25787281 25 0 152.825500 6.285000000
0.083583 52 6 32440105 25 0 156.077087 6.368000000
0.080963 52 5 32511548 26 0 154.328674 6.292000000
0.080216 52 5 32120127 26 0 148.502747 6.149000000
0.076171 52 9 30475350 23 0 140.926025 5.849000000
0.079324 52 5 31935617 26 0 149.183533 6.129000000
