"Validation time(S)" "Commits" "Aborts" "Val Reads" "Val success" "Val fail" "Energy (J)" "Time(S)"
0.07997 52 5 32297026 26 0 153.600342 6.302000000
0.080824 52 6 32399301 25 0 154.752502 6.261000000
0.07862 52 5 31764851 26 0 148.722656 6.096000000
0.080039 52 8 32455603 23 0 151.916748 6.281000000
0.080817 52 5 32442619 26 0 153.850525 6.272000000
0.080585 52 6 32131428 25 0 152.149109 6.257000000
0.079999 52 5 32401212 26 0 154.111511 6.299000000
0.075016 52 7 30284556 26 0 142.863525 5.790000000
0.080004 52 5 32525743 26 0 155.570984 6.317000000
0.070806 52 6 26979408 26 0 153.734741 6.246000000
0.080747 52 7 32509028 25 0 150.801453 6.245000000
0.073881 52 6 28429879 26 0 151.794556 6.201000000
0.080996 52 5 32423308 26 0 151.778259 6.264000000
0.078655 52 6 31770809 26 0 150.370911 6.186000000
0.08006 52 6 31405440 26 0 147.139648 6.052000000
0.074063 52 5 28579617 26 0 153.568604 6.271000000
0.08363 52 5 32273420 26 0 154.133545 6.344000000
0.076394 52 8 30759881 24 0 142.147583 5.872000000
0.077765 52 6 31242675 25 0 146.737793 5.996000000
0.080383 52 5 32427604 26 0 152.417664 6.264000000
