"Validation time(S)" "Commits" "Aborts" "Val Reads" "Val success" "Val fail" "Energy (J)" "Time(S)"
0.003377 5010 1427 1275989 1684 0 119.884888 5.088000000
0.003425 5045 1036 1268557 2031 0 119.074280 5.080000000
0.003455 5010 759 1273220 2183 0 119.172791 5.075000000
0.003445 4948 1003 1260760 1986 0 117.938477 5.064000000
0.003371 4958 1022 1264951 1970 0 118.318054 5.070000000
0.003568 4867 1020 1253638 1960 0 118.846008 5.072000000
0.003443 4916 779 1251514 2142 0 118.358521 5.076000000
0.003471 5013 569 1242617 2323 0 118.948425 5.080000000
0.003423 5045 788 1272223 2206 0 118.203735 5.075000000
0.003486 4957 740 1286867 2189 0 118.850891 5.082000000
0.003431 4959 1066 1266626 1923 0 118.176880 5.071000000
0.003481 5045 840 1292919 2171 0 118.657227 5.081000000
0.003264 4959 1319 1218201 1778 0 117.672180 5.081000000
0.003322 4958 956 1228135 2035 0 118.082031 5.080000000
0.00333 4918 686 1239682 2214 0 117.975525 5.069000000
0.003434 4957 744 1248186 2165 0 119.154968 5.065000000
0.003503 4916 777 1255582 2129 0 118.864319 5.086000000
0.003358 4957 1236 1261731 1808 0 117.668640 5.083000000
0.003338 4958 1072 1231969 1948 0 117.725464 5.082000000
0.003369 5010 893 1256841 2120 0 117.948425 5.077000000
