"Validation time(S)" "Commits" "Aborts" "Val Reads" "Val success" "Val fail" "Energy (J)" "Time(S)"
0.552954 80000000 0 280783428 8000651 0 385.647461 14.423911427
0.550458 80000000 0 297560489 8000091 0 385.065674 14.399530246
0.544643 80000000 0 290611413 8000459 0 381.338379 14.261675406
0.557917 80000000 0 314473046 7999626 0 392.167664 14.657487310
0.535446 80000000 0 277915648 7997782 0 369.779175 13.829950264
0.553126 80000000 0 298863072 7998624 0 383.751160 14.352083126
0.529587 80000000 0 263433162 7998437 0 359.175049 13.433046277
0.532199 80000000 0 272339494 7997652 0 363.668884 13.602708651
0.550967 80000000 0 294851851 8000165 0 383.501831 14.342604306
0.538364 80000000 0 281053580 7999284 0 371.915100 13.908785706
