"Validation time(S)" "Commits" "Aborts" "Val Reads" "Val success" "Val fail" "Energy (J)" "Time(S)"
2.35009 750000 0 1973689689 639838 0 494.448425 17.965337344
2.30173 750000 0 1955239999 639493 0 480.962402 17.470067945
2.35698 750000 0 1936865898 639698 0 489.936096 17.752565975
2.27366 750000 0 1928877613 639152 0 474.506653 17.240681483
2.25626 750000 0 1911023693 640326 0 472.118591 17.151625091
2.32426 750000 0 1967371235 639815 0 487.978943 17.730335616
2.30472 750000 0 1933237786 639558 0 479.019348 17.425097317
2.33057 750000 0 1963753724 639327 0 489.265137 17.778625525
2.31673 750000 0 1970606279 639552 0 487.375610 17.694232679
2.32845 750000 0 1947262220 639554 0 491.303040 17.755776947
