"Validation time(S)" "Commits" "Aborts" "Val Reads" "Val success" "Val fail" "Energy (J)" "Time(S)"
0.25476 12525335 9 308793533 249403 0 1639.447815 61.535884980
0.253482 12396710 9 302311891 247502 0 1612.970703 61.540778895
0.245457 12650766 9 296493429 250854 0 1607.429688 61.541897091
0.248256 12610521 9 299022846 250834 0 1605.628540 61.538683100
0.255424 12538834 9 307635351 249623 0 1604.815002 61.550249819
0.25202 12644869 9 309045003 251482 0 1614.159668 61.533434653
0.253205 12741672 9 302321995 253644 0 1610.569702 61.534226462
0.250197 12541971 9 305228513 250810 0 1635.564148 61.534338185
0.253312 12667264 9 306319566 252588 0 1620.044617 61.537257119
0.245021 12469290 9 292518389 248986 0 1615.397217 61.542398533
0.252418 12512973 9 299721330 249719 0 1623.248962 61.542683983
