"Validation time(S)" "Commits" "Aborts" "Val Reads" "Val success" "Val fail" "Energy (J)" "Time(S)"
2.78431 3245215 9 3565871304 2841212 0 1644.812744 61.536182217
2.82475 3233274 9 3607658357 2831865 0 1645.033325 61.531184988
2.80159 3246726 9 3578722803 2842639 0 1646.977478 61.549436720
2.72723 3237418 9 3467518397 2834003 0 1646.549011 61.536591136
2.75071 3265866 9 3493974578 2860004 0 1646.120239 61.538405546
2.75506 3282729 9 3523401116 2873344 0 1647.272888 61.543880902
2.74335 3291052 9 3473414499 2881934 0 1647.131104 61.529839937
2.76268 3223933 9 3493252426 2822323 0 1646.051453 61.528988941
2.7933 3255586 9 3577493119 2849845 0 1646.028809 61.528835874
2.72329 3187642 9 3490609540 2790903 0 1647.467285 61.538980635
