"Validation time(S)" "Commits" "Aborts" "Val Reads" "Val success" "Val fail" "Energy (J)" "Time(S)"
5.72504 3141779 9 7417358816 3017006 0 1644.568481 61.529581444
5.69918 3168535 9 7397312229 3042703 0 1645.620178 61.533879114
5.63002 3183497 9 7245434807 3056510 0 1645.534607 61.538138320
5.65153 3073510 9 7370232236 2951345 0 1645.091187 61.536960678
5.65482 3127301 9 7390588842 3004354 0 1645.706543 61.528774967
5.64507 3043131 9 7162198019 2923011 0 1645.499817 61.543798565
5.65939 3162155 9 7304164996 3037261 0 1646.943359 61.585826345
5.59981 3168309 9 7238161270 3042809 0 1645.946899 61.534011150
5.64332 3160659 9 7294968657 3035124 0 1645.871826 61.533794786
5.60261 3178271 9 7280404016 3051500 0 1648.535645 61.658323250
