"Validation time(S)" "Commits" "Aborts" "Val Reads" "Val success" "Val fail" "Energy (J)" "Time(S)"
0.000707 4096 0 791789 4095 0 0.234009 0.008949963
0.00072 4096 0 791789 4095 0 0.261780 0.009138126
0.000706 4096 0 791789 4095 0 0.234924 0.008918385
0.000712 4096 0 791789 4095 0 0.258728 0.009122654
0.000711 4096 0 791789 4095 0 0.254761 0.008990536
0.000712 4096 0 791789 4095 0 0.260559 0.009242303
0.000705 4096 0 791789 4095 0 0.228760 0.008917765
0.000706 4096 0 791789 4095 0 0.259399 0.008958783
0.000715 4096 0 791789 4095 0 0.235779 0.008972182
0.000718 4096 0 791789 4095 0 0.255188 0.009007697
