"Validation time(S)" "Commits" "Aborts" "Val Reads" "Val success" "Val fail" "Energy (J)" "Time(S)"
0.000448 4759 0 165981 3170 0 0.351318 0.009186148
0.000452 4759 0 165981 3170 0 0.325562 0.009188624
0.000454 4759 0 165981 3170 0 0.352295 0.009246308
0.000453 4759 0 165981 3170 0 0.351379 0.009215658
0.000455 4759 0 165981 3170 0 0.351318 0.009203813
0.000458 4759 0 165981 3170 0 0.328125 0.009206366
0.000453 4759 0 165981 3170 0 0.331909 0.009246193
0.000453 4759 0 165981 3170 0 0.325012 0.009223270
0.000461 4759 0 165981 3170 0 0.353394 0.009213928
0.000458 4759 0 165981 3170 0 0.325928 0.009246569
