"Validation time(S)" "Commits" "Aborts" "Val Reads" "Val success" "Val fail" "Energy (J)" "Time(S)"
0.005671 87385 13633 3952917 63174 6634 135.867554 2.472973824
0.005623 87385 13452 3974710 63506 6435 134.872986 2.450042963
0.005682 87385 13658 3958887 63207 6712 137.345703 2.475653887
0.005672 87385 13722 3948725 63119 6724 135.288757 2.438338041
0.005679 87385 13740 3951736 63133 6732 134.813110 2.452748060
0.005769 87385 13327 3951755 63151 6426 134.149231 2.435184002
0.005625 87385 13695 3950079 63131 6699 135.183777 2.453102827
0.005447 87385 13574 3957018 63212 6535 134.096497 2.434132099
0.005622 87385 13655 3945353 62963 6771 134.814209 2.449799061
0.005573 87385 13521 3955608 63167 6615 134.904480 2.448579073
0.005505 87385 13790 3950571 63082 6633 137.186218 2.489484072
0.005592 87385 13640 3943132 63051 6709 136.160400 2.463881016
0.005505 87385 13651 3947511 63058 6575 137.255981 2.476149797
0.00565 87385 13710 3950373 63114 6724 135.354004 2.454991817
0.005579 87385 13831 3946220 63024 6817 137.677979 2.493175983
0.00559 87385 13650 3957227 63152 6791 135.434570 2.457685947
0.005637 87385 13830 3949002 63087 6826 136.052124 2.468445063
0.005709 87385 13669 3951208 63158 6608 135.496948 2.453979969
0.005545 87385 13488 3948317 63067 6486 134.004944 2.431313038
0.00565 87385 13530 3956192 63212 6519 136.277527 2.472548962
0.005559 87385 13735 3953760 63169 6662 134.855591 2.447308064
0.005539 87385 13608 3956959 63196 6629 134.590149 2.442489862
0.005721 87385 13625 3950794 63050 6764 136.114990 2.469929934
0.005648 87385 13465 3956232 63162 6482 134.112000 2.435128927
0.005477 87385 13702 3946694 63048 6607 134.325012 2.437355042
0.005701 87385 13676 3960788 63238 6647 136.088806 2.468039989
0.005693 87385 13559 3959284 63259 6706 136.399292 2.476999044
0.005597 87385 13656 3944352 63068 6545 134.869202 2.447508812
0.006204 87385 13634 3941177 63000 6562 136.929077 2.459547997
0.005683 87385 13690 3948439 63105 6733 134.539062 2.440727949
0.005661 87385 13760 3948703 63070 6748 134.694641 2.442030191
