"Validation time(S)" "Commits" "Aborts" "Val Reads" "Val success" "Val fail" "Energy (J)" "Time(S)"
5e-06 180 33 1802 80 1 0.162109 0.003875971
5e-06 180 34 2118 90 1 0.000001 52
7e-06 180 33 2052 92 0 0.159790 0.003257990
3e-06 180 32 1965 85 0 0.172058 0.003479958
6e-06 180 33 2042 90 0 0.000001 46
9e-06 180 35 1929 88 1 0.167969 0.003594160
4e-06 180 30 1915 82 2 0.157776 0.003369808
3e-06 180 33 2041 90 0 0.175293 0.003380060
3e-06 180 32 1823 75 0 0.165405 0.003427982
4e-06 180 30 1769 78 0 0.162415 0.003535032
8e-06 180 31 1961 84 0 0.157837 0.003308058
4e-06 180 33 2088 96 0 0.173401 0.003324032
3e-06 180 32 1738 74 1 0.000000 54
4e-06 180 34 2172 94 2 0.166199 0.003346205
8e-06 180 40 2010 93 0 0.211182 0.003510952
8e-06 180 31 1957 82 1 0.177673 0.003576040
2e-06 180 31 1753 74 0 0.000001 44
3e-06 180 34 2073 93 1 0.208984 0.003467083
5e-06 180 32 2067 91 0 0.163269 0.003252983
3e-06 180 30 1902 81 1 0.163086 0.003504038
2e-06 180 32 1976 87 0 0.159363 0.003420830
5e-06 180 31 1992 86 0 0.177490 0.003380060
4e-06 180 33 2045 91 0 0.168274 0.003304958
4e-06 180 31 1992 85 1 0.164185 0.003520012
6e-06 180 32 2106 92 1 0.168823 0.003255844
7e-06 180 33 2053 92 1 0.176270 0.003449917
5e-06 180 31 1992 88 0 0.162354 0.003515005
5e-06 180 32 2044 90 0 0.156311 0.003316879
5e-06 180 34 1902 85 0 0.173035 0.003428936
1e-06 180 37 1808 86 3 0.206665 0.003732204
7e-06 180 35 2058 93 2 0.163269 0.003676891
