"Validation time(S)" "Commits" "Aborts" "Val Reads" "Val success" "Val fail" "Energy (J)" "Time(S)"
0.064214 25000000 660827 46663888 1248148 151589 143.552673 2.414952993
0.063363 25000000 646310 45571493 1219726 149002 141.990173 2.414499998
0.065074 25000000 635389 46363239 1224886 165382 142.136658 2.393391848
0.062073 25000000 652135 45402097 1212943 151926 143.388428 2.405800104
0.064908 25000000 636204 46454487 1227125 161172 140.918884 2.364123821
0.064043 25000000 662066 46105745 1234078 150756 142.357178 2.401201010
0.063645 25000000 659967 46150883 1230626 151238 143.702332 2.420674086
0.066016 25000000 663769 46472273 1239312 153950 142.253601 2.395987034
0.064052 25000000 662186 46309540 1240441 150732 142.256409 2.398577929
0.059836 25000000 635973 43276791 1157421 133056 143.530762 2.417253971
0.063544 25000000 647674 45869406 1227143 149812 142.594238 2.391441822
0.059123 25000000 612404 42550751 1141860 130571 142.050598 2.405205965
0.063315 25000000 662256 46124555 1234861 150037 142.798828 2.406118155
0.063653 25000000 657278 46367169 1235595 153804 141.486450 2.387495041
0.064399 25000000 629832 46434481 1232664 160181 141.973877 2.399405956
0.064232 25000000 646257 46254163 1228897 159991 143.221558 2.407148123
0.064359 25000000 653970 46317687 1242822 151325 142.187256 2.394662142
0.063365 25000000 652655 46138941 1231941 150240 142.922180 2.397050858
0.063673 25000000 662478 46096876 1236064 150398 143.251648 2.417152166
0.065026 25000000 639465 45238831 1210273 145416 142.702759 2.400593042
