"Validation time(S)" "Commits" "Aborts" "Val Reads" "Val success" "Val fail" "Energy (J)" "Time(S)"
0.068776 25000000 931996 52326319 1363056 40216 238.889771 4.278599024
0.068911 25000000 930225 52485340 1362646 43818 241.182983 4.281164885
0.067769 25000000 928358 51763264 1344181 44536 238.519226 4.280903101
0.068429 25000000 929332 52264797 1352843 41960 237.956055 4.273790836
0.069045 25000000 929770 52183303 1359890 39726 239.449890 4.286719084
0.069041 25000000 928080 52389446 1365987 38892 239.985535 4.298399925
0.068291 25000000 928359 52040100 1357096 41950 238.298889 4.270205975
0.067584 25000000 928526 51794700 1347033 42947 238.982910 4.284791946
0.067504 25000000 928362 51905248 1343387 43919 238.104431 4.267233133
0.066831 25000000 928403 51832289 1348493 42888 240.300842 4.269990921
0.068782 25000000 926219 51750514 1339478 45568 239.693359 4.296133995
0.068654 25000000 930095 52093817 1358043 40009 238.707520 4.281923056
0.067858 25000000 932386 52211889 1363515 39044 237.318787 4.274836063
0.067735 25000000 929221 52150508 1361911 38714 238.262878 4.266933918
0.068103 25000000 931861 52328719 1360361 40232 238.715271 4.275690079
0.068404 25000000 930118 51975014 1351491 41885 239.276062 4.288964987
0.068087 25000000 925146 51977865 1352888 39371 239.503113 4.284733057
0.067947 25000000 926689 51952046 1352385 42120 238.211853 4.269423008
0.068636 25000000 927846 52619638 1371627 39581 239.856201 4.270622015
0.0682 25000000 931563 52474091 1366930 40165 239.082825 4.277899981
