"Validation time(S)" "Commits" "Aborts" "Val Reads" "Val success" "Val fail" "Energy (J)" "Time(S)"
0.439054 15000000 3765757 324351698 7766904 945806 180.611145 3.176804066
0.426717 15000000 3853148 320634186 7753344 878372 178.998047 3.159512043
0.427271 15000000 3832344 321461779 7752566 882347 178.820251 3.160331011
0.43032 15000000 3840932 321423842 7750428 896930 179.811707 3.173638821
0.432745 15000000 3729747 325404017 7787919 937496 175.919312 3.106588840
0.430783 15000000 3797898 322865495 7788605 905361 177.509155 3.133503914
0.425828 15000000 3837800 320906180 7762637 881637 179.455200 3.165845871
0.432029 15000000 3805736 322630251 7776542 906559 178.757324 3.153789043
0.431703 15000000 3765921 323568725 7782989 919388 176.768433 3.113159895
0.428318 15000000 3832537 321766828 7752574 884096 179.716675 3.173533916
0.424411 15000000 3833140 320711597 7748784 885547 179.606750 3.156306982
0.427691 15000000 3832557 323120637 7779542 883029 178.742310 3.169657946
0.429875 15000000 3817312 322955914 7797356 888378 180.162659 3.177070856
0.429264 15000000 3814794 322084297 7724132 928610 180.349182 3.176513910
0.424133 15000000 3843188 319971355 7731024 877953 179.613708 3.161195993
0.43818 15000000 3770202 324240500 7773221 944574 179.847839 3.170570135
0.424673 15000000 3850348 319958184 7730934 875772 179.211792 3.174541950
0.429608 15000000 3784026 322939643 7768467 920871 178.782898 3.151816845
0.428627 15000000 3823011 321691786 7771245 882908 179.065674 3.161839008
0.426683 15000000 3854976 320134662 7737332 877694 180.381653 3.178619862
