"Validation time(S)" "Commits" "Aborts" "Val Reads" "Val success" "Val fail" "Energy (J)" "Time(S)"
0.001453 93699 15 87667 87676 2 0.995239 0.034500122
0.001434 93697 19 87751 87764 4 1.069092 0.035063028
0.001471 93699 11 87003 87020 1 0.993530 0.034704208
0.001478 93695 19 87752 87769 2 0.985229 0.033954859
0.001485 93699 15 88036 88055 2 1.002197 0.034239054
0.001484 93699 17 87967 87979 0 1.101562 0.034079075
0.001429 93697 19 87771 87789 3 1.014404 0.035298824
0.001472 93699 11 87257 87278 2 1.022644 0.035091877
0.001438 93699 15 88031 88044 3 1.017883 0.035025120
0.001504 93699 19 86527 86546 1 1.019592 0.034578085
0.001481 93695 17 87933 87945 2 1.013000 0.034519672
0.001466 93699 14 88024 88035 3 0.996338 0.035094023
0.001449 93695 20 86976 86998 3 1.018982 0.035480022
0.001469 93699 12 86584 86603 0 0.998596 0.034528971
0.001538 93697 16 88128 88143 1 1.010681 0.035777092
0.001492 93699 9 87385 87403 1 1.021790 0.035054922
0.001504 93699 10 88748 88769 0 1.098816 0.034115076
0.001468 93699 11 87703 87719 0 1.096069 0.034012079
0.001491 93699 12 87856 87866 1 1.003662 0.035170794
0.001455 93699 23 88072 88093 1 0.997009 0.034948111
0.001449 93695 18 87673 87685 2 1.018311 0.034864187
0.001477 93697 18 87805 87827 1 1.020569 0.035521984
0.001438 93699 6 86560 86580 0 1.007568 0.034497976
0.001542 93695 17 88826 88837 4 1.027832 0.034510136
0.001419 93699 11 87228 87248 1 1.070129 0.034918070
0.001501 93699 16 88577 88593 3 1.016479 0.035117865
0.001478 93699 15 87496 87510 2 1.006226 0.035233736
0.001382 93699 17 87830 87851 0 1.018555 0.035368919
0.001482 93699 17 87247 87271 1 1.002136 0.035036087
0.001489 93699 18 87338 87358 0 1.021973 0.035014153
0.001484 93699 17 87469 87487 0 0.996826 0.034795046
