"Validation time(S)" "Commits" "Aborts" "Val Reads" "Val success" "Val fail" "Energy (J)" "Time(S)"
4.4e-05 10000 2 19887 994 1 0.577087 0.010294914
5.5e-05 10000 3 23796 1191 3 0.593201 0.009833097
4.9e-05 10000 2 18491 925 2 0.581238 0.009799957
5.3e-05 10000 0 19931 1001 0 0.585083 0.009989023
5.9e-05 10000 0 20365 1020 0 0.553345 0.009696960
5.3e-05 10000 2 22665 1136 2 0.562744 0.009751081
6.4e-05 10000 0 21955 1098 0 0.533325 0.010270119
3.8e-05 10000 1 19531 978 1 0.595886 0.010215044
5.1e-05 10000 1 22284 1114 1 0.586975 0.009742022
5.8e-05 10000 3 21563 1078 3 0.538513 0.009709120
5.5e-05 10000 5 24228 1212 5 0.542908 0.009767056
4.5e-05 10000 1 19385 970 1 0.553406 0.009761095
5.1e-05 10000 0 21386 1070 0 0.575562 0.010190964
4.3e-05 10000 1 19687 987 1 0.584106 0.010109901
4.1e-05 10000 0 21538 1079 0 0.595215 0.009924173
6.1e-05 10000 3 21960 1099 2 0.585571 0.009976864
6.3e-05 10000 2 22270 1115 2 0.563232 0.010217190
5.2e-05 10000 3 18380 919 3 0.581360 0.010514021
5.3e-05 10000 3 20795 1041 2 0.552185 0.009649992
5.9e-05 10000 2 21483 1074 2 0.583374 0.010272980
