"Validation time(S)" "Commits" "Aborts" "Val Reads" "Val success" "Val fail" "Energy (J)" "Time(S)"
0.005016 10000 19217 2578349 14350 10701 7.986389 0.149924994
0.005152 10000 19461 2610605 14622 10765 8.117432 0.149438143
0.005107 10000 19476 2612343 14578 10795 8.049438 0.149143219
0.00511 10000 19507 2626218 14599 10964 8.087463 0.148874044
0.005006 10000 19462 2619434 14620 10791 8.099609 0.149485111
0.005236 10000 19666 2631119 14741 10883 8.136475 0.149583101
0.005043 10000 19636 2596138 14359 10870 8.083496 0.149365902
0.005135 10000 19365 2627089 14777 10669 8.041138 0.147619963
0.005066 10000 19649 2624789 14548 11032 8.080200 0.148459196
0.005045 10000 19859 2624637 14596 11029 8.158630 0.149744987
0.005187 10000 19574 2615200 14552 10870 8.062683 0.148709059
0.005123 10000 19484 2604905 14509 10837 8.101624 0.149103165
0.005113 10000 19214 2602408 14613 10617 8.004639 0.148415089
0.005151 10000 19227 2592255 14543 10708 8.080566 0.148853064
0.005092 10000 19339 2608003 14582 10828 8.103577 0.149192810
0.004996 10000 19344 2602795 14556 10829 8.043274 0.147944927
0.004984 10000 19492 2622900 14596 10869 8.091431 0.148338079
0.005107 10000 19296 2613207 14573 10836 7.985718 0.148488045
0.004987 10000 19515 2603747 14499 10821 8.125183 0.148908854
0.004998 10000 19171 2570521 14264 10577 8.087036 0.149796963
