"Validation time(S)" "Commits" "Aborts" "Val Reads" "Val success" "Val fail" "Energy (J)" "Time(S)"
0.003752 1000000 128 1761567 88179 122 56.069946 0.913836002
0.003763 1000000 158 1774179 88805 151 56.099426 0.914111137
0.003905 1000000 140 1786424 89411 135 56.104675 0.914101124
0.00401 1000000 173 1846757 92418 167 56.110535 0.914809942
0.00414 1000000 151 1888696 94507 149 56.162781 0.915863037
0.00395 1000000 148 1806281 90398 137 56.104370 0.914947987
0.003756 1000000 146 1789262 89552 142 56.070251 0.914109945
0.003966 1000000 160 1828978 91528 152 56.127319 0.914780855
0.00396 1000000 133 1803604 90271 128 56.157837 0.917505026
0.003858 1000000 148 1779151 89047 143 56.066589 0.914159060
0.00384 1000000 114 1801786 90188 105 56.082825 0.914870024
0.003855 1000000 137 1758336 88013 130 56.104919 0.914596081
0.003713 1000000 148 1785141 89336 141 56.180908 0.917066813
0.003878 1000000 162 1836795 91929 149 56.112610 0.914602041
0.003862 1000000 156 1813910 90774 142 56.144653 0.914803028
0.003732 1000000 160 1768713 88532 148 56.134277 0.914772987
0.003738 1000000 130 1741046 87137 125 56.096436 0.913886070
0.004573 1000000 194 2118595 106041 179 56.229858 0.917852163
0.003809 1000000 139 1780314 89106 133 56.090881 0.914271116
0.003821 1000000 166 1777112 88947 156 56.100281 0.914726019
