"Validation time(S)" "Commits" "Aborts" "Val Reads" "Val success" "Val fail" "Energy (J)" "Time(S)"
0.000795 4096 1 776554 3886 0 0.166260 0.003682137
0.000766 4096 1 772253 3873 1 0.152893 0.003690958
0.000726 4096 0 775683 3898 0 0.162170 0.003143072
0.000735 4096 0 776893 3907 0 0.163513 0.003345013
0.000748 4096 0 777846 3905 0 0.168945 0.003124952
0.000757 4096 2 762782 3829 2 0.165100 0.003638029
0.000738 4096 0 772803 3874 0 0.146851 0.003530979
0.000728 4096 1 785483 3927 1 0.147827 0.003431082
0.000706 4096 0 767417 3848 0 0.164612 0.003519058
0.000705 4096 1 775621 3889 0 0.153259 0.003635883
0.000756 4096 0 775466 3892 0 0.149841 0.003592014
0.000681 4096 1 776557 3899 0 0.161865 0.003719091
0.000712 4096 0 780446 3911 0 0.129822 0.003230095
0.000731 4096 1 784356 3940 1 0.124817 0.003084898
0.000711 4096 1 776581 3897 1 0.153442 0.003476858
0.000696 4096 1 775914 3881 0 0.144165 0.003753901
0.000753 4096 3 776985 3896 3 0.169678 0.003683090
0.000734 4096 2 777157 3897 1 0.173035 0.003344059
0.000744 4096 0 774294 3882 0 0.170593 0.003602982
0.000742 4096 1 775338 3891 1 0.163513 0.003710985
0.000756 4096 0 779594 3908 0 0.145691 0.003652096
0.000731 4096 1 779048 3907 1 0.188049 0.003875017
0.000743 4096 0 772017 3871 0 0.166260 0.003579855
0.000724 4096 0 770059 3866 0 0.199219 0.003857851
0.000752 4096 3 784642 3922 1 0.193298 0.003765106
0.000742 4096 2 777014 3905 1 0.196777 0.003783941
0.000737 4096 0 773448 3874 0 0.200317 0.003656149
0.000713 4096 2 773593 3881 2 0.177063 0.003426075
0.000786 4096 0 790008 3958 0 0.173279 0.003545046
0.000726 4096 0 765772 3842 0 0.163818 0.003359795
0.000746 4096 1 775296 3889 1 0.169067 0.003683090
