"Validation time(S)" "Commits" "Aborts" "Val Reads" "Val success" "Val fail" "Energy (J)" "Time(S)"
0.001014 4096 2 1053296 3753 2 0.206543 0.004220963
0.001022 4096 4 1058756 3791 3 0.176392 0.004287004
0.001009 4096 5 1064269 3800 3 0.209351 0.004561901
0.001041 4096 5 1067724 3810 5 0.216980 0.004170895
0.00104 4096 3 1055299 3781 2 0.175110 0.003984928
0.00097 4096 3 1054367 3753 3 0.225952 0.004136801
0.001033 4096 6 1060487 3798 5 0.218262 0.004631042
0.001045 4096 5 1059372 3789 5 0.221680 0.004034996
0.000994 4096 4 1056752 3770 3 0.231506 0.004602909
0.001045 4096 2 1067593 3804 2 0.258118 0.004735947
0.000967 4096 5 1063843 3793 2 0.210632 0.004196167
0.001024 4096 24 1067437 3799 17 0.206970 0.004544020
0.001038 4096 5 1061540 3790 4 0.216858 0.004570007
0.000989 4096 6 1064151 3815 4 0.187195 0.003988028
0.001016 4096 5 1059293 3788 3 0.210815 0.004258156
0.000981 4096 5 1063223 3792 4 0.227478 0.004410028
0.00099 4096 3 1061892 3790 1 0.214111 0.004208088
0.001031 4096 3 1065773 3816 2 0.176514 0.004230976
0.00102 4096 12 1071952 3820 4 0.223999 0.003949881
0.001037 4096 2 1071121 3833 2 0.200012 0.004568100
0.001058 4096 4 1057406 3780 4 0.253296 0.004484892
0.001054 4096 6 1064817 3782 4 0.228088 0.004151106
0.001017 4096 1 1058697 3772 0 0.211365 0.004568100
0.001009 4096 4 1060271 3789 3 0.176392 0.004250050
0.001018 4096 5 1064637 3812 1 0.227173 0.003973007
0.00102 4096 6 1056671 3762 5 0.221863 0.004367113
0.000987 4096 6 1061216 3793 5 0.197632 0.004496098
0.000985 4096 7 1060116 3792 3 0.214050 0.004256964
0.000977 4096 2 1057739 3782 0 0.225342 0.003962040
0.001061 4096 7 1067676 3814 6 0.215820 0.004862070
0.001048 4096 5 1055595 3775 4 0.201233 0.004549980
