"Validation time(S)" "Commits" "Aborts" "Val Reads" "Val success" "Val fail" "Energy (J)" "Time(S)"
1.02693 4194304 2934 1171043857 4104785 2922 255.859619 4.884994984
1.02834 4194304 3083 1171345999 4106290 3068 256.571472 4.866542101
1.03224 4194304 3004 1169868627 4101290 2989 257.876343 4.905859947
1.02612 4194304 2983 1171203687 4105743 2971 255.443848 4.867847919
1.03076 4194304 2952 1169851835 4101113 2936 256.986511 4.875809908
1.03991 4194304 3012 1172226977 4109387 2998 254.393799 4.832550049
1.02491 4194304 2935 1169755555 4100946 2917 256.282837 4.873060942
1.03558 4194304 2955 1171495608 4106681 2943 257.477234 4.854983091
1.03079 4194304 3062 1171923903 4108455 3049 256.197021 4.837939024
1.03969 4194304 3002 1167043740 4091427 2987 258.968140 4.918128014
1.03486 4194304 3060 1167754549 4093608 3051 259.727417 4.920551062
1.0375 4194304 2969 1169315158 4099018 2951 256.215942 4.876694202
1.03625 4194304 3091 1172105333 4108622 3073 256.512756 4.823778152
1.0284 4194304 2987 1169824609 4100839 2973 257.601868 4.876837015
1.04357 4194304 3044 1167397787 4092542 3033 258.663513 4.918571949
1.0552 4194304 2923 1168905466 4097820 2915 256.711304 4.891874075
1.03484 4194304 2951 1172261508 4109318 2942 256.491333 4.835972071
1.03151 4194304 2958 1172296656 4109537 2950 255.050659 4.835757017
1.03445 4194304 2935 1171082918 4105224 2915 256.519348 4.850831032
1.03656 4194304 3030 1171848993 4108155 3019 257.615906 4.856200933
1.05139 4194304 2948 1169977992 4100646 2942 255.908386 4.871155024
1.0247 4194304 2845 1167438852 4092454 2831 260.275696 4.925997972
1.03097 4194304 3037 1171802813 4107824 3019 255.484680 4.847043991
1.0408 4194304 2939 1164203365 4081214 2920 260.148560 4.964702845
1.03996 4194304 2906 1172035294 4108545 2893 258.761902 4.845273018
1.02906 4194304 3057 1167324078 4092074 3045 258.534851 4.900910854
1.03286 4194304 3046 1171074018 4105318 3031 257.088745 4.857938051
1.03326 4194304 3024 1172328619 4109414 3015 257.949646 4.833043814
1.03313 4194304 2890 1172143446 4109100 2876 255.984680 4.834353924
1.03496 4194304 2933 1172121244 4108981 2919 257.856445 4.868495941
1.0391 4194304 2999 1171208839 4105746 2990 257.804138 4.856998920
