"Validation time(S)" "Commits" "Aborts" "Val Reads" "Val success" "Val fail" "Energy (J)" "Time(S)"
1.49797 4194304 6276 1656249508 4053783 6234 370.351135 7.025997162
1.50539 4194304 6215 1657246778 4055988 6188 368.644775 6.995172024
1.50722 4194304 6249 1658117311 4058141 6206 368.063416 6.980439901
1.51536 4194304 6075 1657568917 4056968 6031 369.231018 7.029416084
1.53179 4194304 6357 1659599625 4061177 6310 368.202515 6.984412909
1.55187 4194304 6068 1652450386 4042708 6034 374.048584 7.099905014
1.50494 4194304 6246 1659305765 4060479 6217 366.743591 6.938019037
1.51871 4194304 6086 1658054776 4057451 6039 368.633118 6.961429834
1.51871 4194304 6258 1659437282 4061097 6214 368.333191 6.934970140
1.53833 4194304 6226 1657727628 4056343 6185 369.528748 6.978143930
1.5261 4194304 6493 1659470527 4060228 6462 370.006104 6.942211866
1.51838 4194304 6233 1658031448 4057710 6192 368.795166 6.949053049
1.5175 4194304 6128 1659455778 4060993 6094 369.550720 6.974870205
1.53404 4194304 6093 1636615163 4007271 6056 376.885742 7.282862902
1.52262 4194304 6164 1660520603 4063791 6128 368.867188 6.936004162
1.5536 4194304 6220 1653923871 4047690 6187 370.817810 7.028623819
1.51186 4194304 6216 1656574366 4054198 6187 370.015137 7.001414061
1.50662 4194304 6089 1654774326 4049508 6058 370.293823 7.000576019
1.52169 4194304 6508 1657622736 4056470 6474 370.401794 6.967688084
1.53605 4194304 6036 1659755719 4061883 5989 369.696899 6.997079849
1.5258 4194304 6218 1658404261 4058562 6184 369.299744 6.949266195
1.51228 4194304 6175 1658206439 4058304 6144 368.266602 6.968472004
1.52261 4194304 6181 1658795574 4059169 6141 369.651062 6.971504211
1.50263 4194304 6514 1659008772 4059831 6475 367.738403 6.940742970
1.53467 4194304 6509 1658282097 4057169 6481 369.322693 6.955582142
1.50789 4194304 6065 1653553709 4046666 6028 369.131653 7.013967991
1.52978 4194304 6326 1655359958 4050406 6290 372.268372 7.021943808
1.51941 4194304 6115 1659229139 4059625 6063 368.466125 6.936793089
1.51063 4194304 6213 1659963624 4062304 6172 367.062683 6.931892872
1.50865 4194304 6252 1658019339 4058233 6202 368.442749 6.956929922
1.51499 4194304 6293 1658799200 4059776 6257 370.565063 6.965802193
