"Validation time(S)" "Commits" "Aborts" "Val Reads" "Val success" "Val fail" "Energy (J)" "Time(S)"
0.002007 14171 1442 1013565 4145 1262 2.727783 0.024743080
0.000566 5292 677 272758 1248 593 0.491394 0.008142948
0.001868 14168 1324 1003814 4143 1151 2.671143 0.023447037
0.000592 5284 719 266982 1189 618 0.534424 0.008306026
0.000568 5152 607 265107 1203 538 0.478210 0.007794857
0.001888 14202 1016 973529 4182 895 2.614075 0.021620989
0.00059 5182 691 273765 1227 607 0.492371 0.008180857
0.000596 5153 751 280027 1218 665 0.529724 0.008594990
0.000564 5190 670 278051 1193 600 0.538879 0.008293867
0.000573 5241 644 274213 1221 579 0.495361 0.007893085
0.0006 5237 712 289997 1241 635 0.501831 0.008517027
0.00058 5196 693 273578 1206 602 0.508667 0.008276939
0.000571 5197 629 272539 1222 539 0.533081 0.007928848
0.001863 14173 961 949081 4106 812 2.526794 0.021316051
0.000556 5151 613 261813 1184 529 0.488708 0.007769108
0.000525 5223 551 264028 1237 473 0.492798 0.007787943
0.000588 5282 655 280867 1247 583 0.493286 0.008136034
0.000624 5202 780 282527 1226 680 0.555908 0.008730888
0.00062 5315 784 277155 1205 672 0.540833 0.008570194
0.000578 5209 836 288428 1210 741 0.546082 0.008905888
0.000574 5235 735 270532 1229 619 0.544739 0.008241892
0.000578 5239 659 282861 1240 564 0.531006 0.008731127
0.000581 5288 661 274894 1245 583 0.537476 0.008370876
0.000576 5156 683 273758 1195 582 0.543701 0.008201122
0.001979 14157 1162 987442 4060 1028 2.636963 0.023660183
0.001833 14126 972 960026 4103 811 2.794983 0.022468805
0.000573 5273 664 274979 1198 597 0.547180 0.008394003
0.001875 14126 1010 956892 4061 863 2.596863 0.023069859
0.000574 5261 629 277889 1236 554 0.530029 0.008216143
0.001899 14037 1044 954994 4068 892 2.618103 0.022214890
0.000593 5196 693 272663 1238 600 0.501099 0.008135080
0.000546 5229 764 270245 1180 663 0.559937 0.008862019
0.000547 5193 627 263570 1204 532 0.510437 0.008947134
0.000588 5180 645 275822 1234 565 0.491333 0.008313894
0.000586 5158 598 270058 1226 519 0.508911 0.007817984
0.000576 5273 686 271679 1275 586 0.500916 0.008190155
0.001873 14184 1027 970996 4114 874 2.558289 0.021693945
0.000602 5262 732 279091 1214 644 0.498962 0.008427143
0.000564 5150 672 280285 1241 585 0.489807 0.008048058
0.000559 5219 621 270056 1210 551 0.554688 0.008192062
0.000563 5190 581 278986 1252 518 0.487244 0.007791996
0.000564 5124 497 270152 1236 439 0.444458 0.007377148
0.000561 5201 694 280058 1281 598 0.532593 0.008063793
0.000566 5177 706 271249 1219 619 0.496399 0.008226156
0.000596 5174 711 278409 1216 627 0.498413 0.008434772
0.000588 5135 635 274212 1178 561 0.500977 0.008078098
0.000572 5194 734 280054 1249 643 0.523804 0.008770943
0.000599 5263 651 275161 1224 570 0.501404 0.008071899
0.000564 5173 593 266059 1251 492 0.449402 0.007612944
0.000546 5253 647 273176 1245 560 0.535034 0.008082867
0.000603 5197 710 271593 1190 622 0.546997 0.008442879
0.001898 14285 1097 969508 4092 957 2.595825 0.022006989
0.000555 5209 571 271336 1245 497 0.488953 0.007711887
0.000585 5238 687 278474 1204 596 0.536926 0.008266926
0.000563 5202 647 276823 1237 566 0.498901 0.007989883
