"Validation time(S)" "Commits" "Aborts" "Val Reads" "Val success" "Val fail" "Energy (J)" "Time(S)"
0.00188 14146 1117 978524 4141 990 2.622864 0.021905899
0.001866 14033 1163 978407 4077 1007 2.623474 0.022233963
0.001857 14153 1093 976322 4095 949 2.617493 0.021850824
0.001866 14156 1003 967010 4114 851 2.585571 0.021811962
0.001859 14245 1012 958388 4092 870 2.615356 0.023808002
0.001876 14205 1005 946551 4064 868 2.599976 0.021692991
0.00182 14148 993 961593 4097 845 2.557190 0.021679878
0.001889 14132 1011 957131 4080 884 2.597290 0.023257017
0.001891 14173 1056 979099 4104 915 2.609741 0.022007942
0.001855 14184 1027 962139 4079 883 2.585022 0.021495104
0.001924 14063 939 954149 4011 808 2.616028 0.022546053
0.001883 14194 987 965249 4078 861 2.618286 0.023325920
