"Validation time(S)" "Commits" "Aborts" "Val Reads" "Val success" "Val fail" "Energy (J)" "Time(S)"
0.006266 54926 41945 2127372 44371 15425 1.030823 0.015423059
0.006091 54926 41273 2132765 44157 15021 1.001221 0.014930964
0.005843 54926 41807 2173557 44387 13979 0.984497 0.014909029
0.005946 54926 39154 2041836 42759 13989 0.976013 0.014737129
0.006094 54926 42071 2134861 44096 15487 0.971802 0.014736176
0.005943 54926 41559 2148575 44331 14856 0.974609 0.014355898
0.005836 54926 41040 2160480 43937 13866 0.959656 0.014416218
0.006142 54926 41461 2163483 44249 15087 0.977966 0.014791965
0.006044 54926 42263 2138651 44539 15984 1.039429 0.015802860
0.00599 54926 41452 2137574 44433 15244 1.041321 0.015512943
0.005989 54926 40654 2133666 43598 14535 1.013611 0.015317917
0.006013 54926 42277 2134228 44617 15496 1.025146 0.015841961
0.006045 54926 42218 2141435 44281 15189 1.015442 0.014631033
0.0061 54926 41705 2150363 44405 15625 1.016357 0.015177011
0.006062 54926 41629 2160974 44109 14804 0.968384 0.014651060
0.006097 54926 41994 2138709 44134 15617 0.995300 0.015639067
0.005964 54926 41932 2149845 43981 15750 1.004028 0.015730858
0.00606 54926 42086 2131264 44417 15747 0.996399 0.015607834
0.005864 54926 41118 2187687 44426 13734 0.958862 0.014194012
0.006175 54926 41225 2152801 44014 15649 1.044983 0.015857935
0.005961 54926 42052 2140006 44583 15280 0.989807 0.015378952
0.006109 54926 42130 2121203 44073 15687 1.043457 0.015565157
0.005768 54926 41027 2136581 44190 14341 1.007324 0.014595032
0.00613 54926 42441 2130593 43897 15432 0.972961 0.014547110
0.00596 54926 41317 2142806 44482 14894 0.955994 0.014853954
0.006025 54926 41681 2142292 44406 15063 0.985840 0.014273167
0.006222 54926 42363 2160051 44227 15609 0.993591 0.015432119
0.006119 54926 41517 2150867 44219 14894 1.012207 0.014655828
0.005751 54926 41600 2156736 44405 13966 0.954834 0.014202118
0.006056 54926 41808 2163495 44427 15654 1.007935 0.015565157
0.005909 54926 41609 2140056 44030 15136 1.011414 0.014595985
