"Validation time(S)" "Commits" "Aborts" "Val Reads" "Val success" "Val fail" "Energy (J)" "Time(S)"
1.6372 23428133 4716495 892850143 11732815 954162 304.884827 4.843570948
1.63067 23428133 4699038 891909774 11698211 938581 305.839722 4.842412949
1.63697 23428133 4677861 894245778 11737804 976729 306.931152 4.843125820
1.63053 23428133 4753697 890874462 11699971 968110 305.368835 4.838621855
1.64298 23428133 4774363 897758557 11782135 955777 306.281433 4.822100163
1.65344 23428133 4780367 898219082 11861660 952159 306.722107 4.835808039
1.63384 23428133 4741358 895027009 11760480 921387 306.686035 4.826421022
1.64011 23428133 4779485 893320572 11778343 940463 305.803711 4.815181971
1.64104 23428133 4727122 893130612 11729758 945026 308.518616 4.854310036
1.63968 23428133 4788177 895605529 11788758 946370 308.785645 4.830470085
1.64331 23428133 4781812 892790566 11762046 951642 307.167297 4.832070827
1.64228 23428133 4728807 896397725 11734802 941232 305.641479 4.826321125
1.63982 23428133 4712730 893430574 11748105 917445 306.094849 4.841450930
1.63485 23428133 4772079 891372456 11734488 944422 304.595276 4.807348013
1.64168 23428133 4778831 892803608 11721496 955219 308.704773 4.856076002
1.64259 23428133 4786082 897385705 11752849 948232 309.463501 4.829520941
1.6626 23428133 4765737 913257447 11781750 981375 307.385193 4.814475060
1.63638 23428133 4729519 893581979 11793784 892506 306.645447 4.829448938
1.63687 23428133 4739097 896356896 11794414 909418 309.123108 4.836652040
1.65934 23428133 4798521 907645969 11785223 998486 308.530884 4.814687967
1.65174 23428133 4849721 898424303 11848793 1032969 307.231689 4.842426062
1.67491 23428133 4844510 909075031 11841760 1007089 307.629761 4.831206083
1.63792 23428133 4800928 894780215 11748569 949495 306.551025 4.828459024
1.64081 23428133 4800908 894041614 11767114 937149 305.353760 4.805222988
1.63334 23428133 4760112 892433732 11756976 916496 305.812927 4.816433907
1.63707 23428133 4748854 893467585 11710569 956764 307.053284 4.842254162
1.63509 23428133 4716476 892874290 11716143 947793 308.334351 4.828668118
1.65576 23428133 4773516 905999796 11826021 923768 308.474304 4.839465857
1.63592 23428133 4754841 896568937 11808874 948289 308.067688 4.828565836
1.68581 23428133 4816826 925552733 11803826 1039567 311.610229 4.873877048
1.62883 23428133 4812619 892019587 11767786 1031260 306.230957 4.818742990
