"Validation time(S)" "Commits" "Aborts" "Val Reads" "Val success" "Val fail" "Energy (J)" "Time(S)"
0.010174 87389 41411 4212970 67735 21648 129.236694 2.024481058
0.010255 87389 41823 4211732 67716 22190 131.758362 2.028831959
0.010224 87389 41540 4212598 67629 21949 129.856567 2.028705835
0.010133 87389 41714 4211370 67641 21992 130.358582 2.020971060
0.010388 87389 42064 4212550 67626 22191 130.545349 2.029862881
0.010351 87389 41807 4212329 67615 22035 129.768433 2.027837992
0.010361 87389 41902 4213094 67620 22086 129.359497 2.024976969
0.010295 87389 41691 4200811 67452 22030 130.434570 2.026739120
0.010305 87389 41896 4211306 67602 21930 129.899841 2.033035994
0.01019 87389 41779 4213105 67586 22060 128.927002 2.018461943
0.010282 87389 41890 4212715 67619 22108 130.332458 2.020488024
0.010312 87389 42014 4212089 67591 21974 129.322510 2.024203062
0.010253 87389 41778 4211664 67655 22018 129.077881 2.019226074
0.010319 87389 41882 4213148 67622 21957 129.216370 2.021825075
0.010244 87389 41692 4211546 67712 22019 128.881287 2.016688824
0.010552 87389 42051 4212589 67572 22558 130.258972 2.039770842
0.010172 87389 42055 4213482 67722 22020 129.636536 2.018955946
0.010478 87389 42002 4212087 67557 22164 130.033264 2.033221960
0.010326 87389 42209 4212855 67609 21929 129.482361 2.022701979
0.01033 87389 42150 4213042 67553 22372 130.103821 2.036108971
0.010336 87389 41902 4213047 67697 22111 131.274292 2.020012140
0.010232 87389 41773 4211948 67538 22061 130.109375 2.017853022
0.010343 87389 41885 4212280 67564 22056 129.123962 2.021404028
0.010413 87389 41863 4201611 67542 22093 130.627197 2.036380053
0.010355 87389 41790 4203836 67519 22107 131.297180 2.023466110
0.010308 87389 41989 4212460 67655 22106 128.938049 2.017791033
0.010363 87389 41826 4213275 67700 22005 129.153015 2.022052050
0.010324 87389 42009 4213077 67650 22281 129.836609 2.033036947
0.01052 87389 41704 4212660 67649 22327 130.132324 2.029734135
0.010508 87389 41845 4213338 67619 22047 129.967468 2.032050133
0.01017 87389 42053 4210772 67615 22043 128.866760 2.017006874
