"Validation time(S)" "Commits" "Aborts" "Val Reads" "Val success" "Val fail" "Energy (J)" "Time(S)"
0.00192 21853 2126 777693 17030 953 2.657471 0.042438030
0.001969 21853 2221 777631 17089 1035 2.683960 0.041339874
0.001909 21853 2122 768197 16879 954 2.706665 0.043388844
0.001906 21853 2126 775292 17088 933 2.711914 0.042300940
0.001946 21853 2105 770322 16933 979 2.743896 0.043183088
0.001967 21853 2151 774071 17103 1000 2.658020 0.040972948
0.001973 21853 2175 777749 17193 977 2.672363 0.041023970
0.001887 21853 2081 771213 16971 958 2.661377 0.042428970
0.001896 21853 2121 777147 17034 965 2.662109 0.042401075
0.001873 21853 2089 775705 17097 953 2.724792 0.042863846
0.001916 21853 2108 777642 17082 943 2.638123 0.041591167
0.001981 21853 2157 776537 17051 960 2.671509 0.042385101
0.001949 21853 2133 778844 17083 981 2.686584 0.042131186
0.001902 21853 2165 777194 17105 954 2.713440 0.041970968
0.001826 21853 2154 771933 16926 970 2.698975 0.042459965
0.001922 21853 2137 776811 17095 956 2.707947 0.042359114
0.001919 21853 2181 777509 17120 993 2.654968 0.041131020
0.001866 21853 2137 776548 17049 965 2.686035 0.040997982
0.001866 21853 2156 777854 17071 999 2.725342 0.042587996
0.002 21853 2131 775693 17076 971 2.719482 0.041888952
0.001901 21853 2145 772053 16931 958 2.753235 0.042423964
0.001917 21853 2136 776482 17049 951 2.753723 0.042608023
0.001878 21853 2175 778203 17112 959 2.693542 0.042505980
0.001845 21853 2145 774869 17079 967 2.714233 0.042735100
0.00188 21853 2146 775566 17048 1007 2.673767 0.041198015
0.001857 21853 2196 775273 17180 982 2.675842 0.042430878
0.001946 21853 2186 777354 17034 981 2.723145 0.040997982
0.001963 21853 2161 777291 17102 971 2.695801 0.042778015
0.001904 21853 2155 777922 17136 962 2.694275 0.042477131
0.001924 21853 2088 777812 17051 968 2.654907 0.041209936
0.001921 21853 2162 775782 17056 946 2.747681 0.043380976
