"Validation time(S)" "Commits" "Aborts" "Val Reads" "Val success" "Val fail" "Energy (J)" "Time(S)"
0.000575 1034 83 198602 604 3 517.158875 8.867102861
0.000576 1034 103 201020 621 2 548.799500 9.301898956
0.000599 1034 111 204745 630 1 553.629150 9.431391001
0.000577 1034 77 198012 597 0 513.584106 8.831991911
0.000591 1034 74 198163 594 0 510.499939 8.728205919
0.00056 1034 80 199169 607 2 518.109314 8.768995047
0.00057 1034 76 198186 595 0 519.479675 8.792497158
0.000579 1034 84 198002 600 2 524.137024 8.882168055
0.000582 1034 80 198211 603 2 514.208557 8.786413908
0.000586 1034 108 203706 627 4 546.832458 9.270377874
0.000568 1034 107 201545 625 0 552.336731 9.383342028
0.000584 1034 77 198599 594 0 516.697388 8.774421930
0.000589 1034 123 204657 642 2 565.689026 9.580307007
0.000574 1034 108 201605 627 3 554.118286 9.380764961
0.000587 1034 86 197914 607 5 516.554382 8.779555798
0.00059 1034 99 201227 619 0 546.263306 9.304249048
0.000564 1034 77 197555 598 0 519.845642 8.799855947
0.000569 1034 76 198118 594 1 509.967468 8.758705139
0.000581 1034 75 197849 595 0 517.246582 8.770376921
0.000568 1034 80 197971 599 5 516.593140 8.759575129
0.000578 1034 80 197816 600 1 521.592651 8.828271866
0.000598 1034 114 202099 633 4 550.873901 9.414117098
0.000578 1034 82 197937 606 2 518.888977 8.793410063
0.000574 1034 122 205140 644 3 558.962891 9.581621885
0.000587 1034 80 197771 605 1 514.088379 8.795401096
0.000622 1034 128 204804 648 4 555.576782 9.529863119
0.00059 1034 85 197602 601 6 521.794373 8.842751026
0.00057 1034 86 198510 598 8 509.889343 8.768383026
0.000617 1034 81 197520 593 5 510.903137 8.752727985
0.000591 1034 79 198648 602 2 511.650330 8.788111925
0.000574 1034 102 202099 620 1 543.618408 9.291692019
