"Validation time(S)" "Commits" "Aborts" "Val Reads" "Val success" "Val fail" "Energy (J)" "Time(S)"
7e-06 188 63 2449 116 1 0.238586 0.005037785
1e-06 188 73 2395 133 1 0.181824 0.004255772
6e-06 188 59 2240 118 2 0.177856 0.003405094
8e-06 188 65 2395 126 1 0.188538 0.003717899
6e-06 188 64 2340 123 1 0.169067 0.003453016
1.2e-05 188 68 2104 120 0 0.176575 0.003525972
5e-06 188 70 2281 124 0 0.191895 0.003823996
9e-06 188 62 2369 124 0 0.236389 0.003690004
8e-06 188 64 2458 132 2 0.000000 28
1.1e-05 188 79 2608 145 3 0.000001 22
6e-06 188 63 2445 127 3 0.000000 12
4e-06 188 65 2270 127 2 0.216187 0.004076958
1.2e-05 188 59 2148 123 1 0.193909 0.003395081
6e-06 188 63 2252 116 2 0.226257 0.003534079
1e-05 188 73 2204 128 3 0.000000 28
9e-06 188 81 2402 137 1 0.224548 0.004014015
7e-06 188 73 2499 131 2 0.000003 26
5e-06 188 64 2130 121 1 0.204163 0.003371000
1.1e-05 188 66 2375 128 2 0.199280 0.003724813
9e-06 188 67 2077 121 1 0.191772 0.003426075
1e-05 188 58 2517 127 0 0.207703 0.003885031
8e-06 188 65 2343 123 2 0.196350 0.003581047
1.4e-05 188 70 2292 126 1 0.240662 0.003521204
7e-06 188 73 2284 127 3 0.186218 0.003595114
1.2e-05 188 89 2467 148 3 0.262146 0.004435062
8e-06 188 68 2470 135 2 0.201965 0.003356934
8e-06 188 63 2435 119 3 0.201477 0.004249811
6e-06 188 63 2351 125 0 0.199524 0.003461123
5e-06 188 68 2146 118 1 0.205383 0.003511190
2e-06 188 58 2256 126 3 0.000000 14
8e-06 188 76 2291 134 2 0.227783 0.004055977
