"Validation time(S)" "Commits" "Aborts" "Val Reads" "Val success" "Val fail" "Energy (J)" "Time(S)"
0.759812 15000000 3721819 366510828 8916853 1362374 121.401184 1.951478004
0.759001 15000000 3726568 367546376 8935602 1356280 121.981567 1.955998898
0.764876 15000000 3728948 368743784 8947565 1361918 122.263245 1.956970930
0.76255 15000000 3727772 368854469 8958812 1368566 121.669006 1.955518007
0.761663 15000000 3704525 368958888 8945378 1389571 120.658325 1.941807985
0.76176 15000000 3739263 368300898 8936259 1353046 122.286987 1.953669071
0.755394 15000000 3759106 367721998 8937582 1351645 122.376099 1.963519096
0.758785 15000000 3769144 368164449 8928102 1350981 123.451416 1.967258930
0.762501 15000000 3758344 368385579 8934819 1365542 122.372314 1.959152937
0.759244 15000000 3725127 369690897 8954125 1360653 121.899292 1.955846071
0.754592 15000000 3727073 368362213 8929406 1363078 122.247803 1.959161997
0.757667 15000000 3740564 368413276 8939889 1359159 122.779175 1.961158037
0.757651 15000000 3725665 367907370 8947204 1360641 121.212952 1.951810837
0.753769 15000000 3726100 368685567 8933080 1361343 121.897644 1.958117962
0.757918 15000000 3731662 367381675 8914962 1359336 122.554810 1.958487034
0.764902 15000000 3740448 368929244 8928534 1361281 121.576111 1.960196018
0.760433 15000000 3719069 368535670 8928896 1362578 121.309021 1.954566002
0.76057 15000000 3730885 369242451 8943441 1358918 122.546997 1.960148096
0.756962 15000000 3755420 367512629 8923823 1351653 121.797913 1.959108114
0.754706 15000000 3726847 368627600 8942139 1370369 121.336243 1.951587915
