"Validation time(S)" "Commits" "Aborts" "Val Reads" "Val success" "Val fail" "Energy (J)" "Time(S)"
0.425594 22362293 534 21554304 21554327 85 186.632141 5.780074120
0.422614 22362295 504 21569084 21569120 70 185.488037 5.729399204
0.432761 22362295 455 21563908 21563958 59 184.916931 5.730844021
0.430905 22362295 505 21573840 21573885 65 186.314209 5.727313995
0.427315 22362295 578 21586978 21587029 74 184.836853 5.744129181
0.423927 22362295 537 21586018 21586081 68 184.812378 5.746102810
0.421922 22362295 542 21597192 21597256 78 193.560181 6.143814087
0.43612 22362295 520 21627128 21627184 60 184.557983 5.744851828
0.433842 22362295 472 21471575 21471627 62 184.308105 5.783014774
0.42205 22362295 489 21614534 21614573 75 184.470764 5.743580103
0.423239 22362295 500 21595133 21595186 60 185.311401 5.750971794
0.42256 22362295 503 21586727 21586762 83 185.033203 5.801207066
0.430119 22362295 557 21589571 21589614 89 190.263855 5.748747826
0.432845 22362295 510 21587816 21587857 74 183.283203 5.749237061
0.423031 22362293 508 21598905 21598927 81 183.651917 5.745358944
0.423958 22362295 586 21575098 21575138 76 184.416138 5.753796101
0.433867 22362295 542 21602767 21602802 77 184.902588 5.733838081
0.431933 22362295 539 21582021 21582069 75 184.814331 5.755285025
0.422616 22362295 601 21591501 21591534 94 184.938354 5.747637033
0.422508 22362295 542 21625660 21625684 73 183.150513 5.748383999
0.427042 22362295 594 21623829 21623835 100 184.439819 5.740797043
0.430942 22362295 596 21601016 21601073 65 184.999695 5.750586987
0.427624 22362295 539 21601597 21601635 88 183.432861 5.751417160
0.428553 22362293 486 21587987 21588046 50 192.587952 6.156082869
0.425706 22362293 524 21588651 21588687 80 184.681946 5.743581057
0.425567 22362295 517 21584617 21584643 78 184.940125 5.747541904
0.423048 22362295 513 21614787 21614821 68 183.062256 5.737497091
0.43129 22362293 560 21595263 21595310 91 193.438721 6.166749001
0.432279 22362295 522 21622284 21622328 59 183.051392 5.739925861
0.431603 22362293 542 21610744 21610786 84 183.122498 5.743551970
0.423112 22362295 516 21591222 21591269 64 183.493774 5.749568939
