"Validation time(S)" "Commits" "Aborts" "Val Reads" "Val success" "Val fail" "Energy (J)" "Time(S)"
0.000212 10000 9 53877 2695 8 0.558838 0.009714127
0.000181 10000 6 51671 2584 6 0.516846 0.008811951
0.000223 10000 7 54103 2710 6 0.558655 0.008826017
0.00023 10000 9 53766 2687 9 0.539612 0.009531021
0.000167 10000 3 49802 2492 3 0.520508 0.008810997
0.000205 10000 2 51693 2588 2 0.556580 0.009667873
0.000194 10000 2 53429 2675 2 0.560974 0.009608030
0.00018 10000 8 54550 2731 8 0.558716 0.009567022
0.000186 10000 7 54815 2741 6 0.550903 0.009503126
0.000185 10000 5 52922 2647 5 0.539368 0.009557962
0.00018 10000 6 51012 2552 5 0.556396 0.008826017
0.000202 10000 4 55598 2783 3 0.586060 0.010087013
0.000154 10000 8 51786 2588 8 0.529968 0.008780956
0.000186 10000 5 50541 2527 5 0.564270 0.009191036
0.000175 10000 4 49894 2499 4 0.572937 0.008991003
0.000189 10000 8 53531 2678 8 0.556885 0.009470940
0.000187 10000 9 53049 2651 8 0.533081 0.009853125
0.00016 10000 1 50131 2508 1 0.552368 0.009516001
0.000187 10000 6 49624 2482 5 0.533936 0.008863926
0.00019 10000 6 51927 2599 6 0.558533 0.009607792
