"Validation time(S)" "Commits" "Aborts" "Val Reads" "Val success" "Val fail" "Energy (J)" "Time(S)"
1.19581 1000000 4290541 398152458 2145804 2608082 1166.330688 19.049327135
1.19302 1000000 4293368 398886875 2150852 2612450 1165.387756 19.018355131
1.18915 1000000 4279681 397087924 2138662 2605699 1163.663269 19.085265875
1.19526 1000000 4288667 398170678 2145190 2610923 1164.199585 19.032482862
1.19619 1000000 4289370 397962656 2143020 2609900 1165.346069 19.068591118
1.19795 1000000 4296939 398486182 2145095 2612248 1143.281616 19.050646067
1.19345 1000000 4295312 398781794 2146451 2616792 1147.477173 19.044616938
1.19057 1000000 4285275 397760560 2142822 2605777 1165.506653 19.049561024
1.19357 1000000 4276574 397180893 2137780 2605136 1164.217896 19.071065903
1.19373 1000000 4293557 397646962 2143396 2606688 1163.705444 19.063383102
1.19372 1000000 4281618 397483819 2142246 2604631 1165.289612 19.061821938
1.19488 1000000 4302109 398997553 2149927 2619497 1160.079834 19.014095068
1.19394 1000000 4299522 398321924 2145628 2612521 1145.554626 19.047359943
1.20007 1000000 4298611 398443972 2147452 2614326 1164.399353 19.023118973
1.1935 1000000 4299819 398452837 2147829 2612814 1166.915955 19.032489061
1.19474 1000000 4299344 398550027 2147672 2611370 1166.290039 19.022808075
1.19389 1000000 4298175 398500736 2147318 2613962 1165.123291 19.038356066
1.19864 1000000 4296272 398602357 2148811 2613210 1155.226868 19.037734985
1.19596 1000000 4296483 398684819 2147623 2616153 1164.934692 19.008524179
1.19605 1000000 4289611 397752822 2142921 2609785 1158.707581 19.042110920
