"Validation time(S)" "Commits" "Aborts" "Val Reads" "Val success" "Val fail" "Energy (J)" "Time(S)"
0.001107 5311 1678 373104 1573 1486 0.663269 0.009660006
0.001064 5256 1549 380840 1598 1389 0.674316 0.010296106
0.001023 5295 1426 374466 1552 1271 0.642639 0.009649038
0.001064 5451 1654 379141 1549 1481 0.668274 0.010279894
0.001036 5433 1586 373095 1533 1408 0.681030 0.010186195
0.00322 14194 2519 1223790 4921 2203 2.704773 0.021944046
0.001044 5365 1687 372304 1557 1486 0.659241 0.009613037
0.001136 5300 1626 405935 1627 1469 0.622681 0.009271145
0.0011 5446 1741 386125 1568 1549 0.724060 0.010733128
0.003175 14405 2277 1179232 4811 1964 2.710449 0.021670103
0.001058 5339 1803 377993 1579 1577 0.677673 0.009828091
0.001102 5435 1742 367652 1557 1511 0.705383 0.010769129
0.001063 5388 1692 377633 1576 1498 0.698425 0.010292053
0.001103 5482 1853 397831 1599 1638 0.725525 0.010447979
0.001134 5421 1832 385368 1548 1632 0.754639 0.011233091
0.001035 5305 1408 363344 1562 1242 0.586548 0.008609772
0.001124 5372 1725 379938 1542 1547 0.675171 0.009746075
0.001056 5251 1282 366182 1553 1138 0.597473 0.008590937
0.001102 5314 1639 391316 1634 1483 0.622986 0.009034872
0.00319 14220 2534 1193347 4816 2241 2.713074 0.021852970
0.001143 5481 1930 404054 1595 1739 0.690125 0.010441065
0.001081 5308 1726 374458 1553 1553 0.654236 0.009747028
0.00108 5251 1544 384377 1573 1385 0.635071 0.009733200
0.001072 5419 1521 381547 1544 1358 0.661316 0.009136915
0.003105 14173 2444 1185792 4740 2036 2.740906 0.022099018
0.003253 14398 2444 1191256 4810 2149 2.842773 0.022944927
0.003126 14293 2335 1207916 4888 2021 2.699402 0.021087170
0.003281 14247 2482 1228578 4929 2161 2.760803 0.022433996
0.001034 5349 1533 367393 1583 1351 0.636414 0.009253025
