"Validation time(S)" "Commits" "Aborts" "Val Reads" "Val success" "Val fail" "Energy (J)" "Time(S)"
0.526839 35000000 173551167 19473737 11785881 2989 138.144470 2.369620085
0.513518 35000000 189845239 19372231 11734576 3546 143.829834 2.464736938
0.507527 35000000 165892627 19815749 11945860 3306 136.789490 2.345016003
0.443914 35000000 171982525 19321890 11708058 4112 138.854309 2.398571968
0.482719 35000000 173268584 19779933 11928444 4110 140.276184 2.400341034
0.517283 35000000 164904114 19531825 11806955 3262 137.397095 2.359797001
0.533847 35000000 186958860 19372173 11731406 3376 144.874451 2.480135918
0.475781 35000000 163854884 19356635 11727327 3016 136.718567 2.334344149
0.546833 35000000 183810898 19488391 11796687 2946 142.395081 2.431195974
0.434566 35000000 189621891 19377699 11730897 2847 144.799988 2.465357065
0.414123 35000000 121357632 19729647 11906110 3500 123.740479 2.113719940
0.458181 35000000 184151463 19475454 11784583 3313 142.771362 2.421188116
0.419633 35000000 185893677 19584020 11838967 3287 142.463135 2.431462049
0.57942 35000000 147961644 19493237 11800633 3856 131.424988 2.249769926
0.479628 35000000 201807449 19490309 11791877 4308 147.774597 2.535295010
0.444952 35000000 180650496 19213746 11660739 3095 141.485962 2.416491985
0.480689 35000000 163094510 19626868 11859715 3323 136.407715 2.338381052
0.62719 35000000 183489015 19483252 11792201 4037 142.777222 2.418226957
0.517718 35000000 205527524 19455726 11765655 6527 148.665283 2.544281006
0.545156 35000000 159245811 19701961 11900597 3969 134.683350 2.298874140
