"Validation time(S)" "Commits" "Aborts" "Val Reads" "Val success" "Val fail" "Energy (J)" "Time(S)"
2.06344 23428141 1626307062 554916584 9618743 61987 720.625366 12.975682974
1.9192 23428141 1559126114 559626675 9670372 68535 686.133179 12.221692085
2.12376 23428141 2039510034 556425184 9622569 69567 823.138306 14.861720085
1.89866 23428141 1604010565 554597589 9651867 71430 729.358765 12.969937086
1.87838 23428141 1678793190 553107137 9608974 57541 790.867737 14.311172009
2.05318 23428141 1948748235 554260585 9636249 58351 792.868164 14.030061007
2.00618 23428141 2097162570 554649022 9635074 57805 835.590820 14.668694973
1.96604 23428141 1638945134 553128066 9588680 69136 738.085876 13.146418095
1.8368 23428141 1955020102 554229843 9595850 57843 783.716858 13.832031012
1.85679 23428141 1274465434 556417142 9638017 66244 669.290405 12.190658092
2.10206 23428141 1960674133 551676426 9650358 59553 778.696716 13.490020990
1.8803 23428141 1683498711 555369182 9657208 69705 734.350403 13.042716980
1.95186 23428141 1564121825 555170099 9627331 56131 717.391418 12.788721085
1.87384 23428141 1776226975 554324086 9618056 62037 789.457458 14.039118052
2.1205 23428141 1295952348 556560321 9626829 60705 693.215210 12.429167986
2.2112 23428141 1902551198 552637744 9612430 56785 820.106628 14.676912069
1.95989 23428141 1836563592 553912467 9628977 58094 760.488708 13.418353796
1.9615 23428141 1952454150 559495951 9646171 63898 788.097229 14.005298138
2.15256 23428141 1725989213 555000592 9666667 64193 763.790588 13.675989866
2.02643 23428141 1246081914 560497450 9628298 69018 636.312744 11.361998081
2.18098 23428141 2177747128 555634372 9668228 58891 835.299744 14.693456888
1.99857 23428141 2014249802 555229143 9611294 58658 798.177002 14.155427933
1.75735 23428141 1698832457 554757298 9644295 63660 734.877991 13.083796978
