"Validation time(S)" "Commits" "Aborts" "Val Reads" "Val success" "Val fail" "Energy (J)" "Time(S)"
7e-06 2746 91 975 203 0 0.493103 0.015124083
0 2746 6 72 18 0 0.430542 0.012889862
5.5e-05 2746 1835 7921 1614 0 0.391785 0.010848999
4.2e-05 2746 1351 7981 1633 0 0.342529 0.008609056
5.9e-05 2746 1592 7890 1600 0 0.340393 0.008810997
3.4e-05 2746 1740 8103 1648 0 0.267761 0.005798101
4.3e-05 2746 1573 7805 1592 0 0.595154 0.014198065
5.5e-05 2746 1452 8114 1656 0 0.586243 0.022196054
2e-06 2746 3 222 49 0 0.420410 0.012895107
6.3e-05 2746 1647 7926 1611 0 0.387573 0.013257027
4e-05 2746 1562 8013 1634 0 0.438965 0.012403965
4.3e-05 2746 1468 8387 1699 0 0.262939 0.006180048
4.2e-05 2746 1244 5340 1091 0 0.344849 0.010386944
4.9e-05 2746 1502 8285 1674 0 0.390320 0.011847973
4.8e-05 2746 2225 7679 1580 0 0.623352 0.022196054
3e-05 2746 1335 5353 1098 0 2.917908 0.059566021
4.1e-05 2746 1806 7865 1604 0 4.057861 0.066276789
5e-06 2746 101 992 201 0 0.369080 0.011423826
4.2e-05 2746 1575 7913 1606 0 0.361389 0.011756182
4.7e-05 2746 1552 7456 1521 0 0.422546 0.013489008
4.7e-05 2746 1602 8113 1646 0 3.105408 0.053178072
3.7e-05 2746 1605 7978 1630 0 0.296997 0.007884979
6.1e-05 2746 2880628 7695 1581 0 1.076843 0.026353121
