"Validation time(S)" "Commits" "Aborts" "Val Reads" "Val success" "Val fail" "Energy (J)" "Time(S)"
3e-06 204 41 759 48 1 0.303223 0.009598970
1e-05 204 72 1574 121 2 0.590027 0.020390034
7e-06 204 85 800 59 1 0.270813 0.007925987
8e-06 204 86 1446 121 3 0.241821 0.006025791
4e-06 204 71 1074 73 1 0.221008 0.005971909
4e-06 204 113 1060 81 2 0.260498 0.007091999
1.5e-05 204 116 755 63 0 0.283203 0.008195877
8e-06 204 127 1483 105 1 0.174316 0.003963947
3e-06 204 6916299 1400 111 2 1.755920 0.031149149
1e-05 204 52 1236 80 1 0.268005 0.006904125
8e-06 204 75 1356 109 0 0.251831 0.004510880
6e-06 204 9063049 1476 127 1 2.297913 0.048520803
3e-06 204 143 1559 113 0 0.250122 0.004914045
5e-06 204 117 941 74 2 0.320435 0.010154963
7e-06 204 123 966 75 2 0.323425 0.009575129
6e-06 204 58 1288 101 1 0.255371 0.006955147
2e-06 204 88 1015 72 2 0.286682 0.007444859
8e-06 204 115 741 53 1 0.273865 0.008063078
6e-06 204 125 654 62 3 0.343933 0.011256933
6e-06 204 121 1776 134 2 0.228088 0.003575087
4e-06 204 104 681 48 4 0.278442 0.008169889
6e-06 204 114 1592 122 3 0.605896 0.019966125
5e-06 204 87 788 56 3 0.296326 0.009330988
