"Validation time(S)" "Commits" "Aborts" "Val Reads" "Val success" "Val fail" "Energy (J)" "Time(S)"
0.00057 1050 232 139692 730 4 673.583252 11.587631941
0.000531 1050 184 135530 710 0 668.285278 11.406463861
0.000566 1050 190 138065 715 0 670.876953 11.457139969
0.000584 1050 218 138354 733 3 681.304871 11.576127052
0.000566 1050 261 136740 708 1 659.251343 11.289234877
0.000596 1050 185 135991 712 0 651.599854 11.136969090
0.000565 1050 214 138085 725 3 673.962769 11.489473820
0.000562 1050 200 136336 707 5 656.561157 11.176150084
0.000571 1050 202 139066 720 0 684.199951 11.670970917
0.000578 1050 203 140307 734 1 677.672546 11.507153034
0.00058 1050 239 142146 752 2 710.286987 12.063843966
0.000543 1050 209 136136 708 6 659.207764 11.206954002
0.000555 1050 211 141014 733 0 689.335083 11.696861029
0.00058 1050 197 139119 726 0 673.506531 11.500997066
0.000605 1050 198 142090 730 1 666.838501 11.335239172
0.016602 1050 214 141506 731 5 680.530396 11.543606043
0.000564 1050 228 139912 728 0 684.347900 11.645569086
0.000585 1050 198 140533 723 0 682.400879 11.708679914
0.000565 1050 194 134663 717 1 655.679565 11.177349091
0.000564 1050 201 139241 735 1 678.215271 11.576660872
0.000571 1050 224 140613 734 3 682.097229 11.586992979
0.000599 1050 202 141006 723 0 678.700989 11.583115816
0.000591 1050 190 138817 712 3 658.700500 11.187102079
