"Validation time(S)" "Commits" "Aborts" "Val Reads" "Val success" "Val fail" "Energy (J)" "Time(S)"
0.013636 125 777950377 4244226 41 7 1467.078857 23.443000000
0.043556 133 1698262086 8458204 57 6 1773.467957 28.637000000
0.030754 127 1277103443 4525825 46 11 1297.265503 21.832000000
0.029273 78 1166692620 3836914 38 4 1205.581299 19.931000000
0.028816 83 1681150813 8562242 30 7 1303.045471 22.182000000
0.03051 81 1745192617 4274767 26 6 1232.498108 18.970000000
0.030596 127 1280341059 4449891 51 8 1693.671814 27.300000000
0.029642 134 2515273677 4192204 53 8 1842.020203 28.426000000
0.0309 121 1907736620 6255887 41 9 1454.508545 23.145000000
0.033449 132 1061952489 4177184 38 11 1436.888855 22.833000000
0.013878 134 2955484843 4239620 55 11 1753.045959 27.620000000
0.029682 127 2355966587 4243185 45 7 1490.759216 23.990000000
0.000277 127 1702720368 56544 45 3 1599.599976 24.807000000
0.059005 126 2191945276 10136273 55 10 1386.267395 22.013000000
0.036084 90 606530706 6613761 27 6 1348.873596 21.689000000
0.016381 78 558653392 70851 18 4 1194.168213 20.811000000
0.034447 127 780349803 4425722 53 6 1378.952332 24.909000000
0.064085 134 1425939370 10583058 70 9 1541.333008 25.863000000
0.012742 127 1508642342 3801578 69 6 1429.033447 22.330000000
0.00057 120 1993373984 95145 54 5 1316.713379 21.780000000
0.013825 134 909825000 5979038 47 6 1521.617065 25.169000000
0.082677 127 756888411 10953709 27 8 1374.082092 26.140000000
0.000381 96 1261702275 75886 36 5 1404.719604 21.836000000
0.060168 127 1974018583 8635181 40 9 1512.925659 24.085000000
0.053352 127 1765444289 10814987 56 6 1386.218445 23.712000000
0.000204 71 913888794 54767 26 2 1253.859802 19.656000000
0.014756 78 1573408849 4252410 34 2 1081.431396 16.995000000
