"Validation time(S)" "Commits" "Aborts" "Val Reads" "Val success" "Val fail" "Energy (J)" "Time(S)"
0.001456 127 1521596891 374798 50 7 1394.435486 21.976000000
0.015327 81 1892944034 4580685 31 0 1353.439941 21.243000000
0.048726 127 775001297 14298476 39 9 1295.359619 21.046000000
0.030069 127 2225067653 4354004 51 5 1529.071594 24.341000000
0.097492 121 741515340 15122736 49 4 1487.015503 23.390000000
0.097496 138 2494178156 14905343 55 6 1440.685974 23.338000000
0.03133 96 2888008507 4652756 33 5 1527.586304 23.509000000
0.000961 127 1238668776 218437 53 6 1310.703979 21.705000000
0.066732 127 726047708 9295932 28 9 1259.227966 21.198000000
0.076551 127 2756789196 7850968 41 7 1330.487915 21.267000000
0.020213 127 1106048733 6579637 51 9 1367.112427 22.839000000
0.020814 71 2938812168 6872812 22 5 1377.314087 21.087000000
0.000576 81 1517678415 109520 32 2 1509.746765 23.399000000
0.0001 78 1395605533 16889 23 3 1246.540955 20.792000000
0.030571 100 3085989384 4298287 40 4 1448.974304 22.576000000
0.000497 134 2804315111 97439 67 4 1719.081360 26.557000000
0.030382 94 1444519269 4323349 42 4 1237.181763 20.355000000
0.047985 127 2715887252 8154971 39 9 1627.943787 24.894000000
0.060248 127 1066350436 8661012 38 6 1751.039673 27.753000000
0.029852 127 2826374864 4252383 60 5 1767.659180 27.557000000
0.000194 81 1449218885 34883 34 2 1594.134644 25.445000000
0.00088 129 2656772587 177532 56 11 1571.775269 25.668000000
0.041877 127 1086905225 7561616 41 7 1472.369751 23.377000000
0.000232 107 926268042 39416 39 8 1268.574280 20.145000000
