"Validation time(S)" "Commits" "Aborts" "Val Reads" "Val success" "Val fail" "Energy (J)" "Time(S)"
0.001055 7927 520631284 188101 348 15 332.586975 5.089000000
0.000951 8034 521925950 169223 345 17 338.595276 5.168000000
0.001098 10346 426248836 194879 410 23 333.527954 5.190000000
0.001539 9541 544550252 234647 412 16 328.533813 5.092000000
0.001007 10560 557874542 178642 339 22 334.116089 5.142000000
0.001082 10664 571534487 193837 377 20 339.364258 5.1890000000.000863 10275 535784931 160452 286 16 333.612915 5.113000000
0.001251 8953 526450059 225861 417 17 333.450806 5.124000000
0.000925 8200 569772132 170904 347 16 333.327087 5.124000000
0.001191 9789 556709461 202378 421 21 340.666870 5.169000000
0.000923 10509 545889430 179136 399 20 329.623840 5.088000000
0.00161 9094 560408923 200626 376 26 338.680542 5.147000000
0.005824 9742 575114871 188068 362 25 339.210571 5.168000000
0.00535 7543 610586182 142854 321 23 343.525085 5.188000000
0.000936 9596 563063762 170670 375 18 334.282776 5.091000000
0.001052 10278 548578780 192954 341 10 333.909729 5.088000000
0.00079 9229 552053971 156402 337 18 335.343506 5.127000000
0.001204 8688 564742832 209784 366 15 335.984802 5.129000000
0.001061 9234 560486300 208986 392 22 335.357117 5.146000000
0.000948 7491 574207970 172136 317 16 338.409851 5.120000000
0.001838 9736 551356123 192651 347 14 337.107361 5.134000000
0.001091 8223 534508661 205728 388 26 332.514587 5.087000000
0.001097 8353 580714071 199357 381 25 333.181213 5.119000000
0.001372 8586 422671075 275660 465 26 325.347595 5.091000000
0.001445 8455 574198533 193652 420 29 329.122009 5.105000000
0.001099 8618 561937803 174167 318 15 333.502808 5.100000000
