"Validation time(S)" "Commits" "Aborts" "Val Reads" "Val success" "Val fail" "Energy (J)" "Time(S)"
0.737419 1000000 96686 179553161 46455 2518 243.170532 3.668251991
0.628501 1000000 75554 181727671 47184 2537 242.973450 3.675582886
0.801554 1000000 60400 176767813 45865 2398 238.254395 3.593237877
0.638023 1000000 40511 185168351 47179 2491 246.547241 3.724499783
0.65942 1000000 49305 177983931 45992 2437 248.004517 3.718745343
0.747978 1000000 92442 180063069 46575 2524 242.124329 3.674820138
0.626301 1000000 53778 177358794 46297 2504 239.568237 3.616211386
0.61276 1000000 41739 177240705 45891 2401 241.953003 3.643811341
0.605432 1000000 41883 179247188 46160 2452 240.770996 3.637163742
0.773119 1000000 66534 180980375 46086 2551 245.330811 3.691327122
0.643814 1000000 47310 185922439 47069 2434 246.558350 3.721611402
0.861816 1000000 73732 177284319 46060 2369 240.947937 3.667417839
0.756017 1000000 84367 182867372 46799 2342 250.627808 3.807926692
0.624752 1000000 57735 182833519 46321 2411 246.447571 3.739929997
0.646773 1000000 40291 183706290 46883 2218 242.602844 3.675425271
0.669166 1000000 78930 182531637 47311 2400 242.033447 3.652346301
0.693912 1000000 46313 179397385 46117 2410 244.095642 3.664057292
0.806012 1000000 45806 181547632 46446 2350 242.527039 3.670013684
0.599774 1000000 67527 178626643 46098 2837 242.949951 3.673403024
0.673778 1000000 42392 181077741 46660 2509 241.627197 3.638237066
