"Validation time(S)" "Commits" "Aborts" "Val Reads" "Val success" "Val fail" "Energy (J)" "Time(S)"
0.000158 10000 123 39296 1966 4 0.673950 0.012768030
0.000164 10000 95 41646 2084 5 0.596619 0.010594845
0.000194 10000 94 48206 2411 3 0.564331 0.009050846
0.000176 10000 152 38723 1936 4 0.623047 0.011418104
0.000154 10000 58 34168 1709 4 0.900391 0.025506020
0.000148 10000 103 39718 1986 5 0.569580 0.010648012
0.000139 10000 51 39635 1983 2 0.627563 0.012079954
0.00015 10000 75 37131 1857 2 0.627014 0.012531042
0.000132 10000 92 37094 1856 3 0.643188 0.011919022
0.00015 10000 78 37357 1868 4 0.918518 0.026350021
0.000159 10000 177 36107 1806 2 0.641479 0.014084101
0.000203 10000 58 46337 2318 3 0.733154 0.018918991
0.000152 10000 42 42262 2115 4 0.584961 0.010854959
0.000153 10000 85 39631 1982 6 0.610779 0.011849165
0.000133 10000 55 35206 1760 5 0.620422 0.012969971
0.000139 10000 93 38476 1924 4 0.652100 0.012893915
0.000187 10000 89 46560 2330 3 0.598267 0.010293007
0.000144 10000 125 38224 1911 7 0.559998 0.010123968
0.000139 10000 92 34224 1712 2 0.651489 0.013195992
0.000172 10000 43 41135 2057 4 0.602173 0.012017012
0.000127 10000 84 36122 1807 4 0.603394 0.012386084
0.000137 10000 81 40432 2023 5 0.615601 0.012674900
0.000147 10000 88 42596 2129 4 0.625549 0.012013481
0.000118 10000 83 35022 1752 2 0.587219 0.011586753
0.000124 10000 68 35389 1770 2 0.832642 0.024249169
0.000146 10000 99 42111 2107 6 0.579041 0.011009797
0.000128 10000 80 37024 1854 3 0.775635 0.020639360
0.000156 10000 84 44635 2233 8 0.617249 0.010728470
7.5e-05 10000 8 22897 1145 1 0.712952 0.018963799
0.000121 10000 98 35893 1795 3 0.653442 0.012487747
0.000121 10000 75 34574 1731 1 0.606140 0.011982231
