"Validation time(S)" "Commits" "Aborts" "Val Reads" "Val success" "Val fail" "Energy (J)" "Time(S)"
0.004738 10000 174837 1466836 11985 956 5.235046 0.103811979
0.008538 10000 1216635 1166840 13633 1000 17.731201 0.291178226
0.004509 10000 1273624 1179853 13677 1023 18.378357 0.309551954
0.004493 10000 1194345 1167520 13567 1048 17.847168 0.301227093
0.004798 10000 1260376 1246630 13990 1148 18.238159 0.308272123
0.004752 10000 1292954 1244648 14014 1176 18.268799 0.298984051
0.004604 10000 1301932 1183684 13646 1140 18.671448 0.306164026
0.021313 10000 1261191 1351095 14468 1255 17.828369 0.296028137
0.021276 10000 1190094 1362197 14613 1270 16.940247 0.289714098
0.021536 10000 987746 1464667 15071 1374 14.941345 0.245657921
0.004821 10000 1261959 1261475 14051 1217 18.076477 0.295638084
0.005065 10000 1078385 1331555 14585 1242 16.030029 0.262881994
0.024839 10000 1285017 1249774 14010 1148 18.349182 0.321734190
0.020975 10000 1103549 1279406 14243 1202 16.333618 0.266863108
0.00495 10000 1216028 1295778 14230 1188 17.539124 0.286931992
0.020967 10000 1173675 1266334 14231 1128 17.106323 0.279920101
0.008979 10000 1165792 1266749 14209 1157 17.119202 0.280570030
0.004241 10000 1352103 1125531 13247 1014 19.228333 0.319845200
0.005064 10000 544203 1526326 13745 1102 9.434387 0.161438942
0.004544 10000 1180767 1176808 13660 1028 17.428040 0.285323143
0.004922 10000 1231621 1289396 14294 1195 17.634827 0.294445992
0.020712 10000 1273013 1218934 13966 1091 18.187073 0.306551500
0.00565 10000 1113300 1467726 15081 1444 16.169373 0.265338478
0.004826 10000 1268192 1252347 14170 1141 18.078552 0.295823197
0.004904 10000 981391 1275601 14193 1140 15.128418 0.248597089
0.004834 10000 1417447 1261063 13950 1193 19.148804 0.325673225
0.014056 10000 1346085 1169300 13784 1015 19.135742 0.313007519
0.005326 10000 1079597 1381641 14700 1264 16.020935 0.263458314
0.004671 10000 1374640 1212618 13863 1067 19.225281 0.314748736
0.004608 10000 1238683 1198329 13872 1152 17.984619 0.294274374
0.005167 10000 1036559 1344232 14519 1257 15.470093 0.252996844
