"Validation time(S)" "Commits" "Aborts" "Val Reads" "Val success" "Val fail" "Energy (J)" "Time(S)"
15.2493 2108322 75997662 5608004881 417293 68621 3809.223267 61.572217784
15.7362 2100996 79519321 5619186869 424151 72234 3789.586792 61.563706621
18.2839 2168010 187064204 7384935135 528684 64314 3771.801025 61.572453122
14.6934 2068498 82406960 5377687532 409414 67194 3781.283325 61.559880390
13.8264 2106684 103889587 5372923975 412118 61291 3780.656555 61.537950177
17.4658 2199617 172325737 7235489663 536723 79140 3745.130310 61.552185470
14.4947 2041456 78523460 5545376077 416672 71577 3797.797241 61.556073645
13.9879 2037117 86996859 5370480573 409007 69542 3788.716919 61.562781111
14.096 2056828 101877159 5268318938 408646 61654 3758.594849 61.553903854
13.677 2014906 90778019 5102252609 396565 60763 3773.166077 61.541163878
13.348 1967015 87621037 5048467269 395583 65731 3773.566406 61.556562539
14.3281 2081286 79207198 5441201796 415259 68967 3790.921509 61.550992182
17.0438 2067398 184927245 6829935839 512139 70349 3742.220154 61.591370179
14.5738 2039969 98447295 5295495543 407212 64490 3771.901978 61.549746687
15.778 2079803 216947833 6654619593 509843 60678 3740.669373 61.554074158
14.0326 1983692 86776560 5325116919 405143 73045 3795.167236 61.546710862
12.6657 1944277 111187491 4892553364 388587 60765 3771.049744 61.552068882
12.4895 1938148 92069441 4836150936 380432 54588 3733.963013 61.550742517
13.8742 2008563 95906890 5266709885 407811 70158 3769.968567 61.575697771
14.1969 2072241 95011716 5356996032 405092 58848 3791.014282 61.555431543
