"Validation time(S)" "Commits" "Aborts" "Val Reads" "Val success" "Val fail" "Energy (J)" "Time(S)"
0.002367 4096 1131489 1505972 3874 7 7.601013 0.202156067
0.002511 4096 247108 1572506 4063 18 4.451843 0.116199017
0.002616 4096 355661 1540706 3965 18 8.595520 0.234781027
0.002675 4096 573803 1548078 3985 8 12.970581 0.369950056
0.002717 4096 767939 1536601 3973 9 9.076477 0.246871948
0.034322 4096 625107 1503956 3860 9 14.536255 0.347851038
0.002447 4096 634920 1556177 4001 9 7.636414 0.189538002
0.00252 4096 684317 1497655 3850 7 13.360535 0.349198103
0.002658 4096 131241 1569396 4054 14 5.545349 0.143308878
0.002285 4096 984147 1519877 3910 15 9.294556 0.237036943
0.002684 4096 279482 1529339 3939 8 6.314209 0.166576862
0.002411 4096 327723 1547799 4012 10 8.584778 0.194897890
0.002279 4096 653860 1543979 3980 13 6.829712 0.158908844
0.002317 4096 4058153 1510997 3868 12 17.311157 0.441004038
0.00273 4096 1271656 1517817 3878 9 11.947266 0.318470001
0.00239 4096 658116 1525629 3926 13 16.286011 0.424957991
0.002416 4096 2936329 1547167 3982 14 15.122681 0.384775162
0.002412 4096 1978628 1495464 3828 11 10.126282 0.261138916
0.002868 4096 330906 1517012 3892 10 8.145508 0.229185104
0.002333 4096 879289 1563229 4014 11 7.238098 0.182598114
0.002319 4096 837999 1494005 3827 18 15.279053 0.371935129
0.002342 4096 436427 1507557 3871 12 8.734070 0.244963884
0.002567 4096 572401 1530097 3911 12 12.420227 0.342679024
