"Validation time(S)" "Commits" "Aborts" "Val Reads" "Val success" "Val fail" "Energy (J)" "Time(S)"
1.34656 2549157 42819781340 142927839 755985 17117 11278.974548 278.974523118
1.45269 2548251 43184577106 144971426 757249 19348 11396.350098 282.432586440
1.29924 2550041 42340759167 143801801 755085 17509 11207.105957 277.863667435
1.22284 2549300 42670572922 144644873 754894 19859 11356.968262 281.187943608
1.35109 2548090 42936382260 144296751 756414 17398 11379.937195 282.590322289
1.62121 2549510 43004233337 144506985 757546 19824 11378.095703 281.394027027
1.24411 2549799 43052304412 143901108 755377 18187 11425.166077 283.365315212
1.67882 2549084 42786962548 145713877 756934 17813 11367.845459 281.088312505
1.20362 2548976 43162355620 143413592 756473 18562 11429.100220 283.274934972
1.39798 2549653 43435945527 143519181 755089 17329 11410.899292 282.757036873
1.26755 2549534 43735174726 143278871 754248 17571 11550.435791 287.013224247
1.38847 2547900 42772049299 144515408 756551 17440 11321.187622 280.613477406
1.2416 2548574 42784671428 144889448 755918 18220 11310.037903 279.961214621
1.41501 2548443 42550499329 144161681 755565 17349 11262.233887 278.978269242
1.33652 2548308 42143441592 144750145 754857 19012 11297.989990 280.667542197
1.53194 2549285 42483834864 143277191 757557 18645 11280.578857 279.449820355
1.32878 2549460 42807407813 144429541 756213 19051 11316.878967 279.506639083
1.5812  2548205 42586128351 143668773 754069 17674 11293.595093 279.940228153
1.44377 2549613 43489771709 143428500 755398 17809 11482.011841 284.488837249
1.38241 2549943 42856513637 144808120 756115 17855 11403.621521 282.577847063
