"Validation time(S)" "Commits" "Aborts" "Val Reads" "Val success" "Val fail" "Energy (J)" "Time(S)"
0.043608 150000000 309592 7419084 1964600 4569 196.187622 5.247319937
0.043601 150000000 321348 7515499 1960409 3942 194.067688 5.270029068
0.042423 150000000 303537 7262106 1975485 4445 185.491150 5.141837835
0.046727 150000000 302443 7742983 2007849 4482 194.806580 5.405233145
0.043184 150000000 299778 7390641 1975936 4658 190.013977 5.291797876
0.043827 150000000 292250 7562529 1949416 4115 190.565125 5.282490015
0.046593 150000000 311254 7520769 2036681 4542 187.571838 5.284650803
0.044878 150000000 292875 7763130 1992322 4797 187.221008 5.322276115
0.044027 150000000 303425 7217880 1977061 4525 187.614014 5.298896074
0.044246 150000000 303342 7393601 1991786 4901 188.780579 5.277057171
0.044416 150000000 303412 7511996 1985579 4353 185.369568 5.197057962
0.04322 150000000 270267 6929121 1857226 3914 194.671570 5.603811026
0.039703 150000000 270301 6533848 1824889 3507 190.081543 5.490441084
0.042254 150000000 272148 6901901 1849265 4500 191.867065 5.546407938
0.046048 150000000 296023 7456506 1975380 4374 192.234985 5.319545984
0.03979 150000000 268487 6785477 1820383 3826 192.127563 5.491129160
0.044172 150000000 303240 7540876 1984934 4510 187.606140 5.195991993
0.041886 150000000 274992 7052791 1834041 3942 193.351379 5.515473127
0.043594 150000000 297843 7364045 1961916 4726 187.298645 5.203126192
0.041943 150000000 283702 6909913 1885691 4485 192.698425 5.542315960
0.046461 150000000 294904 7509066 1988087 4757 193.141296 5.402487993
0.042502 150000000 267285 7033812 1833193 3896 198.911011 5.685768127
