"Validation time(S)" "Commits" "Aborts" "Val Reads" "Val success" "Val fail" "Energy (J)" "Time(S)"
0.001004 87383 23126 356526 39615 0 114.295227 3.299304008
0.00102 87383 31204 359422 39961 0 114.141418 3.302772999
0.001021 87383 23125 360767 40088 0 113.749512 3.309175014
0.000962 87383 23244 360513 40060 0 113.871765 3.298933983
0.001035 87383 22040 353061 39229 0 112.566956 3.298120022
0.001033 87383 20622 361449 40164 0 115.799805 3.369178057
0.000972 87383 24266 356536 39618 0 112.987427 3.309133053
0.001044 87383 23331 363519 40392 0 112.496094 3.304223061
0.000953 87383 24664 356931 39659 0 114.961487 3.352823019
0.001032 87383 21721 357084 39678 0 113.041687 3.300606966
0.000994 87383 23236 359821 39982 0 112.508911 3.300661802
0.001008 87383 22344 364060 40453 0 112.483704 3.302817822
0.00099 87383 26302 355005 39446 0 113.789062 3.298740149
0.000984 87383 25901 362610 40291 0 112.044678 3.301615953
0.000948 87383 22712 357588 39732 0 112.785767 3.301280975
0.000969 87383 21387 356652 39631 0 114.266541 3.353121996
0.001025 87383 20790 358101 39790 0 112.893860 3.298744917
0.000946 87383 26643 359174 39912 0 113.543152 3.303753853
0.000986 87383 20403 360117 40015 0 112.887573 3.305948019
0.000996 87383 25290 354907 39436 0 113.804993 3.299408197
0.001009 87383 21756 362466 40277 0 112.672974 3.300845146
0.000991 87383 20518 363429 40383 0 112.635437 3.302864075
0.001039 87383 25748 360047 40008 0 115.692383 3.355117083
0.000981 87383 21065 353412 39271 0 113.531006 3.295137882
0.000928 87383 21608 359586 39957 0 112.740234 3.301250935
0.000989 87383 20748 359262 39920 0 112.761108 3.304723978
0.000999 87383 21547 357273 39697 0 112.587708 3.303833008
0.001015 87383 22893 357255 39696 0 112.363953 3.300394058
0.000997 87383 19790 360082 40011 0 112.575073 3.304497004
0.001018 87383 23233 364052 40454 0 112.448425 3.302551985
0.001017 87383 21390 364419 40491 0 115.984497 3.371868134
