"Validation time(S)" "Commits" "Aborts" "Val Reads" "Val success" "Val fail" "Energy (J)" "Time(S)"
0.129439 100000000 3843400 89661089 1034222 449064 597.160645 16.569519043
0.12259 100000000 3976638 92416289 1030882 462348 577.434570 15.768546820
0.135622 100000000 3991544 104485531 1095094 397282 637.064880 17.375679016
0.129185 100000000 4006758 102680909 1166993 451985 571.662415 15.588351412
0.132847 100000000 3956779 103216445 1112400 412979 593.413147 16.125506303
0.122668 100000000 3929775 94295781 1117035 423356 570.388794 15.565190180
0.115442 100000000 3962753 90157312 1050061 437848 541.686096 14.728195969
0.134885 100000000 3912108 105004950 1134292 474396 605.506104 16.520599654
0.119444 100000000 3907956 94004723 1044034 455879 572.977783 15.630424038
0.121516 100000000 3995873 92416552 1102341 414892 560.701477 15.330589071
0.115554 100000000 3964357 84638080 1004272 480507 527.531494 14.358959917
0.125786 100000000 3900745 98102739 1077967 401073 604.240784 16.619452460
0.117824 100000000 3924363 93814017 1067753 428901 561.887817 15.234317128
