"Validation time(S)" "Commits" "Aborts" "Val Reads" "Val success" "Val fail" "Energy (J)" "Time(S)"
1.59575 200000 56870 1939289184 123641 48357 320.303711 8.360489130
1.75897 200000 59215 2030542089 130645 49657 325.476868 8.508903980
1.68043 200000 61173 2115451567 134147 52683 317.250488 8.177320957
1.66343 200000 59693 2098926678 131206 51633 319.146240 8.241289306
1.69741 200000 60432 2108308430 131844 52568 315.809570 8.121629984
1.64637 200000 60493 2123487560 133419 52542 316.447388 8.115743496
1.63332 200000 60125 2118999096 133773 51884 315.196045 8.065544554
1.62315 200000 60250 2105413607 132524 52190 312.760681 8.018733118
1.67339 200000 60956 2162863491 135739 53091 315.538513 8.060902392
1.65023 200000 60597 2116710296 132584 52387 315.056702 8.070413576
1.48384 200000 66638 1932316364 122192 53859 312.246094 8.159102347
1.61848 200000 60142 2114333068 133234 52431 311.478577 7.963671957
1.71111 200000 60658 2147401988 134550 52725 314.091492 8.065198512
