"Validation time(S)" "Commits" "Aborts" "Val Reads" "Val success" "Val fail" "Energy (J)" "Time(S)"
0.002479 8248 25942213 792991 460 3 163.507629 5.083000000
0.002384 8581 28450895 789382 468 7 163.923096 5.088000000
0.002635 8252 30134691 851062 497 10 164.067993 5.097000000
0.002508 8464 26234547 836225 480 11 163.372253 5.088000000
0.002527 8509 28471045 823533 494 10 165.101868 5.088000000
0.002251 8022 27717480 725272 448 5 166.384766 5.090000000
0.002518 8399 29497084 824679 479 4 163.869690 5.082000000
0.002642 8384 31783921 865594 495 4 162.604675 5.085000000
0.002596 8647 28525698 854652 508 7 164.445312 5.093000000
0.002479 7995 29686214 839567 488 8 162.351562 5.096000000
0.002513 8677 28988721 814055 496 8 164.313416 5.096000000
0.00237 8295 29319098 799072 474 11 163.628845 5.096000000
0.002541 8296 30237759 856827 525 7 164.099060 5.099000000
0.002405 8223 28699576 800428 487 7 163.757751 5.087000000
0.002255 8259 31387783 740657 452 6 163.480347 5.086000000
0.002266 8362 29333957 770402 465 9 163.579163 5.078000000
0.002355 8289 33539317 797406 475 4 164.486206 5.093000000
0.002432 8544 29105408 799744 443 7 163.567688 5.085000000
0.002378 8221 30967351 794754 498 5 163.714844 5.099000000
0.002494 8334 29043711 848242 476 2 162.903564 5.086000000
