"Validation time(S)" "Commits" "Aborts" "Val Reads" "Val success" "Val fail" "Energy (J)" "Time(S)"
0.002763 7986 25665105 882821 540 6 165.029846 5.088000000
0.002271 8252 28975366 752181 453 5 162.886597 5.089000000
0.002407 8353 29154245 799149 469 10 170.232117 5.088000000
0.002366 7943 29052942 781950 467 6 163.089600 5.090000000
0.002287 8264 28840171 744373 467 7 164.249817 5.079000000
0.002625 8298 31917287 870055 501 6 164.481567 5.089000000
0.002334 7935 26193182 776575 447 13 162.492493 5.080000000
0.002246 8214 29325225 728345 456 2 163.468811 5.088000000
0.002282 8600 25397053 747558 469 8 163.411011 5.095000000
0.00245 8641 29644511 818655 500 16 163.463623 5.091000000
0.002477 8667 30136476 795582 483 7 163.758301 5.080000000
0.002339 8344 29204094 756606 433 8 164.164795 5.097000000
0.002474 8335 28233980 834834 497 7 163.907471 5.098000000
0.002581 8465 28882900 840788 522 5 165.001648 5.094000000
0.002283 8244 29769208 754025 470 7 163.800964 5.100000000
0.002351 7943 27979253 766005 456 4 162.919922 5.088000000
0.002578 8344 28372235 828634 506 5 164.189636 5.087000000
0.002555 8095 30361842 820154 507 8 162.394653 5.097000000
0.002246 7995 29637036 740533 476 8 162.819336 5.087000000
0.002546 8345 27935165 829784 503 11 164.245728 5.100000000
0.002551 7544 30455250 799376 499 10 180.531616 5.083000000
0.002343 8259 27730818 743173 446 9 170.239136 5.099000000
0.002426 8263 28650289 769895 480 10 181.932861 5.087000000
0.002524 8588 30386172 883558 526 3 166.594910 5.089000000
0.002295 8016 29027942 768017 464 11 164.585571 5.087000000
