"Validation time(S)" "Commits" "Aborts" "Val Reads" "Val success" "Val fail" "Energy (J)" "Time(S)"
2.46972 50000000 4878991 1073925518 29123519 1644023 370.451477 10.037519932
2.53707 50000000 3699236 1143840748 28650127 1309301 373.218750 10.344995975
2.59731 50000000 5367413 1201535604 28215270 1756245 386.432068 10.693907976
2.4672 50000000 4405464 1012788454 28835837 1171195 373.197021 10.307629108
2.51962 50000000 4003696 1103509440 29283069 1338378 366.518982 10.025261609
2.6622 50000000 3586030 1217326532 29763943 1256618 377.142761 10.294517911
2.5415 50000000 3856325 1104422508 29391051 1258200 365.257996 10.003702079
2.72965 50000000 3471802 1296564209 29589041 1266103 398.519470 10.781274310
2.51561 50000000 4448083 1044420968 29001232 1365628 360.328613 9.853651284
2.53512 50000000 4784822 1050349065 29223415 1327563 367.279602 9.943556687
2.39868 50000000 6141911 962391907 28745862 1685128 354.402161 9.608016921
2.59261 50000000 4520761 1161506023 29076127 1573182 378.138367 10.124143723
2.51748 50000000 3444079 1158228664 27557844 1284966 402.174927 10.974775178
2.30735 50000000 4244416 967437416 28343311 1339669 350.136047 9.519055491
2.626 50000000 3747174 1212545201 29790953 1352640 379.154724 10.299081577
2.59632 50000000 3330803 1144217491 29312269 1134777 373.085999 10.123960937
2.5068 50000000 3787868 1177039628 27755414 1244609 401.040283 11.093581859
2.50758 50000000 4546306 1074592489 28655325 1440668 368.670471 9.934015987
2.52221 50000000 4293048 1088440654 29243755 1456971 366.297058 9.826789027
2.61773 50000000 4302621 1202015089 28997883 1549676 382.295715 10.325160076
2.4668 50000000 3765205 1060021806 28855972 1219454 363.997192 9.955783167
