"Validation time(S)" "Commits" "Aborts" "Val Reads" "Val success" "Val fail" "Energy (J)" "Time(S)"
1.68187 750000 14569 1434249260 366358 12074 351.422058 8.899574041
1.71453 750000 14320 1445687033 365926 11955 358.206726 8.988543034
1.69679 750000 14486 1446555679 366585 12045 341.386475 8.832979918
1.74265 750000 13583 1376757535 353799 11096 352.468506 9.452724934
1.73056 750000 14238 1412985530 358949 11751 351.432007 9.352713108
1.72116 750000 14501 1455476723 369824 12000 340.439026 8.754372702
1.68257 750000 14356 1440308830 363836 11904 344.179382 8.866958763
1.70995 750000 14578 1454626969 369657 12203 338.671265 8.705349701
1.7309 750000 14748 1474455025 370198 12270 348.191101 8.913655064
1.70632 750000 16298 1400981605 357268 13138 344.538147 9.005212467
1.72178 750000 14389 1445593248 364031 11996 343.886719 8.834939731
1.70867 750000 16644 1447343787 367827 13544 342.724792 8.810773007
1.70478 750000 14059 1419676506 360768 11593 344.585266 8.949452226
1.71593 750000 14568 1464477753 370257 12122 343.306824 8.793186882
1.73087 750000 14517 1473414310 372168 12097 344.737610 8.846505711
1.70686 750000 14589 1418481292 359744 12221 344.391968 8.923531112
1.68202 750000 14125 1428217582 363759 11784 344.023254 8.810904557
1.70957 750000 14631 1459614173 368302 12227 341.179382 8.740713264
1.73382 750000 14444 1427650343 363514 11984 343.957825 8.915079177
1.72261 750000 16405 1467189099 371582 13348 350.590210 8.919577091
1.68004 750000 17846 1429814146 363940 14359 337.632874 8.711866293
1.89553 750000 14350 1478520963 370868 11966 362.559265 9.470358629
