"Validation time(S)" "Commits" "Aborts" "Val Reads" "Val success" "Val fail" "Energy (J)" "Time(S)"
0.04 1000000 2406 33736930 8371 259 392.617676 10.261942863
0.041574 1000000 2435 35473969 8751 248 384.370972 10.268743992
0.044984 1000000 2403 34951419 8670 228 390.203064 10.538645983
0.041916 1000000 2387 35371090 8613 258 387.824402 10.368544817
0.041131 1000000 2546 34701597 8512 225 383.887024 10.239474732
0.043574 1000000 2419 35701340 8664 251 390.965515 10.491677671
0.041392 1000000 2306 34981162 8575 242 383.446106 10.239578816
0.040378 1000000 2364 34206681 8385 234 381.559937 10.149075469
0.040279 1000000 2437 34094087 8514 237 379.545227 10.141128777
0.042009 1000000 2363 35490806 8672 222 388.483459 10.311047327
0.042506 1000000 2817 34982099 8595 217 404.741516 10.402529066
0.040064 1000000 2399 33651729 8397 222 379.796631 10.068272664
0.041114 1000000 2420 34705197 8542 246 380.824890 10.164497994
0.041598 1000000 2366 35178895 8641 246 380.358337 10.192701208
0.04086 1000000 2361 34866034 8574 252 382.849976 10.142224176
0.041092 1000000 2391 34990760 8595 211 381.923157 10.208520820
0.042244 1000000 2404 35408919 8704 262 382.645081 10.188513478
0.042415 1000000 2288 34759142 8567 258 379.566406 10.145327089
0.041141 1000000 2372 34787217 8670 189 376.124329 10.044502265
0.042284 1000000 2413 35763331 8677 272 386.600403 10.333996825
0.041544 1000000 2367 34948609 8626 249 382.619202 10.198075554
