"Validation time(S)" "Commits" "Aborts" "Val Reads" "Val success" "Val fail" "Energy (J)" "Time(S)"
0.00044 47259 24 26255 26255 0 0.358398 0.013019085
0.000376 47259 38 25490 25490 0 0.418091 0.014067888
0.000417 47259 27 25703 25703 0 0.375916 0.013580084
0.000384 47259 38 26666 26666 0 0.376282 0.013718128
0.00042 47259 23 26453 26454 0 0.373901 0.013974190
0.000451 47259 30 26375 26375 0 0.377136 0.013530016
0.000417 47259 27 25245 25245 0 0.381165 0.013533115
0.000422 47259 19 25451 25451 0 0.349304 0.013160944
0.000433 47259 25 25480 25481 0 0.394775 0.012851000
0.000398 47259 19 25296 25296 0 0.355591 0.012971878
0.00046 47259 30 26286 26286 0 0.391235 0.012969017
0.000433 47259 41 25602 25602 0 0.379272 0.013864994
0.000424 47259 16 25150 25150 0 0.387268 0.012810946
0.000437 47259 28 25851 25851 0 0.386536 0.012976885
0.000411 47259 28 24991 24991 0 0.350708 0.013159037
0.000436 47259 27 25801 25801 0 0.376892 0.013523817
0.000443 47259 39 26210 26210 0 0.377686 0.013887167
0.000462 47259 36 25633 25633 0 0.376099 0.014040947
0.00043 47259 27 25431 25431 0 0.375122 0.013852119
0.00043 47259 28 25598 25598 0 0.413574 0.013828993
0.000474 47259 19 26377 26377 0 0.409119 0.013839006
0.000405 47259 28 25092 25092 0 0.373413 0.013524055
0.000438 47259 24 26072 26072 0 0.379578 0.013492823
0.000473 47259 28 26461 26461 0 0.377380 0.013288021
0.000406 47259 10 25435 25435 0 0.388916 0.012815952
0.000442 47259 20 26263 26263 0 0.377563 0.013844252
0.000447 47259 24 25942 25943 0 0.382507 0.013819933
0.000441 47259 22 26646 26646 0 0.416992 0.012945890
0.000436 47259 24 26288 26288 0 0.373291 0.013983011
0.000437 47259 22 26308 26308 0 0.374207 0.013806105
0.000446 47259 38 26789 26789 0 0.404480 0.013902187
