"Validation time(S)" "Commits" "Aborts" "Val Reads" "Val success" "Val fail" "Energy (J)" "Time(S)"
9.72734 5990214 1737852 11559984965 4318849 56074 2299.336060 61.567779933
9.76646 6071372 1847271 11568934114 4352137 59885 2302.463379 61.536082135
9.72914 5936014 1764269 11707043390 4302091 55905 2298.351379 61.532198374
9.64095 6034836 1816457 11502750295 4344633 55073 2300.379761 61.535836928
9.8295 5969126 1765546 11773201791 4312931 56974 2314.745178 61.530250497
9.6564 6058885 1784106 11498677974 4349298 57327 2313.768616 61.570589294
6.95629 4645387 1663092 8524490206 2370074 58070 2269.332703 61.621801925
9.57203 6057435 1851900 11398398669 4297170 61503 2297.333069 61.529877825
9.58302 6021932 1796880 11469871336 4305650 58482 2311.604492 61.534274716
9.66658 5956748 1894458 11481778867 4256512 60574 2313.286011 61.528109375
9.7673 6029798 1781275 11759137769 4351894 54786 2296.719727 61.535049609
9.4795 5876186 2135311 11418901505 4068494 57027 2304.521484 61.528941298
9.73519 6067217 1893804 11665408825 4371533 56659 2311.745850 61.525099175
9.68176 5948769 1779729 11625893121 4234707 57763 2300.288086 61.528542840
9.82463 5987254 1762374 11746897662 4330118 54629 2305.886902 61.539451591
9.69014 6066740 1828860 11559569716 4370235 55322 2295.601135 61.521724494
9.83039 5922124 1790057 11820868277 4263351 55788 2323.384338 61.532608902
9.82417 5974788 1810385 11866720967 4300298 57395 2301.215515 61.526585028
9.80702 6002013 1890225 11801060164 4329941 56605 2314.391052 61.530769881
9.70975 6042486 1795814 11518184763 4343234 55118 2316.527710 61.529900002
