"Validation time(S)" "Commits" "Aborts" "Val Reads" "Val success" "Val fail" "Energy (J)" "Time(S)"
2.03555 36011486 135715 2486420828 890558 28173 2336.731384 61.530387032
1.92404 36683591 117575 2364676046 826174 23470 2344.648926 61.558299094
0.680352 24760556 18043 855245280 333886 15743 2364.909546 61.537607252
1.91494 36959219 141702 2339237389 881181 32488 2342.608215 61.569218266
1.93243 36843240 141880 2382752901 784975 28189 2337.413696 61.535866468
1.84791 35928101 117272 2250372075 816846 22879 2328.623962 61.607468778
1.79981 35982700 144300 2200729388 811441 46488 2333.694031 61.534864385
1.98784 36324695 137272 2437602381 787455 33486 2329.632751 61.530423703
1.92431 37130930 118661 2363767749 880948 22338 2346.598877 61.527932728
1.94327 36862854 122218 2376151636 881031 29663 2337.669861 61.533970366
1.89513 37036389 121881 2315594031 903853 34074 2327.030212 61.530078283
0.402571 13942405 4276 488838684 122178 3829 2376.335266 61.529172167
0.90855 24485229 16644 1131441195 327145 13724 2371.672363 61.530130301
1.9975 36434140 129594 2427189516 841723 33507 2336.926636 61.527922995
2.01215 36713926 134410 2464564347 875902 32447 2327.981812 61.524776740
0.465442 13941064 4439 572072099 108793 3998 2354.249756 61.527099929
1.89822 35581171 121001 2342448684 761758 30794 2344.433289 61.523403904
1.88294 37157432 125237 2285755008 856977 24309 2344.180603 61.524133497
1.85697 35687031 117811 2279637569 762776 23361 2316.039734 61.673691511
1.8672 37100041 131213 2273632936 836156 23021 2344.239258 61.531510274
