"Validation time(S)" "Commits" "Aborts" "Val Reads" "Val success" "Val fail" "Energy (J)" "Time(S)"
4.82398 6382982 663272 5883814159 1182221 41456 2317.054688 61.530988131
4.84735 6265345 636001 5881825651 1157501 46236 2312.377441 61.530236561
4.5237 6218497 556259 5501119726 1134731 37797 2308.016907 61.599974003
4.72311 6310007 589806 5717892690 1170756 41626 2311.257385 61.537685482
4.67378 6241353 629041 5663308761 1157032 42525 2322.859985 61.569354559
4.64053 6297577 608778 5586800282 1167118 42839 2312.481506 61.533535949
4.78023 6283372 612727 5800420392 1159313 45438 2311.113098 61.535705727
4.75 6338549 604846 5807009689 1176770 40173 2328.146545 61.536480962
4.67129 6347522 622301 5677626865 1179960 41432 2319.866089 61.532668789
4.71138 6296781 617098 5718123368 1169482 40337 2318.574890 61.606932171
5.89608 6669697 1232756 7427329592 1170073 55822 2348.037476 61.532093049
4.70502 6326285 645255 5691797916 1168553 43185 2304.585083 61.529529361
4.85978 6177339 620106 5924093392 1149708 45355 2332.379089 61.532739493
5.52741 6604262 1081160 6874002704 1187947 49357 2337.022278 61.529100637
4.76964 6242229 634315 5803061041 1143725 50077 2332.084412 61.516693781
5.95902 6680388 1338129 7500459857 1203162 56045 2371.037781 61.537486383
5.0169 6436571 794313 6195187036 1171250 43514 2337.327209 61.527532027
5.94319 6793129 1289969 7503340330 1222613 54278 2346.641357 61.525023922
5.92736 6717379 1256695 7482493120 1214175 51567 2357.024597 61.543716158
4.81821 6280602 660848 5866153596 1164367 47112 2345.039062 61.537514291
