"Validation time(S)" "Commits" "Aborts" "Val Reads" "Val success" "Val fail" "Energy (J)" "Time(S)"
0.000844 4096 1 875765 3003 1 0.377563 0.011391878
0.000918 4096 1 866414 2968 0 0.344788 0.011334896
0.000867 4096 1 864774 2958 0 0.372925 0.011221886
0.000881 4096 0 865437 2964 0 0.376038 0.011276960
0.000874 4096 0 873937 2993 0 0.374207 0.011239052
0.000829 4096 0 862082 2949 0 0.376160 0.011301041
0.000836 4096 2 871178 2985 0 0.372925 0.011234045
0.000819 4096 0 864338 2961 0 0.376953 0.011233091
0.000844 4096 1 866965 2966 0 0.373962 0.011299849
0.00092 4096 1 872860 2996 0 0.378540 0.011284828
0.000856 4096 2 867481 2975 0 0.370178 0.011179924
0.000836 4096 0 870280 2972 0 0.377808 0.011276007
0.000827 4096 0 857881 2940 0 0.350281 0.011310101
0.000874 4096 1 858780 2931 0 0.351196 0.011245012
0.000909 4096 1 858607 2934 0 0.343262 0.011185169
0.000823 4096 0 861471 2945 0 0.347961 0.011252880
0.000833 4096 0 871196 2987 0 0.375977 0.011291027
0.000854 4096 1 875848 3001 0 0.378540 0.011251926
0.000849 4096 1 875340 3006 0 0.378357 0.011341810
0.00084 4096 1 863079 2968 0 0.374023 0.011190176
0.000824 4096 0 870092 2986 0 0.379517 0.011198044
0.000844 4096 0 861353 2949 0 0.368835 0.011199951
0.000834 4096 0 861044 2949 0 0.346558 0.011162996
0.000875 4096 0 874695 2990 0 0.381592 0.011362076
0.000757 4096 1 862244 2959 0 0.371582 0.011200905
0.000882 4096 4 875401 3000 1 0.370972 0.011238098
0.000841 4096 1 869028 2986 0 0.373108 0.011266947
0.000874 4096 0 870539 2981 0 0.377014 0.011348009
0.000841 4096 1 852189 2913 0 0.370789 0.011210918
0.000847 4096 0 879983 3001 0 0.346130 0.011209011
0.000897 4096 1 873148 2981 0 0.375916 0.011259079
0.000891 4096 0 869176 2982 0 0.382629 0.011245966
0.000858 4096 0 889182 3048 0 0.379700 0.011329889
