"Validation time(S)" "Commits" "Aborts" "Val Reads" "Val success" "Val fail" "Energy (J)" "Time(S)"
1.01818 4194304 3573 1012981253 3475860 611 296.300232 8.868932962
1.02287 4194304 3530 1011206947 3469637 610 298.438599 8.947531939
1.02638 4194304 3454 1012081383 3473984 593 294.846375 8.926979065
1.02103 4194304 3563 1010952785 3469132 595 295.551331 8.952432871
1.03035 4194304 2890 998360158 3427654 581 300.612305 9.056529999
1.02141 4194304 3753 1003389949 3444858 548 298.410706 8.964105844
1.04316 4194304 4059 1010420399 3466555 561 295.135681 8.965585947
1.0386 4194304 3375 1015025920 3483742 562 295.727600 8.875557184
1.04399 4194304 3610 1010008911 3466715 555 296.693176 8.993891001
1.0377 4194304 3666 1009548802 3464407 612 297.898010 8.954380989
1.02446 4194304 3203 1007814835 3458896 553 294.547607 8.842159986
1.01373 4194304 4129 1004355361 3448466 543 295.418701 8.939276934
1.02735 4194304 3777 1012490062 3476073 546 299.198303 8.938876152
1.03522 4194304 3676 1010479978 3469152 566 296.574036 8.956427097
1.01067 4194304 3287 1007217062 3456311 587 296.927429 8.877224922
1.04144 4194304 3626 1010294469 3466793 555 297.621704 8.973434210
1.04818 4194304 3166 1011446894 3471489 554 297.461853 8.981579065
1.04027 4194304 4156 1015429331 3485185 584 296.124634 8.904662848
1.0505 4194304 3329 1010765474 3468902 593 299.979858 9.000946999
1.01983 4194304 4001 1007439830 3458246 572 293.604187 8.890367031
1.01708 4194304 3245 1007357064 3457477 562 294.161194 8.868836164
1.02071 4194304 3440 1000092686 3432581 542 297.253052 8.968827963
1.03898 4194304 3283 1012623014 3475742 552 294.739258 8.927056074
1.02148 4194304 2874 1015807177 3486793 586 292.503052 8.793220043
1.03966 4194304 3648 1014773694 3482612 602 294.148315 8.905107021
1.03305 4194304 3572 1003855341 3445665 561 295.282593 9.003673077
1.03622 4194304 3194 1013721225 3479116 617 297.404114 8.926119089
1.01906 4194304 3704 1009357196 3464650 588 292.357605 8.874991179
1.01983 4194304 3819 1015498607 3485675 597 293.541077 8.785731077
1.04593 4194304 3753 1008530900 3461573 568 297.847107 8.963671923
1.01749 4194304 3339 1003532860 3443085 560 298.914062 8.995705843
