"Validation time(S)" "Commits" "Aborts" "Val Reads" "Val success" "Val fail" "Energy (J)" "Time(S)"
0.000687 4096 0 626854 3082 0 0.164062 0.004945993
0.00067 4096 1 621391 3048 0 0.160767 0.005068064
0.000686 4096 0 627800 3071 0 0.192322 0.005023003
0.00066 4096 0 629125 3093 0 0.188171 0.004987001
0.000658 4096 0 627330 3078 0 0.187988 0.005009890
0.000689 4096 0 626811 3080 0 0.194824 0.004954100
0.000694 4096 1 626500 3076 0 0.159119 0.004952908
0.000676 4096 0 629311 3091 0 0.158752 0.004936934
0.00068 4096 1 626143 3070 0 0.191895 0.005060911
0.000684 4096 0 621656 3056 0 0.162292 0.004982948
0.000662 4096 1 630579 3102 0 0.192383 0.005017042
0.000677 4096 0 613182 3016 0 0.192444 0.005067110
0.000683 4096 0 627955 3080 0 0.162598 0.004953146
0.000672 4096 2 627507 3077 0 0.197632 0.004978895
0.000659 4096 0 621180 3061 0 0.162170 0.005005836
0.000686 4096 0 631041 3109 0 0.195068 0.005044937
0.000662 4096 1 619629 3051 0 0.192017 0.004949093
0.000637 4096 2 622565 3046 0 0.161194 0.004961014
0.000699 4096 0 633711 3110 0 0.189636 0.004991055
0.000655 4096 0 620043 3036 0 0.166565 0.004954100
0.000678 4096 0 628726 3091 0 0.189697 0.004965067
0.000663 4096 1 632493 3106 0 0.161560 0.005059004
0.000681 4096 0 628615 3081 0 0.162720 0.004976988
0.00068 4096 7 625144 3062 0 0.160217 0.005027056
0.000677 4096 0 618034 3036 0 0.191589 0.005101919
0.000696 4096 0 627455 3081 0 0.192383 0.005038023
0.000668 4096 0 624222 3063 0 0.165283 0.004963160
0.000681 4096 0 613369 3014 0 0.188293 0.005014896
0.000639 4096 0 625881 3081 0 0.187012 0.005081177
0.000744 4096 0 625184 3081 0 0.189331 0.004967928
0.000649 4096 0 618977 3028 0 0.163086 0.005021811
0.000636 4096 1 622525 3053 0 0.226074 0.005172968
0.000704 4096 0 629436 3083 0 0.162170 0.005022049
