"Validation time(S)" "Commits" "Aborts" "Val Reads" "Val success" "Val fail" "Energy (J)" "Time(S)"
0.434440 4499 871 1113986 1849 0 126.980957 5.244000000
0.422954 4499 934 1117481 1790 0 123.018311 5.260000000
0.404586 4529 702 1144246 1976 0 121.682068 5.243000000
0.428878 4482 1362 1129365 1453 0 122.057190 5.246000000
0.435376 4493 768 1143927 1892 0 122.880005 5.249000000
0.446531 4468 627 1150671 2003 0 121.237305 5.254000000
0.423234 4514 729 1134869 1934 0 121.965027 5.256000000
0.431929 4451 717 1111979 1900 0 120.787964 5.242000000
0.443025 4468 641 1134489 1991 0 123.497009 5.251000000
0.448919 4456 948 1159568 1737 0 121.613525 5.241000000
0.442220 4451 692 1141196 1934 0 122.185669 5.248000000
0.436655 4499 1034 1159975 1706 0 123.154419 5.247000000
0.467390 4499 905 1158951 1790 0 121.816223 5.248000000
0.410424 4530 777 1152673 1929 0 120.888550 5.242000000
0.441063 4477 1028 1145851 1715 0 121.049866 5.236000000
0.450191 4475 1015 1145836 1698 0 121.130798 5.241000000
0.424610 4508 870 1146749 1836 0 121.649231 5.245000000
0.392805 4477 760 1141253 1901 0 122.306580 5.243000000
0.440449 4468 479 1130524 2109 0 123.061279 5.250000000
0.411866 4504 843 1124838 1856 0 122.630615 5.241000000
