"Validation time(S)" "Commits" "Aborts" "Val Reads" "Val success" "Val fail" "Energy (J)" "Time(S)"
0.084638 52 0 32421534 26 0 149.845276 6.321000000
0.080006 52 1 30430716 26 0 139.545044 5.874000000
0.085916 52 1 32442919 25 0 149.211182 6.311000000
0.084134 52 0 32004722 26 0 148.357239 6.289000000
0.081302 52 1 32555724 25 0 158.389709 6.439000000
0.081631 52 1 32542194 25 0 150.665466 6.374000000
0.083006 52 2 31648829 26 0 149.210876 6.248000000
0.082757 52 0 32400131 26 0 151.553406 6.369000000
0.085510 57 4 30674296 28 0 136.763550 5.771000000
0.082869 52 1 32281511 25 0 150.123108 6.338000000
0.083362 52 0 32385297 26 0 149.980774 6.299000000
0.082418 52 2 32494851 25 0 150.932434 6.340000000
0.083041 52 1 32506847 25 0 153.114746 6.488000000
0.083705 52 2 32415349 25 0 152.208130 6.366000000
0.082309 52 0 32391670 26 0 151.591248 6.404000000
0.086084 52 0 32545367 26 0 151.778503 6.462000000
0.079838 52 3 30852964 24 0 145.576477 6.119000000
0.083325 52 1 32039393 25 0 148.893005 6.272000000
0.084423 52 0 32496356 26 0 152.754883 6.367000000
0.076518 52 2 27129780 25 0 123.789001 5.302000000
