"Validation time(S)" "Commits" "Aborts" "Val Reads" "Val success" "Val fail" "Energy (J)" "Time(S)"
0.082411 52 0 30426934 26 0 138.195068 5.857000000
0.084503 52 0 32239697 26 0 148.483093 6.263000000
0.072785 52 1 28102836 26 0 126.255127 5.381000000
0.083594 52 0 32426000 26 0 151.869568 6.399000000
0.083737 52 0 32533538 26 0 153.360168 6.420000000
0.083756 52 0 32410025 26 0 152.717163 6.442000000
0.083623 52 0 32459061 26 0 151.336182 6.411000000
0.083633 52 3 31876173 25 0 151.447998 6.250000000
0.083915 52 1 32552122 25 0 155.987366 6.542000000
0.082442 52 1 32400596 26 0 152.617004 6.393000000
0.082812 52 0 32411946 26 0 151.880188 6.410000000
0.084052 52 1 32370126 26 0 149.847412 6.350000000
0.082267 52 2 32332560 24 0 151.511719 6.381000000
0.086660 52 2 32658854 24 0 150.926575 6.378000000
0.086053 52 0 32264234 26 0 151.206482 6.410000000
0.081044 52 1 32284301 25 0 148.789368 6.324000000
0.084306 52 0 32355425 26 0 153.634033 6.470000000
0.084941 52 1 32518322 26 0 152.016235 6.429000000
0.085842 52 0 32543636 26 0 152.571777 6.390000000
0.082379 52 1 32436744 25 0 151.478882 6.388000000
