"Validation time(S)" "Commits" "Aborts" "Val Reads" "Val success" "Val fail" "Energy (J)" "Time(S)"
0.081309 52 2 32037928 24 0 149.833435 6.326000000
0.083576 52 1 32557778 25 0 151.114136 6.399000000
0.083332 52 1 32103060 25 0 149.519592 6.264000000
0.084227 52 1 32409120 25 0 149.380981 6.319000000
0.084655 52 0 32544696 26 0 149.735168 6.341000000
0.086183 52 2 32476362 24 0 152.224060 6.465000000
0.083538 52 0 31109304 26 0 141.717590 6.018000000
0.085621 52 2 32584917 25 0 150.683289 6.399000000
0.084428 52 0 32329972 26 0 150.365906 6.333000000
0.085125 52 0 32345757 26 0 153.302063 6.434000000
0.078623 52 3 30499051 24 0 138.159851 5.850000000
0.085283 52 1 32515864 26 0 151.433899 6.352000000
0.084294 52 1 32510343 25 0 152.663757 6.452000000
0.085052 52 2 32540353 24 0 153.094482 6.418000000
0.080179 52 1 30587176 26 0 145.172913 6.171000000
0.083530 52 1 32021657 25 0 149.357239 6.339000000
0.082963 52 1 32409712 26 0 149.586548 6.354000000
0.085325 52 1 32629905 25 0 152.075378 6.399000000
0.086049 52 0 32544737 26 0 154.832642 6.506000000
0.083895 52 2 32548217 26 0 152.397888 6.429000000
