"Validation time(S)" "Commits" "Aborts" "Val Reads" "Val success" "Val fail" "Energy (J)" "Time(S)"
0.085225 52 0 32419649 26 0 156.889893 6.399000000
0.084596 52 2 32565872 25 0 150.450500 6.363000000
0.085485 52 1 32530259 25 0 153.978333 6.450000000
0.079060 52 0 28861995 26 0 131.391846 5.518000000
0.083585 52 0 32562781 26 0 152.267090 6.349000000
0.083719 52 0 32546388 26 0 153.883423 6.417000000
0.082620 52 0 32283698 26 0 149.183472 6.301000000
0.085863 52 1 32531986 26 0 163.170105 6.572000000
0.086900 52 0 32526650 26 0 154.382324 6.498000000
0.081812 52 1 32531862 26 0 151.509094 6.382000000
0.085083 52 0 31735552 26 0 146.647034 6.197000000
0.085338 52 0 32280764 26 0 149.154236 6.305000000
0.084094 52 2 32383279 25 0 151.265503 6.392000000
0.084849 52 0 31990592 26 0 148.574402 6.267000000
0.080956 52 0 31910218 26 0 149.635864 6.270000000
0.085537 52 0 32279123 26 0 150.065857 6.340000000
0.084239 52 1 32614568 25 0 152.867737 6.412000000
0.084982 52 1 32049352 25 0 148.128113 6.281000000
0.084323 52 1 32491308 25 0 153.355103 6.475000000
0.083034 52 0 32525535 26 0 161.632385 6.564000000
