"Validation time(S)" "Commits" "Aborts" "Val Reads" "Val success" "Val fail" "Energy (J)" "Time(S)"
0.412343 4477 638 1135616 1994 0 126.736572 5.261000000
0.412127 4482 844 1120933 1828 0 128.864380 5.241000000
0.434747 4472 890 1128076 1805 0 120.708069 5.242000000
0.414761 4468 1018 1113537 1707 0 122.395691 5.247000000
0.466808 4447 887 1125822 1794 0 119.873718 5.237000000
0.441218 4499 964 1145220 1754 0 122.469055 5.259000000
0.417217 4477 975 1138948 1759 0 123.078369 5.247000000
0.446180 4493 765 1150128 1896 0 121.703735 5.250000000
0.413611 4499 775 1125161 1905 0 123.375183 5.245000000
0.461087 4499 607 1142500 2008 0 121.502502 5.252000000
0.415199 4504 1119 1125787 1666 0 122.997009 5.260000000
0.404315 4597 753 1150225 1970 0 123.402771 5.262000000
0.462509 4451 890 1130265 1790 0 120.727600 5.262000000
0.465508 4499 788 1156251 1894 0 121.379272 5.254000000
0.423226 4499 1045 1151839 1710 0 125.400757 5.251000000
0.447690 4468 929 1142470 1781 0 122.312500 5.258000000
0.451153 4530 1076 1171530 1688 0 122.401611 5.243000000
0.415227 4499 701 1147202 1972 0 122.604126 5.246000000
0.414871 4468 1112 1122362 1622 0 122.182373 5.245000000
0.419266 4477 1294 1131679 1486 0 123.603943 5.251000000
