"Validation time(S)" "Commits" "Aborts" "Val Reads" "Val success" "Val fail" "Energy (J)" "Time(S)"
0.085266 52 1 30818242 26 0 144.636353 6.055000000
0.084925 52 2 32537924 26 0 151.484924 6.405000000
0.084508 52 2 32233082 26 0 150.900818 6.405000000
0.086013 52 2 32429088 25 0 152.429871 6.338000000
0.086510 52 0 32176444 26 0 148.602051 6.280000000
0.083212 52 1 29968466 26 0 134.846252 5.752000000
0.082369 52 1 30756227 26 0 141.399353 5.983000000
0.084133 52 0 32375729 26 0 153.418396 6.517000000
0.084793 52 0 32280350 26 0 149.839905 6.323000000
0.081474 52 4 32613648 22 0 152.333008 6.406000000
0.083795 52 0 32416211 26 0 155.993225 6.355000000
0.083855 52 0 32573829 26 0 151.645874 6.377000000
0.080251 52 1 32404418 25 0 148.340210 6.273000000
0.084626 52 0 32403684 26 0 150.765198 6.379000000
0.085512 52 2 32589108 25 0 148.909607 6.317000000
0.082779 52 1 31981667 25 0 148.706421 6.321000000
0.083938 52 3 32473068 24 0 150.569031 6.332000000
0.084879 52 1 31849171 25 0 147.300293 6.262000000
0.082086 52 0 32099712 26 0 151.634521 6.374000000
0.083599 52 1 32530216 26 0 153.088379 6.394000000
