"Validation time(S)" "Commits" "Aborts" "Val Reads" "Val success" "Val fail" "Energy (J)" "Time(S)"
0.421728 4468 850 1102534 1820 0 131.023682 5.240000000
0.454543 4482 957 1147866 1765 0 121.130920 5.245000000
0.417320 4456 868 1143208 1799 0 122.499268 5.247000000
0.437808 4468 892 1130879 1793 0 120.801941 5.242000000
0.431736 4456 951 1154445 1733 0 121.544556 5.252000000
0.415858 4478 602 1142549 2007 0 121.706299 5.240000000
0.430429 4482 869 1143430 1840 0 121.962219 5.238000000
0.433447 4499 781 1152262 1889 0 121.677673 5.256000000
0.444496 4529 1045 1165113 1721 0 121.760498 5.242000000
0.435208 4482 975 1120207 1747 0 121.871399 5.256000000
0.441209 4450 1045 1104386 1670 0 121.442017 5.241000000
0.408864 4468 557 1125646 2024 0 121.716187 5.261000000
0.438862 4508 1309 1143515 1495 0 121.539124 5.241000000
0.426066 4514 762 1125293 1917 0 121.577881 5.242000000
0.462417 4529 755 1161523 1938 0 122.441040 5.261000000
0.443895 4456 871 1118358 1824 0 120.484497 5.242000000
0.443153 4456 496 1126548 2082 0 121.978333 5.265000000
0.446443 4468 680 1138461 1940 0 123.602905 5.262000000
0.453047 4490 796 1159259 1869 0 121.842102 5.236000000
0.444922 4477 1066 1135269 1685 0 125.383179 5.256000000
