"Validation time(S)" "Commits" "Aborts" "Val Reads" "Val success" "Val fail" "Energy (J)" "Time(S)"
35.690566 470563 0 235524599 187617 0 1749.824646 61.888817045
35.879854 469563 0 229792457 187136 0 1739.931824 61.891623685
35.802154 467164 0 226380236 186216 0 1750.849548 61.880806870
35.801678 471900 0 225406641 188066 0 1733.835754 61.877895497
35.689737 473435 0 228782662 188269 0 1747.259705 61.880302260
35.629466 471844 0 233711501 187840 0 1739.832886 61.895060955
35.702241 474930 0 221266802 188661 0 1731.275818 61.939870093
35.685831 470358 0 229064416 186852 0 1737.867920 61.869920010
35.633528 462229 0 229137196 184118 0 1765.768250 61.905364296
35.325413 465307 0 222623556 184938 0 1751.397827 61.883712648
35.832423 468997 0 230675862 186550 0 1742.875916 61.900710528
35.889684 468228 0 227837309 187028 0 1737.201904 61.878731685
35.452015 477087 0 225879412 189948 0 1738.024658 61.894820148
35.747368 468861 0 224438743 186765 0 1736.002502 61.896343976
35.713135 475641 0 223127465 189037 0 1735.849854 61.869692009
35.677789 470603 0 229498116 187306 0 1741.684387 61.897271243
35.846645 478011 0 227707748 190611 0 1733.811340 61.898526066
35.904667 470997 0 226507416 187246 0 1736.353699 61.902479083
35.463989 475022 0 223203661 188288 0 1742.230652 61.869792557
35.630996 471450 0 224450879 187158 0 1733.365234 61.904055706
