"Validation time(S)" "Commits" "Aborts" "Val Reads" "Val success" "Val fail" "Energy (J)" "Time(S)"
53.601955 311686 0 335737705 273114 0 1705.728394 61.869828834
53.650645 308544 0 339447436 269963 0 1692.722961 61.885709588
53.619787 309582 0 336747887 270874 0 1692.904968 61.870770743
53.738356 308649 0 331407473 270491 0 1686.028259 61.888408730
53.688668 309790 0 331975894 271292 0 1702.316711 61.873562660
53.723707 308736 0 330000903 270494 0 1681.194336 61.899098481
53.568520 310575 0 345954492 271893 0 1696.782410 61.923811283
53.663814 310513 0 329891509 272018 0 1691.202698 61.878895419
53.637005 309396 0 334602078 270780 0 1684.279114 61.897758144
53.589759 312069 0 339104537 273077 0 1707.359680 61.881700220
53.660203 314251 0 337313593 275379 0 1691.501587 61.862456366
53.686181 311160 0 331204700 272480 0 1688.879089 61.893715113
53.599851 312889 0 341079645 274207 0 1690.509827 61.897134307
53.540997 310787 0 333480480 272257 0 1737.520447 61.893357712
53.736035 309304 0 335250431 270909 0 1690.018311 61.889813519
53.667000 309908 0 331820052 271643 0 1698.842590 61.903799853
53.635689 311905 0 346316356 273198 0 1705.652893 61.899802055
53.687238 309350 0 327261205 270563 0 1690.975891 61.883080265
53.622850 308026 0 335976106 269661 0 1684.391968 61.906317313
53.665970 308599 0 333472976 270161 0 1680.609985 61.853899111
