"Validation time(S)" "Commits" "Aborts" "Val Reads" "Val success" "Val fail" "Energy (J)" "Time(S)"
26.668840 6829336 0 164450973 135790 0 1733.886902 61.938458238
26.711450 6832366 0 164300101 135422 0 1731.719788 61.869265778
26.914349 6802527 0 164439700 136131 0 1725.672546 61.933896121
26.439988 6724565 0 164733522 133756 0 1717.987976 61.860293708
26.874972 6794923 0 164680158 135031 0 1722.858215 61.875115849
26.732774 6784887 0 165421515 135790 0 1722.854248 61.889769484
26.355403 6825434 0 163133170 135625 0 1724.325684 61.899907914
26.470951 6768532 0 169324208 134456 0 1726.252441 61.910525266
26.314995 6807444 0 166223042 135082 0 1747.643188 61.880440574
26.925013 6796866 0 171677239 136164 0 1727.485291 61.894399238
26.989791 6703970 0 167666565 134467 0 1720.623840 61.878920173
26.686879 6756761 0 174050605 134520 0 1742.818176 61.912591757
26.840902 6829575 0 161577948 135631 0 1728.930176 61.935741290
26.597246 6822559 0 161981443 135905 0 1724.392090 61.923536581
26.479310 6771324 0 165689704 134624 0 1723.307678 61.882798855
26.697818 6781766 0 165022105 133837 0 1724.626709 61.891088204
26.682357 6809093 0 166164965 135905 0 1719.426208 61.880323715
26.397289 6846774 0 166828498 135942 0 1728.835510 61.887361862
26.434719 6698748 0 161675912 132824 0 1727.450073 61.898639677
26.983320 6743107 0 168977822 134994 0 1744.859436 62.118321927
