"Validation time(S)" "Commits" "Aborts" "Val Reads" "Val success" "Val fail" "Energy (J)" "Time(S)"
2.104373 4096 0 1521865 4096 0 57.947998 2.147747486
2.111307 4096 0 1521865 4096 0 58.172852 2.155774462
2.113901 4096 0 1521865 4096 0 58.098572 2.156385412
2.084896 4096 0 1521865 4096 0 57.702942 2.129507275
2.110093 4096 0 1521865 4096 0 57.512756 2.153052530
2.118210 4096 0 1521865 4096 0 58.691772 2.161682824
2.107893 4096 0 1521865 4096 0 57.934448 2.151307527
2.118844 4096 0 1521865 4096 0 58.256348 2.163063542
2.133308 4096 0 1521865 4096 0 58.424133 2.178202102
