"Validation time(S)" "Commits" "Aborts" "Val Reads" "Val success" "Val fail" "Energy (J)" "Time(S)"
1.718445 4096 0 1068278 4094 0 46.904236 1.742311560
1.710980 4096 0 1068278 4094 0 46.660156 1.734860614
1.708766 4096 0 1068278 4094 0 46.173096 1.732554013
1.708017 4096 0 1068278 4094 0 47.104980 1.732880472
1.710215 4096 0 1068278 4094 0 46.621216 1.734253143
1.704036 4096 0 1068278 4094 0 46.706421 1.728280648
1.710196 4096 0 1068278 4094 0 46.628052 1.733851594
1.702678 4096 0 1068278 4094 0 46.424194 1.726494578
1.717172 4096 0 1068278 4094 0 46.962891 1.740910780
