"Validation time(S)" "Validation time(S) CPU" "Validation time(S) GPU" "Commits" "Aborts" "Val Reads" "CPU Val Reads" "GPU Val Reads" "Wasted Val Reads" "GPU employment times" "Val success" "Val fail" "Snapshot ext. calls" "Energy (J)" "Time(S)"
0.059278 0.059240 0.058936 53 183718473 24092622 7190478 16902144 125753 9 13 0 1 385.887390 5.792000000
0.052124 0.052081 0.051941 53 181734522 20568965 5521541 15047424 89299 9 13 0 2 372.577698 5.629000000
0.059014 0.058962 0.058585 53 147494642 23873728 6455488 17418240 416129 12 13 0 2 375.903015 5.605000000
0.062695 0.062644 0.061996 53 188899756 25615447 7826263 17789184 339800 12 11 0 2 389.810242 5.869000000
0.037107 0.037073 0.036110 53 155752697 15270955 4330795 10940160 114191 8 7 0 2 377.996277 5.608000000
0.055338 0.055290 0.054617 54 223907192 23737394 6528818 17208576 4787163 11 8 0 4 401.958008 5.887000000
0.082598 0.082545 0.082144 54 180521723 33568284 9064476 24503808 24313 12 16 0 0 383.552368 5.633000000
0.047472 0.047435 0.046909 53 186994249 19390250 5944874 13445376 203951 9 11 0 2 378.673523 5.690000000
0.052057 0.052009 0.051755 53 148204880 21209836 5941996 15267840 585900 12 10 0 3 371.650452 5.577000000
0.076718 0.076659 0.076206 54 187895725 31628730 8640954 22987776 285933 14 15 0 1 381.404846 5.638000000
0.059387 0.059344 0.059081 53 146405539 23981986 6773410 17208576 31169 10 13 0 1 370.116028 5.515000000
0.057855 0.057804 0.057545 57 195466193 23664058 6751162 16912896 668649 12 11 0 4 452.224915 6.836000000
0.066657 0.066603 0.066434 53 211390859 26371862 7722518 18649344 435917 13 13 0 2 395.472839 5.950000000
0.057312 0.057269 0.057056 53 145035241 22897382 6548966 16343040 464474 11 11 0 3 377.162781 5.675000000
0.048563 0.048524 0.048207 53 251506924 19673782 5723062 13950720 212335 10 11 0 1 383.520142 5.713000000
0.055101 0.055053 0.054804 53 144939052 23006024 6931784 16074240 748195 12 12 0 4 366.584717 5.513000000
0.036773 0.036729 0.036316 53 155037008 13921176 4179864 9741312 1378120 10 11 0 3 391.810425 5.824000000
0.048305 0.048263 0.047989 53 194838454 20256516 6144516 14112000 134012 10 10 0 2 383.911438 5.762000000
0.025284 0.025250 0.024806 53 155550168 9291925 2485909 6806016 585678 8 5 0 4 377.608154 5.642000000
0.081221 0.081171 0.080675 53 206759439 30584030 7580126 23003904 28039 12 14 0 0 410.898865 6.128000000
0.071392 0.071345 0.070899 53 192846597 29158730 8547146 20611584 170233 12 12 0 1 395.627991 5.942000000
