"Validation time(S)" "Validation time(S) CPU" "Validation time(S) GPU" "Commits" "Aborts" "Val Reads" "CPU Val Reads" "GPU Val Reads" "Wasted Val Reads" "GPU employment times" "Val success" "Val fail" "Snapshot ext. calls" "Energy (J)" "Time(S)"
0.004928 0.004735 0.000000 13635 142794231 1318862 1318862 0 0 0 843 0 21 320.155640 5.083000000
0.005096 0.004897 0.000000 14108 139436114 1324899 1324899 0 0 0 870 0 13 320.985413 5.079000000
0.004762 0.004563 0.000000 13991 134469708 1265665 1265665 0 0 0 808 0 23 321.783203 5.080000000
0.005381 0.005193 0.000000 14159 142577670 1371373 1371373 0 0 0 886 0 14 321.604980 5.089000000
0.004617 0.004456 0.000000 13166 159985873 1220573 1220573 0 0 0 780 0 10 323.370972 5.089000000
0.004868 0.004671 0.000000 13522 135027570 1268771 1268771 0 0 0 872 0 17 321.979370 5.100000000
0.004482 0.004314 0.000000 13944 150833864 1198509 1198509 0 0 0 801 0 19 321.707397 5.083000000
0.004825 0.004643 0.000000 13570 148734415 1299281 1299281 0 0 0 822 0 15 322.517883 5.091000000
0.004712 0.004528 0.000000 13967 143335571 1264046 1264046 0 0 0 806 0 15 324.046326 5.076000000
0.005307 0.005115 0.000000 14827 149418049 1391618 1391618 0 0 0 860 0 4 323.963257 5.082000000
0.005031 0.004843 0.000000 13982 145933527 1292909 1292909 0 0 0 873 0 23 322.627136 5.098000000
