"Validation time(S)" "Validation time(S) CPU" "Validation time(S) GPU" "Commits" "Aborts" "Val Reads" "CPU Val Reads" "GPU Val Reads" "Wasted Val Reads" "GPU employment times" "Val success" "Val fail" "Snapshot ext. calls" "Energy (J)" "Time(S)"
0.069497 0.069443 0.069245 53 202162993 27043485 6668445 20375040 570434 12 14 0 2 398.023315 5.909000000
0.041325 0.041286 0.040958 53 140331415 15126794 4310282 10816512 37137 9 9 0 1 371.356018 5.637000000
0.064892 0.064842 0.064764 53 189422649 25130410 6325162 18805248 423930 12 11 0 2 396.072327 5.954000000
0.073670 0.073622 0.073359 53 191015682 28091295 7033503 21057792 258113 11 13 0 2 385.660339 5.818000000
0.041957 0.041910 0.041574 53 147425319 17639399 5365991 12273408 510823 11 10 0 6 366.471436 5.483000000
0.061069 0.061024 0.060776 53 137701545 24489477 6888453 17601024 147475 11 13 0 2 374.662354 5.724000000
0.054647 0.054604 0.054071 54 184325688 22262402 6532226 15730176 422222 10 12 0 3 376.684998 5.556000000
0.065349 0.065306 0.064890 53 196664419 26103961 7782553 18321408 27112 10 14 0 0 402.041992 6.007000000
0.051173 0.051130 0.050901 53 152029119 20657511 5357415 15300096 264035 10 11 0 3 379.637268 5.678000000
0.056404 0.056359 0.056235 53 187392523 20831855 5703791 15128064 471996 11 11 0 2 390.553894 5.874000000
0.061173 0.061121 0.060946 53 204853037 24064818 7060530 17004288 116102 12 14 0 1 386.978210 5.797000000
0.062089 0.062046 0.061668 53 146413472 24582779 6997883 17584896 150720 11 15 0 1 373.770874 5.687000000
0.052731 0.052675 0.052477 64 149294306 22226727 6329895 15896832 448215 14 13 0 4 364.696594 5.450000000
0.068972 0.068923 0.068754 54 182849311 29145550 7996366 21149184 509028 12 13 0 3 375.949158 5.549000000
0.034934 0.034905 0.034768 53 187479522 14826663 4617639 10209024 10169 7 8 0 1 376.093140 5.697000000
0.055143 0.055099 0.054767 53 142446926 22369096 6364744 16004352 478246 10 10 0 2 378.473511 5.775000000
0.050442 0.050395 0.050266 53 211611369 18420688 5152720 13267968 531609 11 11 0 2 392.950806 5.843000000
0.065634 0.065577 0.065491 53 191321455 26140585 7577257 18563328 206343 13 13 0 1 390.158447 5.878000000
0.061702 0.061651 0.061507 53 195920555 24313604 6911492 17402112 348870 11 12 0 1 387.503662 5.945000000
0.060273 0.060226 0.059908 53 196292555 23728573 6519997 17208576 22759 11 11 0 1 384.891968 5.828000000
0.055244 0.055206 0.054766 53 213424595 22310932 6586132 15724800 337462 9 11 0 2 380.729736 5.784000000
