"Validation time(S)" "Validation time(S) CPU" "Validation time(S) GPU" "Commits" "Aborts" "Val Reads" "CPU Val Reads" "GPU Val Reads" "Wasted Val Reads" "GPU employment times" "Val success" "Val fail" "Snapshot ext. calls" "Energy (J)" "Time(S)"
0.005292 0.005084 0.000000 13752 144843428 1399553 1399553 0 0 0 935 0 16 321.987488 5.093000000
0.004890 0.004702 0.000000 13393 148233911 1317100 1317100 0 0 0 818 0 20 322.786499 5.083000000
0.005132 0.004958 0.000000 14097 153301237 1356960 1356960 0 0 0 866 0 13 322.810913 5.093000000
0.004530 0.004376 0.000000 14113 145597180 1182028 1182028 0 0 0 748 0 9 322.983337 5.080000000
0.005365 0.005158 0.000000 13917 144804022 1392829 1392829 0 0 0 911 0 13 324.698364 5.090000000
0.004630 0.004446 0.000000 14053 148545175 1193417 1193417 0 0 0 794 0 15 323.902588 5.090000000
0.004650 0.004475 0.000000 13610 143314860 1254831 1254831 0 0 0 803 0 16 319.014587 5.085000000
0.004648 0.004473 0.000000 13510 153654075 1226131 1226131 0 0 0 780 0 5 323.131653 5.087000000
0.004770 0.004585 0.000000 13835 143983698 1263326 1263326 0 0 0 823 0 15 322.641235 5.090000000
0.004858 0.004680 0.000000 13434 147753089 1257620 1257620 0 0 0 844 0 17 323.287964 5.083000000
0.004523 0.004344 0.000000 12696 158406627 1222757 1222757 0 0 0 783 0 13 322.506836 5.106000000
0.005150 0.004973 0.000000 13777 141640849 1358053 1358053 0 0 0 879 0 22 321.087402 5.090000000
0.004862 0.004675 0.000000 14827 141599869 1278243 1278243 0 0 0 839 0 9 322.777710 5.093000000
0.004904 0.004712 0.000000 14127 136257985 1306272 1306272 0 0 0 857 0 21 319.819641 5.081000000
0.004799 0.004600 0.000000 13546 155366092 1257724 1257724 0 0 0 846 0 18 321.118591 5.095000000
0.005195 0.005007 0.000000 14193 144140717 1379100 1379100 0 0 0 903 0 27 322.354187 5.099000000
0.004482 0.004305 0.000000 13387 153365565 1186588 1186588 0 0 0 814 0 18 322.856445 5.089000000
0.004517 0.004336 0.000000 13998 144248629 1169534 1169534 0 0 0 809 0 14 321.379883 5.102000000
0.004569 0.004402 0.000000 13496 144280682 1199061 1199061 0 0 0 817 0 14 323.447998 5.099000000
0.004616 0.004446 0.000000 14072 144216320 1240471 1240471 0 0 0 800 0 9 322.137817 5.093000000
0.004655 0.004461 0.000000 13222 154593612 1216204 1216204 0 0 0 834 0 13 322.668640 5.101000000
