"Validation time(S)" "Validation time(S) CPU" "Validation time(S) GPU" "Commits" "Aborts" "Val Reads" "CPU Val Reads" "GPU Val Reads" "Wasted Val Reads" "GPU employment times" "Val success" "Val fail" "Snapshot ext. calls" "Energy (J)" "Time(S)"
0.119822 0.119806 0.000000 63 174840192 25373927 25373927 0 171786 13 14 0 3 397.074036 6.586000000
0.114773 0.114757 0.000000 53 143043230 19446068 19446068 0 262308 12 8 0 4 382.822998 6.338000000
0.186277 0.186258 0.000000 71 201099976 33181037 33181037 0 103727 16 19 0 1 536.404358 8.690000000
0.074266 0.074251 0.000000 53 141754187 13525392 13525392 0 123076 8 9 0 2 376.725647 6.286000000
0.156525 0.156508 0.000000 70 257690570 27470182 27470182 0 50469 13 13 0 1 545.715942 8.821000000
0.182124 0.182105 0.000000 71 209910729 33753263 33753263 0 566946 15 14 0 4 545.649902 8.809000000
0.219119 0.218512 0.000000 71 271506053 41911577 41911577 0 133960 17 19 0 1 539.105530 8.707000000
0.186094 0.186080 0.000000 66 217428659 31813200 31813200 0 0 13 15 0 0 538.241150 8.666000000
0.159378 0.159355 0.000832 83 204424899 29404977 29404977 0 454276 13 14 0 3 536.641418 8.653000000
0.188535 0.174578 0.000000 64 190567271 25357371 25357371 0 56789 13 14 0 2 547.697937 8.901000000
0.186183 0.186169 0.000000 66 209636394 32492771 32492771 0 387622 13 10 0 5 550.440613 8.693000000
0.169293 0.169278 0.000000 83 266495324 31206235 31206235 0 262124 13 15 0 1 527.878418 8.556000000
0.216528 0.216505 0.000000 360 574997880 35376947 35376947 0 394403 18 21 0 4 1298.210571 20.979000000
0.321529 0.321496 0.000000 371 657447539 57729993 57729993 0 958338 31 37 0 7 1342.825989 21.514000000
0.420132 0.420093 0.000000 371 654074622 77027650 77027650 0 493588 40 45 0 4 1359.133545 21.447000000
0.485668 0.485626 0.000000 300 616015309 79487137 79487137 0 579408 39 44 0 6 1345.726501 21.302000000
0.295197 0.295155 0.000000 464 566475352 47556118 47556118 0 593365 37 44 0 9 1299.837524 20.567000000
0.299842 0.299810 0.000000 300 627673807 50593107 50593107 0 936138 31 27 0 9 1312.349548 20.689000000
0.451647 0.451608 0.000000 363 609795837 81366216 81366216 0 798951 39 40 0 5 1348.393860 21.232000000
0.386165 0.386124 0.000000 373 554995496 74747486 74747486 0 1669024 40 40 0 10 1371.970032 21.734000000
0.000892 9.000888 0.000818 1 4398881 309090 94557 215040 3893 1 1 0 0 1357.977966 21.280000000
