"Validation time(S)" "Validation time(S) CPU" "Validation time(S) GPU" "Commits" "Aborts" "Val Reads" "CPU Val Reads" "GPU Val Reads" "Wasted Val Reads" "GPU employment times" "Val success" "Val fail" "Snapshot ext. calls" "Energy (J)" "Time(S)"
0.083927 0.083869 0.083410 54 197696783 34350777 9610425 24740352 379003 13 14 0 1 403.281372 5.999000000
0.067030 0.066984 0.066593 57 231542483 27966275 7725635 20240640 295456 11 15 0 1 447.653503 6.926000000
0.065247 0.065191 0.064920 53 212909408 25943256 7014360 18928896 576427 14 14 0 3 391.018311 5.764000000
0.062093 0.062046 0.061649 53 206509548 24540121 6976729 17563392 51680 11 12 0 1 398.950073 5.950000000
0.058385 0.058341 0.057549 63 172135960 24192834 7027266 17165568 515671 11 10 0 2 440.994324 6.583000000
0.049822 0.049780 0.049181 53 142181731 20257845 5678133 14579712 834013 10 10 0 2 377.867737 5.697000000
0.055201 0.055150 0.054839 53 187003641 22685509 6826309 15859200 115441 12 13 0 2 381.457458 5.726000000
0.072499 0.072448 0.072313 53 215189260 28406708 8375732 20030976 357025 12 15 0 1 403.417114 5.962000000
0.048438 0.048400 0.048285 53 133661346 19818532 5690404 14128128 585490 9 9 0 2 359.628601 5.477000000
0.041750 0.041704 0.041456 53 196820806 17494224 4903632 12590592 4701685 10 8 0 4 405.853516 6.130000000
0.062747 0.062700 0.062164 53 209664341 24682276 6613540 18068736 328897 11 13 0 2 380.183472 5.625000000
