"Validation time(S)" "Validation time(S) CPU" "Validation time(S) GPU" "Commits" "Aborts" "Val Reads" "CPU Val Reads" "GPU Val Reads" "Wasted Val Reads" "GPU employment times" "Val success" "Val fail" "Snapshot ext. calls" "Energy (J)" "Time(S)"
0.043908 0.043857 0.043446 70 151527346 17440205 5145293 12294912 300994 12 14 0 2 372.223816 5.597000000
0.047142 0.047095 0.046686 53 206463262 19006180 5636068 13370112 527639 11 12 0 2 386.747620 5.776000000
0.046594 0.046558 0.046171 53 203188228 16950330 4230714 12719616 707185 9 9 0 2 392.760681 5.847000000
0.049168 0.049120 0.048545 53 217061099 19787736 5718744 14068992 460173 11 12 0 2 397.980408 5.921000000
0.031710 0.031680 0.031449 53 253103568 11627576 3138872 8488704 52325 7 9 0 1 383.335510 5.663000000
0.051562 0.051513 0.051056 53 147966111 21425643 6340587 15085056 412467 11 12 0 3 373.098999 5.619000000
0.048818 0.048781 0.048687 53 200255687 17974221 4308429 13665792 437579 9 10 0 2 400.034302 5.933000000
0.058795 0.058744 0.058130 53 215790304 21862903 6310135 15552768 1138728 12 12 0 3 401.779663 5.930000000
0.057693 0.057643 0.057199 57 181850471 22998731 6499787 16498944 248927 12 11 0 2 442.750488 6.790000000
0.039286 0.039247 0.038271 53 144062032 16772600 5241080 11531520 701799 9 10 0 3 365.805115 5.502000000
0.068693 0.068637 0.068449 63 154388408 27899672 8218136 19681536 19057 13 19 0 0 372.357483 5.570000000
0.060887 0.060839 0.060669 53 169491627 24690098 7137458 17552640 391659 12 13 0 1 406.640503 6.052000000
0.054581 0.054533 0.054340 53 154895981 21621427 5450419 16171008 440066 11 12 0 2 374.639587 5.585000000
0.065004 0.064949 0.064708 53 208831684 25592766 7384254 18208512 161478 13 14 0 1 394.330261 5.942000000
0.051810 0.051768 0.051556 53 138746571 21222661 6035461 15187200 670158 10 10 0 3 375.545959 5.733000000
0.052072 0.052022 0.051933 53 153962755 20958317 5846381 15111936 138793 11 11 0 2 365.605347 5.486000000
0.052774 0.052731 0.052439 54 165381116 23073878 6935126 16138752 85181 10 12 0 2 371.486206 5.627000000
0.066522 0.066474 0.066380 53 199539394 26865300 7866516 18998784 280247 11 12 0 1 400.505127 6.042000000
0.072188 0.072149 0.071779 53 185070157 28853350 8354662 20498688 233026 10 13 0 1 373.718750 5.640000000
0.046471 0.046426 0.045958 53 210828237 17414132 5156852 12257280 1445509 10 9 0 2 397.286438 5.895000000
