"Validation time(S)" "Validation time(S) CPU" "Validation time(S) GPU" "Commits" "Aborts" "Val Reads" "CPU Val Reads" "GPU Val Reads" "Wasted Val Reads" "GPU employment times" "Val success" "Val fail" "Snapshot ext. calls" "Energy (J)" "Time(S)"
0.059576 0.059526 0.058972 53 159583383 23718741 6623061 17095680 437242 12 11 0 3 386.480408 5.748000000
0.075290 0.075235 0.075001 54 181254973 31131462 8654406 22477056 365644 13 14 0 1 395.234863 5.958000000
0.041779 0.041732 0.041635 57 226413100 17422162 4761682 12660480 5062845 11 9 0 4 468.037476 7.196000000
0.040089 0.040050 0.039371 53 147703122 16818129 4797393 12020736 1408031 9 9 0 3 374.542114 5.633000000
0.070254 0.070200 0.069483 53 189746852 28002779 8493275 19509504 432577 13 12 0 2 391.267212 5.886000000
0.050903 0.050864 0.050579 53 147670270 20574845 5618813 14956032 311710 10 9 0 2 384.071777 5.825000000
0.043842 0.043799 0.043312 53 195534810 16244777 4498217 11746560 206797 10 9 0 2 382.245667 5.647000000
0.076853 0.076797 0.076675 57 184095370 30357649 8686993 21670656 200345 13 15 0 1 450.001160 7.057000000
0.050111 0.050063 0.049547 53 205045625 20215028 5861108 14353920 496028 11 12 0 2 389.422058 5.775000000
0.052484 0.052437 0.052091 53 148431279 21051735 5939799 15111936 302269 11 8 0 4 369.075562 5.467000000
0.062510 0.062458 0.061565 53 190621214 25009644 7715052 17294592 21794 12 12 0 0 401.841675 6.058000000
0.066116 0.066071 0.065845 53 192236047 26455922 7682930 18772992 324667 11 11 0 1 395.075562 5.961000000
0.063891 0.063843 0.063099 57 196161183 24897439 6785695 18111744 278002 11 13 0 1 444.919983 6.813000000
0.051328 0.051285 0.051091 53 191321959 19021573 5592325 13429248 366403 11 10 0 2 390.087646 5.889000000
0.070251 0.070203 0.070046 53 192947915 27566520 7712952 19853568 390200 12 12 0 1 398.273743 6.109000000
0.058498 0.058456 0.058273 53 207962024 23326529 7166273 16160256 288528 10 12 0 1 385.873779 5.775000000
0.076664 0.076612 0.075457 53 184604551 30229504 8833024 21396480 15116 11 13 0 1 372.486267 5.692000000
0.036684 0.036642 0.036532 53 190580346 13769823 4119903 9649920 1821226 10 10 0 3 395.658752 5.969000000
0.052008 0.051961 0.051545 57 186480998 21119859 6389619 14730240 333719 11 11 0 3 446.272217 6.855000000
0.077863 0.077810 0.077667 54 192635392 32174655 8778303 23396352 406408 12 15 0 1 401.613098 6.011000000
0.081763 0.081713 0.081426 53 138715258 31852131 8493411 23358720 214539 12 16 0 1 373.148193 5.687000000
