"Validation time(S)" "Validation time(S) CPU" "Validation time(S) GPU" "Commits" "Aborts" "Val Reads" "CPU Val Reads" "GPU Val Reads" "Wasted Val Reads" "GPU employment times" "Val success" "Val fail" "Snapshot ext. calls" "Energy (J)" "Time(S)"
0.005120 0.004864 0.000000 14678 156271303 1258282 1258282 0 0 0 863 0 17 292.910950 5.289000000
0.119901 0.119887 0.000000 53 146707124 21843212 21843212 0 464218 12 13 0 2 386.347656 6.255000000
0.150215 0.150199 0.000000 53 166628187 26541312 26541312 0 278129 13 14 0 1 398.013489 6.510000000
0.084636 0.071833 0.000000 53 144581610 14719448 14719448 0 50035 7 10 0 2 360.178284 6.032000000
0.133981 0.133965 0.000000 64 226470887 22158741 22158741 0 3984 11 14 0 2 560.853943 8.994000000
0.073958 0.073948 0.000000 64 268644836 10967929 10967929 0 355960 8 6 0 3 549.348999 8.862000000
0.160678 0.160658 0.000917 63 249578546 20117873 20117873 0 194096 10 12 0 1 603.689819 9.424000000
0.185961 0.185941 0.000000 71 204021134 36913371 36913371 0 104058 16 16 0 1 541.368469 8.683000000
0.163943 0.163928 0.000000 71 261794662 25149013 25149013 0 108368 13 13 0 3 540.708069 8.606000000
0.084393 0.084377 0.000000 64 208877810 14468708 14468708 0 440173 10 12 0 3 615.860107 9.738000000
0.204403 0.204386 0.000000 66 273420900 29520380 29520380 0 0 12 17 0 0 562.905579 8.921000000
0.191838 0.191820 0.000000 71 210828041 33473256 33473256 0 158988 14 16 0 1 537.559692 8.692000000
11.000886 0.000875 0.000787 1 0 310123 95083 215040 4923 1 1 0 0 539.496155 8.643000000
0.153219 0.153205 0.000000 64 317089761 23696366 23696366 0 0 8 12 0 2 570.291687 9.052000000
0.120184 0.120162 0.001828 63 277632550 18654660 18654660 0 60411 9 8 0 3 587.464111 9.124000000
0.170105 0.170088 0.000000 71 294867292 32336445 32336445 0 244114 13 16 0 1 546.003784 8.622000000
0.217331 0.217313 0.000000 63 237896388 33723631 33723631 0 212417 14 15 0 2 630.839966 9.885000000
0.178921 0.178900 0.000000 83 259280733 35387749 35387749 0 71891 17 21 0 1 530.287415 8.613000000
0.385559 0.385520 0.000000 387 661090948 65616887 65616887 0 783919 33 44 0 5 1343.586609 21.259000000
0.312145 0.312117 0.000000 317 592711545 55155012 55155012 0 708925 27 30 0 3 1274.843262 20.368000000
0.271997 0.271959 0.000000 431 641830468 48982446 48982446 0 1088446 33 38 0 10 1349.112183 21.379000000
0.311250 0.311215 0.000000 360 524849717 59889961 59889961 0 639304 29 40 0 3 1313.250549 21.096000000
0.343809 0.343771 0.000000 378 566173124 61196505 61196505 0 891603 31 42 0 4 1352.011902 21.504000000
0.480448 0.480408 0.000000 317 517943925 80269008 80269008 0 1258621 37 38 0 7 1295.139038 20.580000000
0.253593 0.253563 0.000000 360 555395401 42635650 42635650 0 704947 24 27 0 7 1328.887573 20.966000000
0.342442 0.342406 0.000000 360 506688032 53389361 53389361 0 906864 29 36 0 8 1312.192139 20.842000000
0.376512 0.363376 0.000000 299 568996363 59659346 59659346 0 461722 29 34 0 6 1311.616150 20.469000000
0.000920 10.000915 0.000851 1 4410594 310573 90699 220416 5376 1 1 0 0 1317.709351 20.774000000
