"Validation time(S)" "Validation time(S) CPU" "Validation time(S) GPU" "Commits" "Aborts" "Val Reads" "CPU Val Reads" "GPU Val Reads" "Wasted Val Reads" "GPU employment times" "Val success" "Val fail" "Snapshot ext. calls" "Energy (J)" "Time(S)"
0.136035 0.135897 0.134030 262 513383278 52385087 14822975 37562112 2289947 32 34 0 7 1448.192688 20.671000000
0.144661 0.144541 0.142576 319 496461430 58956751 18142159 40814592 1728703 28 32 0 6 1469.939453 21.143000000
0.103247 0.103156 0.101170 228 549275509 39944225 11601953 28342272 605505 20 22 0 3 1416.227478 20.312000000
0.116525 0.116410 0.114479 328 438357156 47117768 13894088 33223680 1206914 25 34 0 10 1425.019714 20.632000000
0.085084 0.085012 0.083277 295 436293822 33363378 10268082 23095296 714595 18 23 0 3 1468.523621 21.183000000
0.062389 0.062348 0.060412 178 537099101 24190793 6353225 17837568 9015 9 18 0 0 1410.781982 20.354000000
0.152997 0.152746 0.150813 183 503840475 59437846 18144790 41293056 878157 30 33 0 4 1479.739990 21.129000000
0.138678 0.138576 0.136750 199 522880521 53027358 15099678 37927680 1212582 23 31 0 2 1483.540710 21.261000000
0.148271 0.148145 0.146227 348 483474516 57537900 16282476 41255424 956005 30 34 0 5 1495.531738 21.511000000
0.098476 0.098386 0.096291 325 463794686 41029034 12477098 28551936 1274445 21 26 0 6 1470.175110 21.300000000
0.096920 0.096838 0.094963 272 428803739 41582840 12557816 29025024 1064121 19 25 0 4 1419.717346 20.429000000
