"Validation time(S)" "Validation time(S) CPU" "Validation time(S) GPU" "Commits" "Aborts" "Val Reads" "CPU Val Reads" "GPU Val Reads" "Wasted Val Reads" "GPU employment times" "Val success" "Val fail" "Snapshot ext. calls" "Energy (J)" "Time(S)"
0.017275 0.016776 0.000000 40653 451320407 3900824 3900824 0 0 0 2201 0 19 1309.827637 20.153000000
0.017217 0.016691 0.000000 41970 465153389 3953296 3953296 0 0 0 2291 0 21 1313.665344 20.150000000
0.016879 0.016400 0.000000 40330 487011796 3890839 3890839 0 0 0 2213 0 18 1313.096680 20.146000000
0.017606 0.017099 0.000000 40441 477336164 4065358 4065358 0 0 0 2187 0 15 1305.004761 20.132000000
0.017723 0.017242 0.000000 39574 476600013 3975638 3975638 0 0 0 2267 0 15 1305.974915 20.151000000
0.016545 0.016075 0.000000 39595 471384151 3702914 3702914 0 0 0 2133 0 28 1311.103699 20.140000000
0.017361 0.016811 0.000000 39856 455459237 3912616 3912616 0 0 0 2227 0 17 1319.372131 20.154000000
0.017171 0.016711 0.000000 40974 449134345 3930048 3930048 0 0 0 2230 0 25 1312.053101 20.143000000
0.016446 0.015955 0.000000 40540 465606090 3683559 3683559 0 0 0 2171 0 19 1311.632202 20.151000000
0.017110 0.016592 0.000000 41854 458788721 3901754 3901754 0 0 0 2264 0 17 1305.305969 20.135000000
0.016932 0.016428 0.000000 40845 471837187 3816942 3816942 0 0 0 2200 0 19 1311.137512 20.141000000
0.017383 0.016903 0.000000 41746 474120571 4009324 4009324 0 0 0 2213 0 22 1318.206970 20.143000000
0.017434 0.016908 0.000000 42591 496679634 3993170 3993170 0 0 0 2233 0 28 1319.485779 20.149000000
0.016307 0.015795 0.000000 41238 471641730 3806201 3806201 0 0 0 2183 0 20 1317.394104 20.152000000
0.017572 0.017052 0.000000 40507 485790622 4040328 4040328 0 0 0 2238 0 19 1318.338623 20.151000000
0.017659 0.017165 0.000000 41681 486737685 4046263 4046263 0 0 0 2275 0 34 1314.384399 20.143000000
0.016904 0.016414 0.000000 40302 490852402 3839432 3839432 0 0 0 2138 0 12 1321.687988 20.142000000
0.016821 0.016349 0.000000 40814 493262587 3835725 3835725 0 0 0 2141 0 16 1321.050110 20.132000000
0.017884 0.017408 0.000000 42100 503996562 4095894 4095894 0 0 0 2236 0 20 1314.983154 20.139000000
