"Validation time(S)" "Validation time(S) CPU" "Validation time(S) GPU" "Commits" "Aborts" "Val Reads" "CPU Val Reads" "GPU Val Reads" "Wasted Val Reads" "GPU employment times" "Val success" "Val fail" "Snapshot ext. calls" "Energy (J)" "Time(S)"
0.016579 0.016111 0.000000 41100 475814368 3713623 3713623 0 0 0 2138 0 19 1310.394836 20.146000000
0.017170 0.016679 0.000000 39695 460101787 3868476 3868476 0 0 0 2197 0 26 1312.335632 20.138000000
0.016604 0.016067 0.000000 40087 474274720 3758023 3758023 0 0 0 2221 0 18 1314.476135 20.146000000
0.016647 0.016185 0.000000 41277 463363244 3831450 3831450 0 0 0 2109 0 20 1305.103333 20.142000000
0.017243 0.016738 0.000000 42775 454315171 3949497 3949497 0 0 0 2222 0 27 1310.788208 20.147000000
0.016945 0.016480 0.000000 40912 463347363 3857575 3857575 0 0 0 2188 0 25 1308.344543 20.134000000
0.016600 0.016092 0.000000 40099 465601897 3765170 3765170 0 0 0 2119 0 11 1317.768311 20.169000000
0.016468 0.016001 0.000000 39777 491147955 3667908 3667908 0 0 0 2082 0 26 1301.498535 20.137000000
0.017397 0.016916 0.000000 40540 455979531 3924924 3924924 0 0 0 2229 0 19 1308.598755 20.154000000
0.016856 0.016385 0.000000 40800 467235630 3892682 3892682 0 0 0 2228 0 24 1311.068909 20.148000000
0.016701 0.016219 0.000000 40163 466166927 3870017 3870017 0 0 0 2188 0 19 1314.556519 20.145000000
0.017445 0.016940 0.000000 39940 500945369 3897300 3897300 0 0 0 2215 0 24 1319.115601 20.136000000
0.017267 0.016756 0.000000 41483 498686086 3926676 3926676 0 0 0 2175 0 22 1318.309631 20.137000000
0.016881 0.016392 0.000000 41051 491397813 3805705 3805705 0 0 0 2183 0 18 1316.660095 20.146000000
0.017102 0.016628 0.000000 41079 492231934 3898667 3898667 0 0 0 2176 0 15 1319.376953 20.129000000
0.016977 0.016495 0.000000 41265 478312532 3786316 3786316 0 0 0 2180 0 25 1311.702881 20.140000000
0.017464 0.016963 0.000000 39752 481331116 3970949 3970949 0 0 0 2302 0 23 1317.098816 20.140000000
0.016752 0.016249 0.000000 40930 491776961 3808371 3808371 0 0 0 2213 0 24 1312.841431 20.135000000
0.016851 0.016351 0.000000 39512 482620992 3871724 3871724 0 0 0 2217 0 23 1314.722473 20.149000000
