"Validation time(S)" "Validation time(S) CPU" "Validation time(S) GPU" "Commits" "Aborts" "Val Reads" "CPU Val Reads" "GPU Val Reads" "Wasted Val Reads" "GPU employment times" "Val success" "Val fail" "Snapshot ext. calls" "Energy (J)" "Time(S)"
0.073396 0.073326 0.071508 285 462028163 28953499 8938651 20014848 602515 17 21 0 4 1405.891418 20.419000000
0.119656 0.119546 0.117672 228 569249490 46662691 14347555 32315136 954413 25 29 0 5 1465.408142 21.148000000
0.088043 0.087960 0.085819 359 423446031 36208509 9602685 26605824 2025452 20 25 0 6 1451.659058 20.999000000
0.093247 0.093133 0.091242 371 464012066 33549201 8878737 24670464 1954489 26 28 0 8 1442.465637 21.177000000
0.130439 0.130339 0.128232 310 491057549 53364665 15592889 37771776 665287 24 26 0 5 1418.928284 20.424000000
0.056883 0.056840 0.054946 181 619638448 22738604 7234220 15504384 175258 10 18 0 2 1487.095947 21.109000000
0.096151 0.096075 0.094195 309 411666089 36872082 9938322 26933760 715586 17 25 0 3 1411.640503 20.335000000
0.126697 0.126590 0.124630 318 441895595 49007922 12934962 36072960 1444399 25 30 0 4 1431.849976 20.402000000
0.105667 0.105570 0.103568 270 515866842 42914239 12819391 30094848 1490641 23 29 0 6 1430.339050 20.469000000
0.127172 0.127066 0.125006 165 542956927 51110770 15473266 35637504 1052266 24 30 0 4 1425.429016 20.476000000
0.073047 0.072981 0.070651 272 511783530 29636354 9186050 20450304 683728 14 22 0 3 1444.606567 20.763000000
0.104111 0.104007 0.102217 347 477951266 40828491 11195979 29632512 1972748 25 31 0 6 1450.460876 20.427000000
0.115368 0.115252 0.113364 306 584706741 45391993 12103801 33288192 3890602 26 31 0 8 1526.081055 21.534000000
0.120497 0.120355 0.117982 396 399367091 47520272 14511632 33008640 818932 32 44 0 7 1427.380188 20.406000000
0.079083 0.079002 0.076965 337 576948670 31107378 9038898 22068480 1246349 19 25 0 6 1437.485596 20.349000000
0.104606 0.104493 0.102396 416 439510598 41011305 12566889 28444416 1431268 25 25 0 6 1440.914734 20.358000000
0.120922 0.120808 0.118841 238 512151270 49417947 15124443 34293504 2503953 28 28 0 7 1426.692200 20.232000000
0.144576 0.144452 0.142510 337 515414941 59571789 18198093 41373696 625009 29 38 0 5 1493.428162 21.021000000
0.128529 0.128395 0.126084 380 475247249 49960511 12806975 37153536 2034019 29 32 0 9 1426.592102 20.266000000
0.090369 0.090273 0.088239 313 602787492 33973689 10399929 23573760 1143226 22 27 0 5 1515.403381 21.416000000
0.085394 0.085296 0.083427 329 458701441 32388073 8825065 23563008 1217408 22 27 0 7 1427.946716 20.291000000
0.090739 0.090646 0.088656 263 524562560 35143232 9537344 25605888 2943301 21 19 0 6 1479.620544 20.938000000
0.116415 0.116332 0.114074 281 448026438 47548799 14190719 33358080 307785 18 30 0 2 1443.381714 20.466000000
0.076116 0.076028 0.073869 322 516296842 28658206 7707934 20950272 2836240 19 27 0 3 1456.781189 20.643000000
0.099454 0.099377 0.097307 281 484195266 40299222 10639830 29659392 1396272 18 22 0 5 1450.111511 20.340000000
0.076226 0.076164 0.074436 294 528858794 29187786 7339722 21848064 683187 14 24 0 2 1467.614258 20.791000000
0.169174 0.169030 0.167113 341 516898381 66928555 18877867 48050688 1588824 32 37 0 7 1518.518860 21.450000000
0.124856 0.124757 0.122866 295 456326336 51481145 15166265 36314880 747688 23 33 0 4 1438.172607 20.671000000
0.076453 0.076367 0.074067 440 489995067 28505689 7845721 20659968 741783 19 24 0 5 1448.044739 20.697000000
