"Validation time(S)" "Validation time(S) CPU" "Validation time(S) GPU" "Commits" "Aborts" "Val Reads" "CPU Val Reads" "GPU Val Reads" "Wasted Val Reads" "GPU employment times" "Val success" "Val fail" "Snapshot ext. calls" "Energy (J)" "Time(S)"
0.068701 0.062179 0.046313 11913751 6032 65956821 38711253 27245568 4571979 1429 2478 0 167 4561.852783 60.914896650
0.041120 0.037516 0.028937 8994880 2143 38272905 21822345 16450560 1724728 668 1143 0 36 4572.197632 60.926848136
0.031947 0.029517 0.024065 13188151 2178 29283502 15757486 13526016 1516490 482 804 0 27 4569.376221 60.934193863
0.107380 0.096992 0.069998 13190586 9828 103558033 61523089 42034944 8047918 2542 4528 0 340 4582.996582 60.933070849
0.020354 0.019416 0.017244 9955912 736 17866302 8603454 9262848 524365 217 333 0 15 4560.276672 60.939376397
0.038789 0.036088 0.028481 15367078 2441 36172694 19883414 16289280 1932786 698 1131 0 48 4552.121826 60.943370589
0.040774 0.037189 0.029809 14936648 2386 37565428 20824564 16740864 2137148 703 1182 0 49 4521.392273 60.947784082
0.033044 0.030826 0.025111 14137661 2094 30795521 16624385 14171136 1386777 533 927 0 29 4578.336792 60.941627896
0.011786 0.011572 0.011140 14199584 307 9360209 3753041 5607168 41014 25 61 0 0 4498.750854 60.948888999
0.069772 0.063836 0.048207 10315815 5102 66606493 38597533 28008960 4484691 1479 2443 0 130 4584.119568 60.947139527
0.091820 0.083987 0.060344 19627200 9048 88244953 52236505 36008448 7331843 2231 3857 0 356 4493.333801 60.956157178
