"Validation time(S)" "Validation time(S) CPU" "Validation time(S) GPU" "Commits" "Aborts" "Val Reads" "CPU Val Reads" "GPU Val Reads" "Wasted Val Reads" "GPU employment times" "Val success" "Val fail" "Snapshot ext. calls" "Energy (J)" "Time(S)"
0.039054 0.024017 0.018649 8949146 3022 23535620 13278212 10257408 930346 306 100329 0 22 4604.784485 60.909731627
0.069231 0.047888 0.032865 7579087 5688 50916006 30454950 20461056 3453316 1864 106334 0 77 4588.983215 60.921624719
0.081919 0.054096 0.039305 8535082 6457 61290265 38764825 22525440 3513697 1207 126985 0 140 4612.781189 60.932287128
0.040258 0.022748 0.017374 10331517 5516 21924289 12086209 9838080 1112454 353 116713 0 48 4619.859253 60.931133889
0.041785 0.025922 0.019737 9808135 2770 25396108 14617228 10778880 1173484 384 138758 0 45 4633.556824 60.933927654
0.061578 0.039795 0.029825 7884897 4571 44522956 27330508 17192448 2451728 829 110603 0 79 4610.619324 60.934840225
0.044926 0.028649 0.021951 7511210 2786 30108823 17980567 12128256 1161869 443 85960 0 36 4602.086670 60.940514627
0.068848 0.047954 0.034710 8756403 5688 55085832 34528008 20557824 3284659 1100 107959 0 183 4666.814148 60.942921981
0.069296 0.043724 0.031969 9930303 4447 49281849 30643257 18638592 2666810 968 130129 0 106 4633.660950 60.944093076
0.059053 -0.966570 0.025009 11155220 5348 34119298 20136322 13982976 1296387 551 163367 0 47 4620.116028 60.952305323
0.110336 0.079189 0.059416 12260330 7335 92743191 57229335 35513856 6462497 2366 143453 0 261 4615.330811 60.958038860
