"Validation time(S)" "Validation time(S) CPU" "Validation time(S) GPU" "Commits" "Aborts" "Val Reads" "CPU Val Reads" "GPU Val Reads" "Wasted Val Reads" "GPU employment times" "Val success" "Val fail" "Snapshot ext. calls" "Energy (J)" "Time(S)"
0.059591 0.054002 0.041038 22119942 4041 60578503 35676871 24901632 4017541 1311 2268 0 132 4609.166504 60.915051940
0.102319 0.091451 0.066890 24288971 6293 104206356 63837972 40368384 6743715 2359 3842 0 247 4597.458740 60.931367426
0.178847 0.160222 0.114931 24312672 18232 183878137 113823481 70054656 15672773 4606 8090 0 732 4583.835510 60.935258912
0.094133 0.084515 0.061643 24143140 5491 95470803 58478547 36992256 6259226 2058 3601 0 201 4613.393799 60.935120750
0.054087 0.049271 0.036432 24022582 2625 53117502 31565118 21552384 3593913 1113 1905 0 126 4578.370728 60.948001585
0.058188 0.053068 0.040076 24175320 3677 57531776 34248320 23283456 3634214 1199 2012 0 109 4624.154785 60.936541238
0.123938 0.111576 0.081280 21572003 9151 125921683 77543059 48378624 8985303 2919 5019 0 341 4552.358398 60.937992085
0.079138 0.071753 0.053633 20285354 4698 81142759 48316903 32825856 5037965 1717 2980 0 161 4615.263062 60.941318452
0.121923 0.110563 0.078878 19815916 8706 124272519 75270279 49002240 10884302 3075 5269 0 533 4617.715637 60.951849469
0.230206 0.207003 0.147382 22767285 21694 236107692 146355372 89752320 19914386 5851 10381 0 882 4559.754150 60.938262910
0.097992 0.089008 0.063941 23811647 7044 98886405 60028677 38857728 7478175 2353 4059 0 298 4604.392517 60.953664820
