"Validation time(S)" "Validation time(S) CPU" "Validation time(S) GPU" "Commits" "Aborts" "Val Reads" "CPU Val Reads" "GPU Val Reads" "Wasted Val Reads" "GPU employment times" "Val success" "Val fail" "Snapshot ext. calls" "Energy (J)" "Time(S)"
7.063843 8.070662 1.985543 7431284 6105536 7179553102 5907532366 1272009984 284960521 121229 1824252 0 26752 4639.179260 60.924385864
20.686922 19.035131 3.054921 11019525 52927337 21563909933 19692696365 1871208192 438945011 182156 8549877 0 66896 4520.092834 60.931201332
20.512147 29.736513 3.668342 12005206 56091027 21403717435 19270595899 2133100032 487651263 201717 8124274 0 79635 4548.699097 60.934719909
12.047136 18.871430 3.156700 8316650 12669207 12622787589 10573434885 2049325824 452982771 188797 3395258 0 41856 4591.090393 60.945358858
20.828047 23.643774 5.555285 11307856 42435146 21827064899 19382613827 2444413440 525388540 222911 7529243 0 82586 4519.282593 60.935782698
12.628995 11.976131 2.473785 9276417 25558378 13233395672 11612192984 1621197312 358357464 149295 4393333 0 44738 4570.054199 60.940477127
19.453707 20.450177 3.761168 11524891 54184153 20270263242 17871217866 2399029248 514824233 217217 6883588 0 74235 4532.129395 60.943663210
18.148204 22.063493 4.150258 11511306 26442288 18860955479 16422245975 2438698752 540969181 226177 6327393 0 61449 4567.403748 60.936445925
18.539558 18.945449 2.659776 11135631 74014760 19257138074 18099653018 1157463552 275162815 111460 8299478 0 73734 4541.575378 60.948000732
20.579242 29.163602 3.180175 11587403 50312260 21419021262 19737392334 1681596672 396254704 165153 8765449 0 65490 4556.566284 60.947567820
20.224458 28.829947 3.078676 11739529 61437676 20897821852 19245836188 1651969536 409364257 164834 8763000 0 73111 4526.413513 60.943654822
