"Validation time(S)" "Validation time(S) CPU" "Validation time(S) GPU" "Commits" "Aborts" "Val Reads" "CPU Val Reads" "GPU Val Reads" "Wasted Val Reads" "GPU employment times" "Val success" "Val fail" "Snapshot ext. calls" "Energy (J)" "Time(S)"
11.458034 22.934029 2.536404 4984132 16589479 11914914441 10760687241 1154205696 281238437 121851 4542662 0 51502 4673.620850 60.931162767
18.975258 32.313740 4.475609 5834067 48497193 20480433213 17958051645 2522360064 602182675 222815 7112567 0 77069 4545.874817 60.997200447
22.029632 23.938110 4.026554 7031466 30292372 23246094371 20550240035 2695838208 667649457 276913 7919099 0 95666 4538.338379 60.935981259
21.875962 37.630294 4.303243 6564107 34449450 23235128865 20963666721 2271446016 513742430 222181 8474803 0 78211 4542.808472 60.935009820
19.018653 46.996874 5.308257 6910953 77212936 19774444240 18158918608 1615482624 497222868 194980 8493019 0 86743 4554.474426 60.938394115
21.540905 35.608573 2.698640 6823848 42180717 22569447627 20928407499 1641024000 412927404 176059 9562700 0 76317 4503.031311 60.949267324
20.385443 31.648367 2.216169 6822637 52396361 21008562927 19521701103 1486829568 386832719 163110 9499265 0 71003 4511.485046 61.017454829
22.295829 27.683724 4.657625 7246709 27002986 23687695591 20625004519 3062658816 750652937 302987 7064217 0 98554 4546.159241 60.951671722
22.756553 32.666201 3.338616 7313722 33982117 23762363827 21506449075 2255882496 600138286 270939 8848187 0 94513 4520.918213 60.942231363
19.048327 28.582886 5.141049 5795600 48772578 20666568151 18211096279 2455444992 541342275 208338 7121198 0 71259 4560.910461 60.943565480
18.856300 23.669694 5.005909 5641875 50834769 20446595019 17952523467 2494060800 470663505 191459 7240974 0 55792 4550.893311 60.953561649
