"Validation time(S)" "Validation time(S) CPU" "Validation time(S) GPU" "Commits" "Aborts" "Val Reads" "CPU Val Reads" "GPU Val Reads" "Wasted Val Reads" "GPU employment times" "Val success" "Val fail" "Snapshot ext. calls" "Energy (J)" "Time(S)"
0.045873 0.030133 0.000303 83 175752891 3570942 3506430 64512 8873570 13 13 21 17 721.593994 11.783000000
0.068118 0.053626 0.000194 64 209945438 7805989 7762981 43008 5783714 10 7 13 10 697.440918 11.171000000
0.072377 0.072084 0.000223 71 164616072 14027384 13979000 48384 6236013 11 22 25 11 633.802734 10.372000000
0.071970 0.071674 0.000218 70 209294504 11089308 11040924 48384 11471560 12 13 23 15 816.657593 12.987000000
0.024066 0.023736 0.000242 83 183399362 4291530 4237770 53760 9931680 11 6 18 17 746.206970 11.751000000
0.000387 0.000075 0.000234 78 290114400 54202 5818 48384 9033944 9 7 18 17 671.630432 10.675000000
0.045768 0.045555 0.000206 85 162879526 6642932 6599924 43008 6352521 11 12 21 18 563.466492 8.477000000
0.058753 0.058427 0.000235 71 155455697 9363429 9309669 53760 9725385 12 14 19 10 697.153259 11.167000000
0.035357 0.035075 0.000213 71 238319567 4312618 4264234 48384 8822470 10 8 21 19 767.123413 12.123000000
0.022430 0.022054 0.000265 78 213305082 4104227 4045091 59136 12620782 12 9 20 15 701.013062 10.951000000
0.068038 0.054192 0.000220 71 188560064 7858606 7810222 48384 5914916 11 13 21 13 737.323547 11.925000000
0.104104 0.078224 0.000261 78 185419245 10626364 10572604 53760 10468937 12 14 19 13 695.674988 11.892000000
0.035342 0.034981 0.000265 78 166732859 6911344 6852208 59136 10130977 12 14 24 16 604.113037 10.674000000
0.042957 0.028386 0.000226 78 175279006 3293090 3244706 48384 6433123 10 14 22 15 597.557434 9.760000000
0.121767 0.109147 0.000266 83 170368523 14793336 14734200 59136 11052347 14 16 27 19 758.101624 12.518000000
0.084753 0.072920 0.000247 78 194826746 11205524 11151764 53760 7273334 12 12 21 13 637.325317 10.027000000
0.056676 0.056367 0.000225 78 153764443 8282184 8233800 48384 2018460 11 16 28 16 595.300537 9.323000000
0.089460 0.074305 0.000273 92 162950075 11641459 11576947 64512 6305214 15 19 29 16 659.765564 10.679000000
0.082273 0.067806 0.000219 66 171271326 10759978 10711594 48384 9047820 11 13 18 11 758.086182 12.364000000
0.013603 0.013217 0.000249 95 220168828 1671806 1618046 53760 10306319 11 16 29 20 686.775635 10.581000000
0.104173 0.103500 0.000209 70 150153869 15144441 15101433 43008 5354356 11 13 21 13 713.737122 11.875000000
0.000435 0.000008 0.000276 63 265204979 59851 715 59136 9343950 11 7 20 15 686.905945 11.081000000
0.088637 0.088169 0.000328 95 195320866 12067830 11992566 75264 8609326 17 13 25 18 741.794861 11.753000000
0.118118 0.117771 0.000240 95 204040214 17998462 17944702 53760 5844864 14 22 25 10 726.121643 11.305000000
0.000502 0.000133 0.000274 78 161624581 70819 11683 59136 14586875 11 9 21 16 675.093201 10.925000000
0.084165 0.071512 0.000216 70 178836347 8538503 8490119 48384 6422163 11 17 23 9 732.771362 12.059000000
0.046553 0.046221 0.000253 63 218068806 6923520 6869760 53760 7517909 11 6 18 14 594.027283 9.600000000
0.068249 0.055499 0.000231 70 182306013 7991904 7943520 48384 6300310 11 15 28 18 752.852722 12.219000000
0.109790 0.108795 0.000280 70 240004221 18506468 18447332 59136 7117307 14 13 22 15 707.045532 11.308000000
0.080244 0.079950 0.000214 71 193269509 10725295 10676911 48384 15603989 11 16 19 12 717.676575 11.971000000
0.052417 0.039905 0.000218 71 166513689 4338261 4289877 48384 5465644 10 13 22 12 703.935059 11.860000000
0.067221 0.066931 0.000206 66 166758056 10665968 10617584 48384 10483389 11 12 18 11 750.512268 12.296000000
0.068189 0.067848 0.000223 78 211662479 10786837 10738453 48384 9629343 11 14 22 16 672.708130 10.685000000
