"Validation time(S)" "Validation time(S) CPU" "Validation time(S) GPU" "Commits" "Aborts" "Val Reads" "CPU Val Reads" "GPU Val Reads" "Wasted Val Reads" "GPU employment times" "Val success" "Val fail" "Snapshot ext. calls" "Energy (J)" "Time(S)"
0.060234 0.059767 0.000311 95 183904812 11336361 11271849 64512 11065494 14 16 29 18 662.052185 10.654000000
0.070537 0.070155 0.000272 96 224069637 11233698 11174562 59136 11632959 13 14 35 27 855.477051 13.033000000
0.035353 0.035033 0.000228 83 173169001 6916875 6863115 53760 10005579 11 10 24 18 711.329773 11.415000000
0.000384 0.000158 0.000171 78 151809980 52316 14684 37632 6187756 7 10 26 19 568.128296 8.764000000
0.035278 0.034992 0.000209 66 152669406 4324388 4276004 48384 6770570 10 8 15 9 690.847717 11.441000000
0.023210 0.022894 0.000226 83 144986091 4235784 4182024 53760 2347503 11 15 30 18 654.965088 10.112000000
0.082143 0.081804 0.000252 71 191251824 11263216 11209456 53760 9526014 12 9 17 13 687.259583 10.912000000
0.023506 0.023170 0.000220 78 204984914 4289887 4241503 48384 8698516 10 9 20 19 672.930603 10.880000000
0.067650 0.053837 0.000286 76 170388748 7801532 7742396 59136 12202560 14 11 24 18 730.404358 11.276000000
0.074121 0.073690 0.000310 85 183622766 11184056 11119544 64512 9037704 14 19 34 19 758.178894 11.892000000
0.094810 0.083469 0.000236 85 121402712 11381288 11332904 48384 1145375 12 18 29 17 636.661865 10.347000000
0.058667 0.058315 0.000254 78 149939247 11217011 11163251 53760 10724472 12 12 21 15 651.217224 11.075000000
0.021266 0.021024 0.000177 71 132921497 3890791 3853159 37632 4986912 8 15 30 19 605.228333 10.793000000
0.067638 0.052169 0.000234 64 196665338 7545582 7497198 48384 6757260 11 11 16 10 689.485046 10.720000000
0.079955 0.079720 0.000172 63 264944526 10702196 10664564 37632 4811211 9 10 17 14 727.240234 11.388000000
0.063734 0.063499 0.000177 83 178972903 12400961 12363329 37632 5017726 9 19 26 11 696.720154 11.289000000
0.058905 2.046044 0.000221 78 155737281 6818954 6770570 48384 3238983 10 16 26 15 597.330139 9.688000000
0.050151 0.035690 0.000194 70 201291255 4349490 4306482 43008 6066701 9 8 21 15 728.998779 12.015000000
0.036926 0.034960 0.000240 83 210408431 4313936 4260176 53760 7216419 11 12 23 17 705.240723 11.576000000
0.104806 0.104406 0.000287 83 180217109 15310411 15245899 64512 8557090 15 12 27 20 745.878723 11.391000000
0.086091 0.072109 0.000217 83 189463688 11312483 11264099 48384 7026689 11 13 22 20 743.608765 11.548000000
0.000443 0.000055 0.000289 85 178467246 61575 2439 59136 5383459 11 13 33 23 733.777893 11.585000000
0.035581 0.035319 0.000203 57 176355117 6948599 6905591 43008 7428867 9 5 13 11 603.122192 9.937000000
0.023816 0.023551 0.000204 71 165341000 4323818 4280810 43008 11670471 9 6 15 13 694.107849 11.477000000
0.078646 0.065222 0.000227 71 174410805 10280912 10232528 48384 7183483 11 9 22 21 665.744568 10.631000000
0.068170 0.052573 0.000239 64 178589363 7652433 7604049 48384 10729431 11 7 15 13 747.349792 12.179000000
0.000413 0.000113 0.000224 66 147453017 57712 9328 48384 6730471 9 7 19 15 699.261841 12.032000000
0.020449 0.020148 0.000224 66 190012544 3546612 3498228 48384 9803654 10 10 16 11 683.146729 11.638000000
0.058341 0.057935 0.000293 83 150553732 8520845 8461709 59136 7003975 13 15 28 19 666.624817 10.784000000
0.035700 0.035348 0.000283 78 210580016 6980348 6921212 59136 3246346 12 11 23 14 632.307678 9.914000000
0.036140 0.035823 0.000220 83 174975139 7076630 7022870 53760 8229017 11 20 31 15 715.381409 11.502000000
0.000392 0.000089 0.000250 71 187512073 61049 7289 53760 10840813 10 9 24 17 744.528809 11.625000000
0.000520 0.000115 0.000255 85 201166588 75099 15963 59136 11325145 11 14 31 25 722.432739 11.590000000
