"Validation time(S)" "Validation time(S) CPU" "Validation time(S) GPU" "Commits" "Aborts" "Val Reads" "CPU Val Reads" "GPU Val Reads" "Wasted Val Reads" "GPU employment times" "Val success" "Val fail" "Snapshot ext. calls" "Energy (J)" "Time(S)"
0.004831 0.004644 0.000000 20189 175897499 803421 803421 0 0 0 755 216 24 367.988647 5.131000000
0.005509 0.005335 0.000000 20965 184651980 868779 868779 0 0 0 801 223 18 367.951050 5.127000000
0.004885 0.004709 0.000000 21381 178215829 791767 791767 0 0 0 733 220 13 364.790283 5.115000000
0.004763 0.004599 0.000000 20467 185833144 761924 761924 0 0 0 725 218 19 366.310974 5.116000000
0.004948 0.004770 0.000000 20754 178359157 830732 830732 0 0 0 741 229 14 365.548645 5.113000000
0.004640 0.004442 0.000000 21472 181893208 750709 750709 0 0 0 701 211 25 365.703247 5.117000000
0.004152 0.003975 0.000000 21808 184167352 681002 681002 0 0 0 669 177 16 364.765625 5.121000000
0.005139 0.004962 0.000000 20419 176508008 854467 854467 0 0 0 764 227 15 366.004578 5.130000000
0.004467 0.004300 0.000000 20373 188895207 721800 721800 0 0 0 678 184 10 366.121582 5.112000000
0.004561 0.004377 0.000000 20364 177576763 726751 726751 0 0 0 702 205 19 366.045288 5.116000000
0.005116 0.004936 0.000000 20217 185537340 819898 819898 0 0 0 768 230 20 365.338379 5.120000000
0.004890 0.004720 0.000000 21222 183103228 786259 786259 0 0 0 753 213 15 367.309326 5.134000000
0.004406 0.004252 0.000000 21297 170904374 700124 700124 0 0 0 665 219 14 365.047852 5.120000000
0.005152 0.004987 0.000000 21240 186082594 838788 838788 0 0 0 774 221 16 365.396545 5.131000000
0.005008 0.004847 0.000000 21182 184133241 842320 842320 0 0 0 743 199 9 367.605103 5.133000000
0.004711 0.004531 0.000000 21722 175182972 765020 765020 0 0 0 706 214 11 364.763428 5.137000000
0.004966 0.004773 0.000000 20588 184501669 832149 832149 0 0 0 721 213 14 364.567932 5.141000000
0.004848 0.004670 0.000000 21169 187956793 792750 792750 0 0 0 731 195 25 366.586182 5.134000000
0.004705 0.004522 0.000000 20819 178573968 771217 771217 0 0 0 781 226 19 365.390381 5.145000000
0.005023 0.004849 0.000000 20573 181859372 827535 827535 0 0 0 744 246 20 366.793762 5.138000000
0.004877 0.004685 0.000000 20471 175624806 781098 781098 0 0 0 701 213 16 364.606934 5.129000000
0.004453 0.004270 0.000000 20945 174988246 709789 709789 0 0 0 704 230 30 367.878296 5.141000000
0.004562 0.004402 0.000000 21474 185725096 736534 736534 0 0 0 708 209 18 365.635193 5.142000000
0.004563 0.004400 0.000000 20319 188927437 721534 721534 0 0 0 681 184 24 366.987366 5.142000000
0.004999 0.004807 0.000000 20538 177831028 822831 822831 0 0 0 790 223 28 365.462708 5.127000000
0.004826 0.004643 0.000000 20031 176433737 765592 765592 0 0 0 761 208 19 366.566223 5.137000000
0.005256 0.005059 0.000000 20485 175934777 853433 853433 0 0 0 769 230 15 366.521851 5.132000000
0.004641 0.004481 0.000000 21585 181858273 742822 742822 0 0 0 708 187 13 368.782532 5.141000000
0.004205 0.004048 0.000000 21683 178767597 705542 705542 0 0 0 651 203 16 367.622009 5.139000000
0.004990 0.004810 0.000000 20925 182492987 849413 849413 0 0 0 720 212 17 365.399780 5.140000000
0.004566 0.004395 0.000000 21077 181058915 748328 748328 0 0 0 743 215 18 366.298523 5.134000000
0.005086 0.004895 0.000000 19523 179786394 840022 840022 0 0 0 787 221 21 370.468201 5.135000000
0.005196 0.004987 0.000000 21124 177522288 810886 810886 0 0 0 780 233 29 366.500305 5.135000000
