"Validation time(S)" "Validation time(S) CPU" "Validation time(S) GPU" "Commits" "Aborts" "Val Reads" "CPU Val Reads" "GPU Val Reads" "Wasted Val Reads" "GPU employment times" "Val success" "Val fail" "Snapshot ext. calls" "Energy (J)" "Time(S)"
0.004853 0.004665 0.000000 20996 184721613 793919 793919 0 0 0 734 217 17 368.078247 5.131000000
0.004301 0.004132 0.000000 21158 184325402 722599 722599 0 0 0 680 199 12 366.450623 5.135000000
0.004983 0.004802 0.000000 21077 183600423 822219 822219 0 0 0 737 227 18 365.674927 5.134000000
0.004835 0.004645 0.000000 21692 186363498 801684 801684 0 0 0 721 195 14 366.158081 5.117000000
0.004774 0.004584 0.000000 21165 179970227 758963 758963 0 0 0 737 214 19 367.078857 5.118000000
0.004791 0.004588 0.000000 21338 179556011 726395 726395 0 0 0 711 195 25 365.574036 5.124000000
0.005107 0.004911 0.000000 19401 192831641 820127 820127 0 0 0 761 218 21 364.408020 5.112000000
0.004343 0.004185 0.000000 21198 182039240 708907 708907 0 0 0 699 224 15 364.549927 5.124000000
0.004714 0.004534 0.000000 21158 185092445 770551 770551 0 0 0 684 205 11 366.091064 5.113000000
0.004831 0.004673 0.000000 21197 180387290 802546 802546 0 0 0 689 204 16 365.287781 5.124000000
0.004584 0.004398 0.000000 20945 186227172 737191 737191 0 0 0 681 209 18 366.819153 5.123000000
