"Validation time(S)" "Validation time(S) CPU" "Validation time(S) GPU" "Commits" "Aborts" "Val Reads" "CPU Val Reads" "GPU Val Reads" "Wasted Val Reads" "GPU employment times" "Val success" "Val fail" "Snapshot ext. calls" "Energy (J)" "Time(S)"
0.115960 0.102454 0.000232 70 142076890 14959482 14911098 48384 7175741 12 12 23 16 651.758728 10.741000000
0.063358 0.063043 0.000233 78 176234589 9989529 9941145 48384 7826303 11 14 23 16 635.470886 9.896000000
0.103960 0.101352 0.000237 71 203601685 14887898 14839514 48384 7258353 12 13 18 10 651.952393 10.275000000
0.034926 0.034564 0.000248 78 171992749 4273696 4214560 59136 7700916 12 11 21 13 679.467896 10.708000000
0.022761 0.022330 0.000310 78 152758005 4149176 4084664 64512 10376077 13 16 29 16 598.635925 10.106000000
0.083728 0.083422 0.000197 66 220050738 11436044 11393036 43008 9000778 10 11 16 12 743.454163 12.540000000
0.057666 0.057290 0.000273 71 154908184 10984252 10925116 59136 9756294 13 22 31 15 688.832214 10.921000000
0.067920 0.054264 0.000236 66 213798783 7891056 7837296 53760 10469319 12 14 18 10 759.253235 12.474000000
0.000514 0.000005 0.000330 83 155341063 70141 253 69888 13294073 13 13 25 17 688.277161 11.410000000
0.000670 0.000214 0.000385 95 239863681 96911 27023 69888 10021655 13 13 27 20 706.568970 11.042000000
0.034878 0.034511 0.000281 78 134097516 4254348 4200588 53760 5191640 11 13 26 16 597.893982 9.999000000
0.023533 0.023094 0.000326 96 241737891 4262108 4197596 64512 10529182 13 15 27 19 818.501038 12.968000000
0.066428 0.066151 0.000217 66 174643457 7863723 7815339 48384 10263992 11 15 21 13 689.106323 11.164000000
0.058757 0.058461 0.000219 78 176942233 11111526 11063142 48384 9036882 11 12 22 16 664.168579 10.879000000
0.018848 0.003198 0.000306 96 205918470 446486 392726 53760 13473945 11 9 25 20 643.214233 9.606000000
0.066937 0.054102 0.000194 70 155178577 7869093 7826085 43008 6559382 10 12 24 19 779.807495 12.260000000
0.000507 0.000065 0.000296 90 192931487 65889 6753 59136 6321981 11 14 30 21 612.225403 10.385000000
0.071924 0.071649 0.000203 71 201880158 11364634 11321626 43008 10953064 10 17 23 10 727.588745 11.873000000
0.035691 0.035353 0.000211 71 162851247 4325421 4277037 48384 5952080 10 22 31 15 644.493652 10.669000000
0.044818 0.030669 0.000294 100 269593076 3559387 3494875 64512 8186276 13 12 28 24 823.620361 13.054000000
0.035753 0.034357 0.000221 78 186736630 4244735 4196351 48384 8095097 10 13 28 17 691.059387 10.594000000
0.101714 0.101385 0.000205 71 163398621 14804064 14755680 48384 5657163 12 15 20 16 666.993408 10.465000000
0.000540 0.000146 0.000278 85 269104475 71456 12320 59136 6375272 11 16 36 26 743.840759 11.864000000
0.035620 0.035324 0.000214 66 131876602 4342318 4293934 48384 9247238 10 15 27 17 681.206787 11.539000000
0.048390 0.034873 0.000197 81 173767128 4117465 4074457 43008 5825829 10 15 25 13 708.958374 11.286000000
0.039577 0.036192 0.000250 70 190008382 4290026 4236266 53760 3520836 11 11 24 15 618.642395 10.174000000
0.035036 0.030901 0.000177 66 167979134 3532599 3494967 37632 7569272 8 10 16 10 753.082642 12.027000000
0.068825 0.068439 0.000275 85 175818098 7426225 7367089 59136 8682968 13 33 43 16 752.822998 11.647000000
0.045051 0.044700 0.000250 83 211056861 8226254 8167118 59136 10107317 13 15 24 15 734.489685 11.507000000
0.034896 0.034589 0.000229 70 135763557 6793251 6744867 48384 10452826 10 14 25 20 668.709229 12.190000000
0.068109 0.067801 0.000240 64 201474597 10727492 10679108 48384 9289834 11 13 21 12 793.041809 12.999000000
0.000418 0.000098 0.000259 71 200680720 68996 9860 59136 8209556 11 14 28 15 593.315308 10.371000000
0.032136 0.031798 0.000249 78 158841262 6281532 6227772 53760 9460064 11 7 22 21 601.264221 10.279000000
