"Validation time(S)" "Validation time(S) CPU" "Validation time(S) GPU" "Commits" "Aborts" "Val Reads" "CPU Val Reads" "GPU Val Reads" "Wasted Val Reads" "GPU employment times" "Val success" "Val fail" "Snapshot ext. calls" "Energy (J)" "Time(S)"
0.004321 0.004153 0.000000 21608 171138380 724790 724790 0 0 0 657 216 12 364.395020 5.123000000
0.004424 0.004263 0.000000 20844 184103513 734183 734183 0 0 0 683 197 16 368.002808 5.135000000
0.005374 0.005208 0.000000 21172 177667097 775954 775954 0 0 0 765 230 24 365.225464 5.124000000
0.004572 0.004382 0.000000 20584 178716538 752978 752978 0 0 0 690 210 15 365.930115 5.117000000
0.004372 0.004212 0.000000 21722 179277647 703561 703561 0 0 0 652 194 11 365.583557 5.130000000
0.005302 0.005111 0.000000 21571 184878110 862975 862975 0 0 0 808 213 19 366.132507 5.143000000
0.004486 0.004308 0.000000 21092 179454672 739635 739635 0 0 0 688 213 17 367.562073 5.120000000
0.005326 0.005104 0.000000 20945 175617650 865047 865047 0 0 0 828 238 23 366.038574 5.115000000
0.004779 0.004608 0.000000 21606 177288558 782244 782244 0 0 0 695 214 13 367.661072 5.140000000
0.004238 0.004081 0.000000 21108 177019501 685940 685940 0 0 0 682 229 17 366.229614 5.119000000
0.004760 0.004545 0.000000 21205 187359897 751511 751511 0 0 0 759 210 17 365.647278 5.127000000
