"Validation time(S)" "Validation time(S) CPU" "Validation time(S) GPU" "Commits" "Aborts" "Val Reads" "CPU Val Reads" "GPU Val Reads" "Wasted Val Reads" "GPU employment times" "Val success" "Val fail" "Snapshot ext. calls" "Energy (J)" "Time(S)"
0.069873 0.069487 0.000286 78 197620721 11089673 11030537 59136 4200444 13 19 28 14 641.622131 9.918000000
0.104933 0.090411 0.000277 95 252977728 14916441 14857305 59136 9945001 14 21 28 16 849.163086 13.252000000
0.066999 0.053903 0.000260 83 151567784 7833839 7774703 59136 4186390 13 16 29 17 724.150085 11.462000000
0.034436 0.030663 0.000296 95 231256860 4600314 4541178 59136 12522039 12 9 24 22 687.443359 10.385000000
0.087913 0.071629 0.000219 95 240694081 10164067 10115683 48384 14048120 12 24 33 16 902.357239 14.062000000
0.095559 0.079839 0.000206 70 156351692 10655435 10607051 48384 7653057 11 10 13 10 774.972534 12.556000000
0.020653 0.020240 0.000294 83 157937752 3750913 3686401 64512 7894615 13 15 29 18 625.893188 10.131000000
0.000536 0.000164 0.000270 83 247178135 77386 18250 59136 7896990 11 11 27 21 681.125793 11.103000000
0.030667 0.030342 0.000242 83 142392567 4787417 4733657 53760 7040904 11 22 27 11 503.795654 8.590000000
0.000606 0.000143 0.000342 78 172843446 82484 12596 69888 14663831 13 15 26 16 677.780212 11.023000000
0.048215 0.047896 0.000258 71 171540943 7118969 7065209 53760 11412610 11 16 28 16 696.810425 11.905000000
