"Validation time(S)" "Validation time(S) CPU" "Validation time(S) GPU" "Commits" "Aborts" "Val Reads" "CPU Val Reads" "GPU Val Reads" "Wasted Val Reads" "GPU employment times" "Val success" "Val fail" "Snapshot ext. calls" "Energy (J)" "Time(S)"
0.051956 0.050918 0.000701 292 490529350 7284479 7128575 155904 22164106 31 62 91 47 1614.660950 21.852000000
0.044840 0.043885 0.000795 250 573549696 6623158 6483382 139776 28148549 27 48 63 29 1741.326965 24.112000000
0.045280 0.030760 0.000620 200 550738441 3755730 3621330 134400 25005535 26 31 53 36 1693.762634 23.568000000
0.039351 0.038393 0.000702 195 515613486 6894487 6760087 134400 20889242 27 36 58 42 1671.462036 23.635000000
0.059348 0.050058 0.000558 220 487111784 7362135 7238487 123648 16150549 25 41 58 31 1691.157410 23.467000000
0.035865 0.035212 0.000600 182 556793329 4630813 4517917 112896 27235039 22 30 45 30 1689.718201 23.489000000
0.002973 0.001832 0.000823 218 539630855 491611 330331 161280 18663168 30 49 73 37 1664.888977 22.819000000
0.002696 0.001744 0.000654 207 574105919 465482 325706 139776 18615111 26 24 45 32 1585.119141 21.603000000
0.002489 0.001772 0.000516 157 569971146 428689 326545 102144 29921045 19 27 38 24 1721.897400 23.873000000
0.002708 0.001672 0.000732 236 630991474 461866 316714 145152 21199007 27 44 69 32 1717.731628 23.094000000
0.034974 0.033979 0.000672 217 613282317 4359457 4214305 145152 18460617 28 33 62 43 1764.851929 24.321000000
0.002990 0.001918 0.000788 263 498847594 500079 338799 161280 13589354 30 50 84 49 1613.418579 22.769000000
0.067996 0.064225 0.000625 269 495385196 10286307 10146531 139776 18008422 28 50 78 50 1716.002747 23.868000000
0.034366 0.033575 0.000556 172 554424153 4336374 4228854 107520 27448656 21 31 52 34 1602.438721 21.589000000
0.069455 0.068375 0.000798 281 516424782 10270493 10114589 155904 28719866 33 54 75 43 1618.802063 22.029000000
0.039602 0.038690 0.000711 220 545039165 5006267 4866491 139776 21393574 28 27 56 39 1740.685608 24.301000000
0.017279 0.016355 0.000607 230 614714549 3118946 2989922 129024 20553991 25 35 59 40 1633.510925 22.292000000
0.022657 0.021831 0.000558 212 464900867 4047834 3945690 102144 23536506 20 33 56 36 1609.592896 22.023000000
0.002753 0.002001 0.000671 192 482674117 498558 353406 145152 17265721 27 36 64 42 1590.141418 21.682000000
0.058563 0.057834 0.000513 183 501209935 11015376 10913232 102144 16909965 21 37 59 34 1718.544800 23.693000000
0.083000 0.082021 0.000706 174 561922967 12017125 11866597 150528 20079584 31 36 57 33 1718.003296 23.670000000
0.031129 0.030252 0.000602 171 491350210 3721107 3613587 107520 32446428 21 22 38 30 1683.199463 22.964000000
0.068167 0.067352 0.000567 190 578533599 8123581 8005309 118272 25372855 24 26 54 43 1813.635132 25.434000000
0.002720 0.001767 0.000705 262 678997355 461207 326807 134400 23137209 25 37 70 51 1817.237244 25.270000000
0.079157 0.063205 0.000538 251 504340257 7585861 7462213 123648 19975501 25 50 73 43 1690.065674 23.480000000
0.028890 0.027887 0.000718 169 512004974 3424558 3284782 139776 28952346 27 40 67 40 1680.283447 23.219000000
0.034456 0.013497 0.001060 478 457607626 1949558 1723766 225792 23753100 43 100 150 84 1673.740906 22.767000000
0.002811 0.001715 0.000832 196 555464456 488120 321464 166656 18624562 31 33 65 38 1668.815247 23.082000000
0.020464 0.019608 0.000628 218 511805725 3548701 3435805 112896 16520023 22 32 57 41 1712.452820 23.748000000
0.002646 0.001685 0.000669 218 618012936 450408 316008 134400 22717927 25 32 61 42 1647.636047 22.407000000
0.024596 0.023509 0.000761 195 510663318 4408220 4273820 134400 37409028 26 33 47 33 1648.488342 22.312000000
