"Validation time(S)" "Validation time(S) CPU" "Validation time(S) GPU" "Commits" "Aborts" "Val Reads" "CPU Val Reads" "GPU Val Reads" "Wasted Val Reads" "GPU employment times" "Val success" "Val fail" "Snapshot ext. calls" "Energy (J)" "Time(S)"
0.019572 0.018981 0.000000 82239 685713471 3172147 3172147 0 0 0 2451 818 29 1525.454773 20.181000000
0.020323 0.019724 0.000000 80893 693664048 3327138 3327138 0 0 0 2496 884 40 1518.654602 20.168000000
0.019942 0.019352 0.000000 83152 680375323 3245370 3245370 0 0 0 2465 822 46 1527.392700 20.188000000
0.019754 0.019086 0.000000 82142 686240342 3176660 3176660 0 0 0 2546 824 35 1513.717163 20.179000000
0.020580 0.019964 0.000000 81942 700160464 3355635 3355635 0 0 0 2603 875 45 1531.594238 20.185000000
0.020810 0.020167 0.000000 81546 688342045 3375444 3375444 0 0 0 2618 862 37 1529.778137 20.171000000
0.020770 0.020181 0.000000 79852 674474310 3373167 3373167 0 0 0 2583 932 36 1525.795959 20.173000000
0.021405 0.020771 0.000000 82071 684443142 3331366 3331366 0 0 0 2756 860 37 1517.042114 20.180000000
0.020224 0.019637 0.000000 79518 678888306 3280490 3280490 0 0 0 2531 837 25 1511.309753 20.174000000
0.020601 0.020001 0.000000 82622 698791484 3382916 3382916 0 0 0 2597 872 38 1525.735229 20.202000000
0.019735 0.019166 0.000000 81166 688578444 3218139 3218139 0 0 0 2423 817 35 1522.017883 20.173000000
