"Validation time(S)" "Validation time(S) CPU" "Validation time(S) GPU" "Commits" "Aborts" "Val Reads" "CPU Val Reads" "GPU Val Reads" "Wasted Val Reads" "GPU employment times" "Val success" "Val fail" "Snapshot ext. calls" "Energy (J)" "Time(S)"
0.086761 0.073738 0.000565 245 648104483 10104048 9975024 129024 18455690 26 34 57 33 1731.966492 23.580000000
0.027437 0.026773 0.000479 216 573655697 4405693 4308925 96768 16139247 21 22 47 39 1761.414978 24.591000000
0.002601 0.001899 0.000575 249 519701537 459656 346760 112896 28289000 21 28 50 34 1701.585205 24.370000000
0.024580 0.023751 0.000567 235 561215503 4478667 4349643 129024 21279703 25 40 66 40 1656.440002 22.627000000
0.035439 0.034495 0.000630 216 618547140 4461877 4332853 129024 11309703 25 43 71 44 1687.814514 23.371000000
0.069708 0.069113 0.000460 216 643911730 10882261 10785493 96768 13481733 21 27 48 36 1780.142761 24.663000000
0.048506 0.035486 0.000632 212 527962194 4557479 4428455 129024 29760949 26 40 57 32 1640.442688 22.411000000
0.034098 0.033109 0.000665 199 450776992 4204005 4053477 150528 18826489 29 35 60 39 1674.564880 23.294000000
0.057986 0.057035 0.000631 238 523774527 8528846 8394446 134400 21925345 27 30 50 30 1634.559937 22.569000000
0.048872 0.038465 0.000810 198 496481915 4518058 4367530 150528 34896687 29 37 52 30 1628.892456 21.868000000
0.049660 0.048684 0.000672 231 522277629 7226518 7075990 150528 18107792 30 49 81 42 1698.029663 23.036000000
