"Validation time(S)" "Validation time(S) CPU" "Validation time(S) GPU" "Commits" "Aborts" "Val Reads" "CPU Val Reads" "GPU Val Reads" "Wasted Val Reads" "GPU employment times" "Val success" "Val fail" "Snapshot ext. calls" "Energy (J)" "Time(S)"
0.021004 0.020326 0.000000 80658 674242756 3397135 3397135 0 0 0 2588 896 39 1520.830322 20.181000000
0.021294 0.020698 0.000000 80317 688214286 3429656 3429656 0 0 0 2717 908 50 1517.010437 20.183000000
0.018716 0.018128 0.000000 81569 690863443 3052482 3052482 0 0 0 2337 841 33 1529.789612 20.185000000
0.020317 0.019703 0.000000 82669 693222611 3320668 3320668 0 0 0 2504 889 35 1515.866028 20.176000000
0.021146 0.020540 0.000000 84708 661568330 3398529 3398529 0 0 0 2583 869 44 1525.280151 20.182000000
0.019890 0.019235 0.000000 80151 684804268 3154135 3154135 0 0 0 2458 826 44 1514.019653 20.168000000
0.020095 0.019490 0.000000 82672 678237627 3275824 3275824 0 0 0 2582 881 40 1515.498413 20.169000000
0.020447 0.019832 0.000000 82491 694342470 3270812 3270812 0 0 0 2575 847 33 1530.067932 20.187000000
0.019921 0.019313 0.000000 84457 680483775 3212468 3212468 0 0 0 2489 844 45 1519.384827 20.180000000
0.019654 0.019071 0.000000 82937 680875860 3205439 3205439 0 0 0 2454 826 31 1526.004089 20.174000000
0.019019 0.018453 0.000000 83951 679726072 3111926 3111926 0 0 0 2408 815 36 1520.240295 20.163000000
