"Validation time(S)" "Validation time(S) CPU" "Validation time(S) GPU" "Commits" "Aborts" "Val Reads" "CPU Val Reads" "GPU Val Reads" "Wasted Val Reads" "GPU employment times" "Val success" "Val fail" "Snapshot ext. calls" "Energy (J)" "Time(S)"
0.007783 0.006763 0.000686 258 595858169 1388360 1237832 150528 31422513 29 42 70 49 1751.681824 23.979000000
0.030711 0.029920 0.000643 204 569936937 4519215 4395567 123648 29804072 25 20 40 32 1686.408691 22.918000000
0.072327 0.058389 0.000560 234 525615330 7110919 7003399 107520 20554274 22 34 56 39 1709.576782 23.344000000
0.036219 0.035350 0.000572 258 543296284 4549939 4426291 123648 11084913 24 40 64 43 1717.595032 23.914000000
0.040812 0.030612 0.000646 267 493352612 3775040 3651392 123648 18226997 24 40 67 48 1712.392944 23.552000000
0.070127 0.069464 0.000487 235 506666992 8501549 8399405 102144 10839942 21 45 63 36 1665.320862 23.146000000
0.002277 0.001665 0.000463 201 579210493 415001 323609 91392 22524078 17 33 53 29 1650.526184 22.492000000
0.003061 0.001950 0.000852 219 538571772 491806 346654 145152 13720873 27 39 61 37 1605.592224 21.684000000
0.002594 0.001692 0.000699 135 501717261 450903 316503 134400 35988378 25 28 50 32 1679.308899 23.068000000
0.043167 0.031641 0.000468 274 610160775 3747646 3650878 96768 13576274 19 34 66 43 1665.591614 22.791000000
0.002838 0.001821 0.000691 321 595181035 485781 329877 155904 9943821 29 34 89 63 1678.452759 22.701000000
0.050874 0.034001 0.000673 207 464577614 4485970 4324690 161280 32959941 31 39 65 37 1606.802185 22.103000000
0.002603 0.001668 0.000682 203 591479088 446765 317741 129024 21251194 24 21 39 26 1644.043152 22.385000000
0.048837 0.047975 0.000671 210 522248659 6823627 6699979 123648 30110901 26 30 49 37 1657.317932 22.828000000
0.048373 0.047566 0.000599 226 499523945 7060814 6937166 123648 18339220 24 25 44 35 1597.750366 22.499000000
0.002574 0.001800 0.000535 200 494184305 443971 331075 112896 20637798 21 34 60 38 1635.245117 23.029000000
0.002463 0.001656 0.000526 247 649674904 428147 315251 112896 12728239 21 25 55 41 1672.747803 23.374000000
0.002895 0.001778 0.000815 205 645389158 485186 334658 150528 37302198 28 30 55 42 1748.969727 24.059000000
0.002665 0.001981 0.000514 203 493904314 434949 338181 96768 21592062 18 35 54 39 1630.583740 22.562000000
0.002956 0.001971 0.000757 272 557078228 510815 360287 150528 33048460 28 58 85 47 1705.953491 23.565000000
0.016140 0.001713 0.000450 158 571683764 417037 320269 96768 24516575 19 30 47 28 1685.274719 22.530000000
0.048390 0.047439 0.000640 240 696694776 8322942 8193918 129024 17994704 26 26 50 37 1732.511536 23.825000000
0.002435 0.001753 0.000557 228 575167171 429227 327083 102144 27138281 19 32 53 32 1685.557739 23.125000000
0.033858 0.032873 0.000722 253 444378168 4177318 4032166 145152 17445818 28 48 71 38 1668.507629 23.577000000
0.023983 0.023166 0.000577 236 549505082 4322136 4209240 112896 16535044 22 39 66 43 1657.125305 22.484000000
0.027490 0.026584 0.000594 276 500283745 5153805 5008653 145152 14644752 29 39 72 48 1841.921997 25.878000000
0.019366 0.018471 0.000653 277 530385867 3120467 2996819 123648 19040923 24 39 74 51 1626.695312 22.129000000
0.056958 0.056340 0.000449 174 441249581 8200652 8114636 86016 31840923 18 30 42 26 1663.625122 23.112000000
0.002873 0.001925 0.000696 291 600128275 487701 337173 150528 17204539 28 49 84 52 1728.263306 23.739000000
0.003016 0.001807 0.000839 257 488569774 477905 327377 150528 32576476 28 45 74 43 1698.892517 23.036000000
0.017038 0.016408 0.000463 152 489581635 2757753 2671737 86016 26400579 17 32 43 20 1691.662842 23.032000000
