"Validation time(S)" "Validation time(S) CPU" "Validation time(S) GPU" "Commits" "Aborts" "Val Reads" "CPU Val Reads" "GPU Val Reads" "Wasted Val Reads" "GPU employment times" "Val success" "Val fail" "Snapshot ext. calls" "Energy (J)" "Time(S)"
0.019885 0.019238 0.000000 80116 691870810 3214472 3214472 0 0 0 2386 786 33 1513.970154 20.188000000
0.020388 0.019762 0.000000 82421 702004636 3251849 3251849 0 0 0 2525 819 33 1518.515137 20.182000000
0.020310 0.019733 0.000000 82073 695971629 3292112 3292112 0 0 0 2492 819 32 1522.193054 20.182000000
0.019895 0.019303 0.000000 80348 689310979 3220207 3220207 0 0 0 2539 832 46 1518.346191 20.172000000
0.020407 0.019812 0.000000 80847 690701705 3343835 3343835 0 0 0 2510 857 52 1521.932251 20.187000000
0.020472 0.019870 0.000000 80358 680326103 3285662 3285662 0 0 0 2515 840 31 1527.719116 20.177000000
0.020974 0.020308 0.000000 81745 676420616 3410087 3410087 0 0 0 2621 891 49 1515.293274 20.187000000
0.019912 0.019341 0.000000 82136 681289315 3255758 3255758 0 0 0 2526 836 47 1530.325195 20.176000000
0.020327 0.019735 0.000000 82471 673352521 3306511 3306511 0 0 0 2514 851 39 1526.391785 20.187000000
0.020976 0.020356 0.000000 82858 675213088 3413360 3413360 0 0 0 2636 889 44 1516.652649 20.181000000
0.020184 0.019591 0.000000 81240 694893896 3280331 3280331 0 0 0 2501 825 45 1528.462280 20.190000000
