"Validation time(S)" "Validation time(S) CPU" "Validation time(S) GPU" "Commits" "Aborts" "Val Reads" "CPU Val Reads" "GPU Val Reads" "Wasted Val Reads" "GPU employment times" "Val success" "Val fail" "Snapshot ext. calls" "Energy (J)" "Time(S)"
0.021448 0.020830 0.000000 80492 691210660 3457387 3457387 0 0 0 2633 901 48 1518.518250 20.183000000
0.019869 0.019263 0.000000 80258 684049455 3224386 3224386 0 0 0 2501 915 36 1518.460754 20.164000000
0.020964 0.020361 0.000000 80477 671801857 3416280 3416280 0 0 0 2633 838 40 1520.400574 20.181000000
0.021343 0.020714 0.000000 81335 690516547 3453655 3453655 0 0 0 2644 918 45 1517.338257 20.168000000
0.020393 0.019716 0.000000 81338 699109781 3361069 3361069 0 0 0 2575 864 44 1528.129761 20.185000000
0.021165 0.020505 0.000000 80858 686180696 3357784 3357784 0 0 0 2620 871 47 1517.359497 20.178000000
0.020593 0.020007 0.000000 80567 684748624 3235147 3235147 0 0 0 2494 820 38 1521.559753 20.169000000
0.019203 0.018630 0.000000 82777 678499652 3066800 3066800 0 0 0 2384 800 40 1530.362732 20.181000000
0.020106 0.019477 0.000000 82390 683370249 3216351 3216351 0 0 0 2539 856 33 1519.237122 20.177000000
0.019875 0.019325 0.000000 81351 697992060 3253597 3253597 0 0 0 2370 827 19 1522.893311 20.188000000
0.019662 0.019125 0.000000 82003 695201787 3232619 3232619 0 0 0 2440 823 32 1522.184143 20.171000000
