"Validation time(S)" "Validation time(S) CPU" "Validation time(S) GPU" "Commits" "Aborts" "Val Reads" "CPU Val Reads" "GPU Val Reads" "Wasted Val Reads" "GPU employment times" "Val success" "Val fail" "Snapshot ext. calls" "Energy (J)" "Time(S)"
0.035361 0.035323 0.000266 64 163252277 4392594 4354962 37632 8020353 8 5 10 8 554.299683 9.220000000
0.036712 0.036675 0.381145 57 133595067 7177735 7145479 32256 9666055 7 5 8 6 506.534302 9.037000000
0.036354 0.036315 0.000178 53 106642902 7136377 7098745 37632 8155049 8 3 9 8 431.097656 7.503000000
0.000294 0.000259 0.000211 63 127347921 88757 51125 37632 4724258 7 5 7 7 494.764526 8.926000000
0.000289 0.000252 0.000192 57 140259353 92558 49550 43008 5790216 8 3 8 8 487.574036 8.580000000
0.036663 0.036625 0.000169 63 88449635 7142795 7110539 32256 4909987 7 5 9 7 434.089661 7.982000000
0.035781 0.035741 0.000206 63 153798124 7002947 6965315 37632 4896662 8 7 10 7 489.766174 8.513000000
0.048850 0.048811 0.000200 63 105072817 7183588 7140580 43008 4031403 9 4 13 10 443.804016 7.994000000
0.000377 0.000330 0.000265 63 142513108 120330 71946 48384 5433564 9 1 12 11 468.627563 7.803000000
0.036594 0.036558 0.000209 57 108833896 7128193 7090561 37632 10019152 8 6 10 8 480.849609 8.623000000
0.036601 0.036557 0.000294 54 112279887 7172077 7123693 48384 16247734 10 3 8 9 499.816284 8.973000000
0.000345 0.000309 0.000242 64 145514794 108311 76055 32256 1836294 7 2 10 9 458.264526 7.774000000
0.036147 0.036101 0.000255 57 80355671 7088728 7040344 48384 7263638 10 6 11 9 449.355408 8.181000000
0.023826 0.023786 0.774863 63 158710068 4402921 4365289 37632 4922321 8 6 10 8 508.846558 8.692000000
0.025886 0.025845 0.000163 69 111222184 4643170 4605538 37632 4274290 9 7 11 7 451.160950 8.159000000
0.037004 0.036965 0.000202 54 126872175 7197153 7159521 37632 5517732 8 2 9 8 399.859741 6.598000000
0.046812 0.046771 0.000208 52 71123799 6984661 6941653 43008 5467987 9 4 8 8 400.124390 7.090000000
0.048104 0.048070 0.000128 63 161452148 7176722 7144466 32256 5367384 7 4 8 7 517.068726 8.805000000
0.037220 0.037169 0.000321 54 142475931 7272715 7224331 48384 13864895 10 5 9 9 495.825684 8.691000000
0.000249 0.000217 0.000171 64 93976510 93379 61123 32256 5512387 7 2 9 8 462.808167 8.265000000
0.000144 0.000120 0.000097 50 128235068 44120 22616 21504 7453514 4 3 3 4 393.444824 6.604000000
0.000268 0.000239 0.000190 54 161736245 85573 58693 26880 14880122 5 3 4 5 495.977417 8.496000000
0.036116 0.036093 0.000068 64 93393306 7075241 7059113 16128 825743 4 7 8 5 457.099121 7.731000000
0.023192 0.023149 0.000209 64 135219111 4291693 4248685 43008 12205365 9 6 12 11 576.473267 9.850000000
0.000209 0.000188 0.000125 54 155717565 63666 42162 21504 7776334 4 4 5 4 418.008728 7.078000000
0.000308 0.000270 0.000173 63 114489291 92681 55049 37632 3659665 7 3 12 9 452.844055 7.823000000
0.036649 0.036609 0.000226 63 105848814 7176258 7138626 37632 10762591 8 7 10 7 508.379944 8.934000000
0.071373 0.071337 0.000111 57 124336375 13804010 13771754 32256 7205789 8 7 8 6 503.330383 9.098000000
0.000306 0.000262 0.000201 54 158256287 93423 50415 43008 11648182 8 4 7 8 529.567200 9.390000000
0.048326 0.048294 0.000163 63 96668877 7224944 7192688 32256 10076625 7 5 9 7 499.428589 8.934000000
0.000371 0.000326 0.000258 57 149602104 111121 62737 48384 12695266 9 4 9 9 563.475403 9.857000000
0.000202 0.000177 0.000144 54 169563067 60918 34038 26880 14533642 5 2 4 5 477.890442 8.291000000
0.036201 0.036158 0.000178 63 132550888 7009936 6972304 37632 13126360 9 4 10 8 557.143066 9.493000000
