"Validation time(S)" "Validation time(S) CPU" "Validation time(S) GPU" "Commits" "Aborts" "Val Reads" "CPU Val Reads" "GPU Val Reads" "Wasted Val Reads" "GPU employment times" "Val success" "Val fail" "Snapshot ext. calls" "Energy (J)" "Time(S)"
0.005344 0.005150 0.000000 13390 91379549 1380755 1380755 0 0 0 877 256 24 319.088501 5.144000000
0.004781 0.004611 0.000000 13720 90988090 1255825 1255825 0 0 0 765 250 15 318.740967 5.139000000
0.005117 0.004945 0.000000 13408 88354337 1330130 1330130 0 0 0 846 273 12 317.158386 5.149000000
0.005516 0.005330 0.000000 13877 97570609 1374351 1374351 0 0 0 852 251 18 319.276855 5.137000000
0.005414 0.005222 0.000000 13216 93712038 1313580 1313580 0 0 0 895 263 28 318.864075 5.148000000
0.005131 0.004952 0.000000 13464 93067390 1310206 1310206 0 0 0 867 249 12 319.379150 5.139000000
0.004875 0.004699 0.000000 12731 95546650 1239654 1239654 0 0 0 814 268 17 318.565002 5.160000000
0.005690 0.005492 0.000000 13078 93080706 1410594 1410594 0 0 0 894 250 23 318.265137 5.145000000
0.005486 0.005299 0.000000 13472 91034803 1358123 1358123 0 0 0 848 265 12 321.194397 5.149000000
0.005086 0.004898 0.000000 12452 94977642 1303588 1303588 0 0 0 810 274 14 319.068054 5.167000000
0.005239 0.005050 0.000000 14341 93123780 1321676 1321676 0 0 0 863 249 26 317.196411 5.153000000
0.005332 0.005138 0.000000 13440 94178012 1328663 1328663 0 0 0 834 269 24 317.566345 5.152000000
0.005299 0.005119 0.000000 13522 90481490 1345866 1345866 0 0 0 887 298 23 318.123413 5.141000000
0.005413 0.005213 0.000000 13840 87076328 1361631 1361631 0 0 0 880 287 20 318.860474 5.150000000
0.004974 0.004801 0.000000 13216 97117272 1303887 1303887 0 0 0 830 269 15 318.778564 5.144000000
0.005289 0.005104 0.000000 12917 94865192 1337329 1337329 0 0 0 880 274 16 316.849731 5.147000000
0.005435 0.005250 0.000000 13566 97739898 1409489 1409489 0 0 0 898 264 13 318.813660 5.149000000
0.004967 0.004786 0.000000 13250 87748900 1289316 1289316 0 0 0 813 278 15 318.836182 5.162000000
0.005439 0.005250 0.000000 13522 97145745 1405921 1405921 0 0 0 927 278 22 318.217834 5.161000000
0.005119 0.004939 0.000000 13825 91932135 1296505 1296505 0 0 0 807 277 12 318.924866 5.167000000
0.005587 0.005398 0.000000 13926 93114718 1432215 1432215 0 0 0 882 278 10 318.381531 5.138000000
0.005215 0.005021 0.000000 12820 93244695 1339169 1339169 0 0 0 868 295 20 318.106018 5.151000000
0.005041 0.004824 0.000000 13917 93915165 1333544 1333544 0 0 0 879 288 19 318.922852 5.154000000
0.005157 0.004971 0.000000 13584 97378384 1313408 1313408 0 0 0 868 275 19 321.492371 5.150000000
0.005695 0.005485 0.000000 13170 95503563 1425124 1425124 0 0 0 918 267 24 319.412415 5.153000000
0.005039 0.004868 0.000000 13835 87873049 1298414 1298414 0 0 0 822 292 12 320.173157 5.154000000
0.004992 0.004796 0.000000 13022 95498156 1261925 1261925 0 0 0 836 272 16 319.695862 5.159000000
0.004909 0.004730 0.000000 13609 92504498 1254019 1254019 0 0 0 814 276 14 318.920593 5.141000000
0.005508 0.005307 0.000000 13171 97295424 1394068 1394068 0 0 0 895 281 19 319.491089 5.160000000
0.005356 0.005161 0.000000 12907 99637883 1398566 1398566 0 0 0 903 278 19 319.707581 5.157000000
0.005379 0.005166 0.000000 14111 90808138 1381143 1381143 0 0 0 916 283 23 318.175842 5.154000000
0.005470 0.005273 0.000000 13006 97912521 1389368 1389368 0 0 0 902 266 13 318.916199 5.157000000
0.005284 0.005094 0.000000 13227 94918278 1367166 1367166 0 0 0 881 262 21 317.831238 5.157000000
