"Validation time(S)" "Validation time(S) CPU" "Validation time(S) GPU" "Commits" "Aborts" "Val Reads" "CPU Val Reads" "GPU Val Reads" "Wasted Val Reads" "GPU employment times" "Val success" "Val fail" "Snapshot ext. calls" "Energy (J)" "Time(S)"
0.019466 0.018950 0.000000 40483 281341882 4242631 4242631 0 0 0 2394 869 39 1289.186035 20.204000000
0.018965 0.018420 0.000000 42600 283624602 4328831 4328831 0 0 0 2404 886 30 1289.961792 20.217000000
0.019156 0.018620 0.000000 40060 282965376 4213031 4213031 0 0 0 2396 871 29 1286.183655 20.207000000
0.018237 0.017748 0.000000 39713 278627175 4063107 4063107 0 0 0 2237 881 24 1287.794006 20.194000000
0.018818 0.018298 0.000000 40156 280780615 4127258 4127258 0 0 0 2404 922 34 1292.018127 20.230000000
0.018726 0.018182 0.000000 40143 294311473 4119163 4119163 0 0 0 2303 851 25 1289.722778 20.202000000
0.018710 0.018188 0.000000 40619 272495717 4189532 4189532 0 0 0 2365 857 27 1291.101624 20.217000000
0.018985 0.018455 0.000000 41433 283725622 4193064 4193064 0 0 0 2341 885 31 1281.688477 20.194000000
0.018777 0.018264 0.000000 40348 284600833 4133745 4133745 0 0 0 2311 849 27 1285.630615 20.210000000
0.018654 0.018159 0.000000 41809 279994213 4176233 4176233 0 0 0 2337 901 24 1284.439819 20.206000000
0.019163 0.018703 0.000000 39301 276658376 4162906 4162906 0 0 0 2246 827 21 1292.541260 20.205000000
