"Validation time(S)" "Validation time(S) CPU" "Validation time(S) GPU" "Commits" "Aborts" "Val Reads" "CPU Val Reads" "GPU Val Reads" "Wasted Val Reads" "GPU employment times" "Val success" "Val fail" "Snapshot ext. calls" "Energy (J)" "Time(S)"
0.018645 0.018117 0.000000 42092 276929579 4215546 4215546 0 0 0 2350 876 38 1295.958923 20.201000000
0.019242 0.018708 0.000000 40697 274735517 4340575 4340575 0 0 0 2407 912 36 1282.391418 20.200000000
0.018925 0.018357 0.000000 40522 276260667 4162082 4162082 0 0 0 2369 910 33 1283.796631 20.202000000
0.019437 0.018891 0.000000 41700 276890134 4339938 4339938 0 0 0 2422 902 39 1284.395935 20.216000000
0.019001 0.018466 0.000000 40983 289991194 4245410 4245410 0 0 0 2416 871 27 1284.303650 20.197000000
0.017355 0.016888 0.000000 41066 275847136 3850832 3850832 0 0 0 2229 891 35 1290.980713 20.204000000
0.018901 0.018376 0.000000 41151 279605889 4195296 4195296 0 0 0 2379 888 30 1283.842590 20.207000000
0.018148 0.017649 0.000000 40425 281081956 4069304 4069304 0 0 0 2314 866 42 1285.087524 20.197000000
0.019325 0.018755 0.000000 40650 275693685 4219851 4219851 0 0 0 2406 906 26 1283.715698 20.207000000
0.017926 0.017433 0.000000 39905 284568224 4012173 4012173 0 0 0 2225 822 34 1285.523621 20.229000000
0.019672 0.019098 0.000000 40672 282661396 4211353 4211353 0 0 0 2398 841 38 1296.254578 20.194000000
