"Validation time(S)" "Validation time(S) CPU" "Validation time(S) GPU" "Commits" "Aborts" "Val Reads" "CPU Val Reads" "GPU Val Reads" "Wasted Val Reads" "GPU employment times" "Val success" "Val fail" "Snapshot ext. calls" "Energy (J)" "Time(S)"
0.002635 0.002513 0.000726 217 294528869 619630 479854 139776 13693379 26 17 37 30 1382.475586 20.639000000
0.002567 0.002446 0.000661 243 314776528 600367 471343 129024 15065942 24 17 34 28 1389.700378 20.528000000
0.002448 0.002333 0.000548 231 286276735 554444 436172 118272 10519423 24 9 33 29 1405.969543 21.875000000
0.023891 0.023799 0.000510 218 314712341 4484236 4382092 102144 16064979 20 11 27 23 1417.350159 21.311000000
0.002525 0.002412 0.000664 216 288220093 614176 479776 134400 15197639 25 17 39 31 1428.222839 21.779000000
0.002440 0.002344 0.000627 217 357236986 590835 477939 112896 14373437 21 18 32 24 1421.732239 21.513000000
0.002399 0.002285 0.000578 273 273675167 576563 447539 129024 7859730 24 16 39 32 1406.495056 21.410000000
0.002391 0.002290 0.000470 221 299307574 536440 423544 112896 14395637 22 16 33 27 1419.035645 21.204000000
0.002886 0.002744 0.000816 220 370165231 725837 575309 150528 34968092 29 18 39 34 1386.644958 20.893000000
0.002300 0.002220 0.000392 224 416617257 513375 427359 86016 13527256 16 13 21 18 1426.491638 21.248000000
0.002568 0.002462 0.000535 258 336814566 572789 459893 112896 17170885 21 23 28 24 1407.395569 21.719000000
0.002557 0.002431 0.000713 238 355799128 608924 485276 123648 24058036 26 22 46 35 1425.881592 21.131000000
0.002741 0.002618 0.000743 248 308810245 652647 523623 129024 24705579 26 15 32 31 1398.410034 20.864000000
0.002522 0.002415 0.000545 212 296490883 586898 479378 107520 25559816 22 17 32 25 1359.937134 20.547000000
0.002576 0.002460 0.000564 273 298868608 594537 476265 118272 13818502 24 29 36 28 1428.059692 21.346000000
0.002384 0.002277 0.000536 195 431970511 558654 451134 107520 12621442 22 16 31 24 1429.652405 21.256000000
0.002643 0.002527 0.000638 248 275301601 601723 499579 102144 26336488 19 14 31 26 1393.720093 20.764000000
0.003174 0.003005 0.001078 397 299798397 794792 612008 182784 17882748 35 35 55 44 1379.682495 20.662000000
0.002523 0.002408 0.000690 169 275494093 588798 470526 118272 37647580 24 15 22 25 1354.080017 20.732000000
0.002619 0.002511 0.000636 264 396660145 608770 495874 112896 15342984 21 20 31 26 1444.407471 21.539000000
0.002846 0.002702 0.000761 226 346894771 669135 523983 145152 28181610 29 17 34 32 1432.699402 21.524000000
0.002972 0.002819 0.000928 244 389800678 735609 563577 172032 24350250 32 21 43 37 1413.510559 21.160000000
0.002778 0.002653 0.000808 278 289818733 678217 533065 145152 15596847 27 24 43 33 1439.407898 21.720000000
0.002358 0.002281 0.000437 185 371284015 521917 435901 86016 25544164 16 7 18 21 1363.317322 20.375000000
0.025550 0.025408 0.000709 247 269204849 4648527 4497999 150528 19197506 30 20 41 33 1462.291382 21.818000000
0.037167 0.037000 0.000775 216 369629274 4977015 4799607 177408 28556189 35 16 41 38 1396.635620 20.796000000
0.002505 0.002388 0.356676 205 356512512 586646 462998 123648 22347689 24 14 31 30 1353.355774 20.322000000
0.002694 0.002585 0.000712 204 288560261 636122 517850 118272 19512588 24 13 33 28 1369.652344 20.840000000
0.002461 0.002360 0.000631 194 309092100 584730 477210 107520 36664391 21 11 21 22 1405.570618 21.069000000
0.002803 0.002673 0.000705 206 311183298 661935 516783 145152 23866421 27 18 36 32 1371.617493 20.735000000
0.002696 0.002574 0.000772 272 287825607 645875 511475 134400 11512863 25 16 36 30 1458.734192 22.513000000
