"Validation time(S)" "Validation time(S) CPU" "Validation time(S) GPU" "Commits" "Aborts" "Val Reads" "CPU Val Reads" "GPU Val Reads" "Wasted Val Reads" "GPU employment times" "Val success" "Val fail" "Snapshot ext. calls" "Energy (J)" "Time(S)"
0.018433 0.017885 0.000000 41019 276787324 4087294 4087294 0 0 0 2363 912 39 1287.713745 20.196000000
0.019443 0.018920 0.000000 42279 276910934 4361657 4361657 0 0 0 2433 889 37 1285.763245 20.203000000
0.019232 0.018714 0.000000 40680 266297599 4272492 4272492 0 0 0 2361 925 30 1285.256958 20.202000000
0.018802 0.018286 0.000000 40322 289563649 4110892 4110892 0 0 0 2304 847 32 1289.035706 20.207000000
0.018897 0.018406 0.000000 40340 281658671 4191818 4191818 0 0 0 2300 889 34 1289.127014 20.206000000
0.018860 0.018330 0.000000 39994 282081603 4103575 4103575 0 0 0 2292 893 33 1291.951904 20.207000000
0.019368 0.018855 0.000000 41142 285223645 4223158 4223158 0 0 0 2382 863 43 1287.893555 20.219000000
0.018759 0.018247 0.000000 39808 286069824 4152596 4152596 0 0 0 2320 849 37 1286.960022 20.229000000
0.018729 0.018176 0.000000 40305 283491569 4111896 4111896 0 0 0 2318 877 24 1291.900818 20.207000000
0.018311 0.017783 0.000000 40106 280376331 4074661 4074661 0 0 0 2310 837 28 1287.991455 20.218000000
0.019552 0.019070 0.000000 39029 261653069 4047244 4047244 0 0 0 2287 877 28 1293.038513 20.210000000
