"Validation time(S)" "Validation time(S) CPU" "Validation time(S) GPU" "Commits" "Aborts" "Val Reads" "CPU Val Reads" "GPU Val Reads" "Wasted Val Reads" "GPU employment times" "Val success" "Val fail" "Snapshot ext. calls" "Energy (J)" "Time(S)"
0.017980 0.017490 0.000000 40403 269576077 4061510 4061510 0 0 0 2224 854 22 1291.979126 20.230000000
0.018542 0.018018 0.000000 40339 286949882 4030542 4030542 0 0 0 2241 860 20 1289.728760 20.199000000
0.018663 0.018134 0.000000 40101 288311691 4233160 4233160 0 0 0 2348 863 32 1286.239075 20.197000000
0.019527 0.018973 0.000000 41022 275668989 4404404 4404404 0 0 0 2389 847 34 1283.419312 20.210000000
0.018433 0.017924 0.000000 40419 290827563 4153185 4153185 0 0 0 2377 889 40 1290.718201 20.222000000
0.018110 0.017579 0.000000 40800 279001068 3983599 3983599 0 0 0 2265 855 19 1287.880554 20.189000000
0.018752 0.018259 0.000000 41876 281544794 4162918 4162918 0 0 0 2360 882 32 1293.745728 20.206000000
0.018877 0.018325 0.000000 40874 270062059 4114908 4114908 0 0 0 2360 885 29 1288.822327 20.206000000
0.018340 0.017848 0.000000 40609 294936451 4060796 4060796 0 0 0 2321 861 26 1286.223572 20.203000000
0.018835 0.018286 0.000000 41078 294665321 4172867 4172867 0 0 0 2324 829 38 1288.205688 20.208000000
0.019052 0.018535 0.000000 39910 284675332 4191269 4191269 0 0 0 2324 880 30 1288.821716 20.240000000
