"Validation time(S)" "Validation time(S) CPU" "Validation time(S) GPU" "Commits" "Aborts" "Val Reads" "CPU Val Reads" "GPU Val Reads" "Wasted Val Reads" "GPU employment times" "Val success" "Val fail" "Snapshot ext. calls" "Energy (J)" "Time(S)"
0.002512 0.002396 0.000598 268 275017238 603941 474917 129024 17731586 25 13 37 29 1371.324707 20.538000000
0.002668 0.002547 0.786305 278 320878267 602177 478529 123648 10807819 24 31 46 32 1425.662109 21.034000000
0.002607 0.002493 0.000609 242 322787990 601131 488235 112896 24429731 23 23 36 28 1374.288269 20.345000000
0.002599 0.002508 0.000611 225 314134954 587683 480163 107520 28520437 21 13 25 24 1398.833618 21.072000000
0.002664 0.002556 0.000659 233 271939090 627905 504257 123648 16629123 23 18 32 25 1379.949829 20.788000000
0.003301 0.003150 0.000892 278 337492003 705893 539237 166656 22016905 32 23 44 36 1411.990173 21.002000000
0.002609 0.002488 0.000672 257 310024340 619015 489991 129024 28862691 24 19 34 30 1434.368896 21.888000000
0.002717 0.002595 0.000561 280 351619623 630307 495907 134400 16177532 26 26 40 31 1446.609375 21.756000000
0.014944 0.014824 0.000540 295 324387388 2766992 2654096 112896 20828372 25 7 30 31 1404.390198 21.194000000
0.002741 0.002620 0.000807 260 279473801 677307 548283 129024 13862059 26 18 36 29 1380.023376 20.656000000
0.002409 0.002308 0.000574 247 374176491 565931 442283 123648 18852395 23 13 29 27 1513.842834 23.125000000
