"Validation time(S)" "Validation time(S) CPU" "Validation time(S) GPU" "Commits" "Aborts" "Val Reads" "CPU Val Reads" "GPU Val Reads" "Wasted Val Reads" "GPU employment times" "Val success" "Val fail" "Snapshot ext. calls" "Energy (J)" "Time(S)"
0.041562 0.041520 0.041250 72 51683052 12248493 1412525 10835968 7745 4 10 0 0 319.532470703 7.893000000
0.061980 0.061921 0.061654 26 21319791 19629832 2508552 17121280 19784 5 6 0 0 261.568298340 5.149000000
0.000141 0.000126 0.000076 18 50289350 27921 16657 11264 103144 1 2 0 1 322.995910645 7.639000000
0.026486 0.026439 0.026117 28 18952591 7461336 916952 6544384 28640 4 5 0 0 314.175109863 7.799000000
0.020023 0.020000 0.019920 57 17139693 6157862 784934 5372928 8937 2 2 0 0 309.588928223 7.580000000
0.000002 0.000002 0.000000 70 23572061 70 70 0 0 0 1 0 0 299.415283203 7.349000000
0.091614 0.091552 0.027607 15 28793458 11160759 4638903 6521856 15347 5 7 0 0 370.352783203 8.898000000
0.026491 0.026452 0.026312 11 11995642 7564152 918392 6645760 1926 4 5 0 0 267.724304199 6.513000000
0.044713 0.044662 0.044379 18 25355999 12668792 1539960 11128832 25372 5 7 0 0 308.555297852 7.648000000
0.055210 0.055117 0.054822 31 43173163 14871545 2030585 12840960 47280 8 8 0 0 374.760131836 7.307000000
0.040938 0.040874 0.040385 76 40232825 12224001 1613313 10610688 21942 6 6 0 0 298.964233398 6.064000000
0.000000 0.000000 0.000000 38 23184104 0 0 0 0 0 0 0 0 353.196411133 8.586000000
0.029322 0.029281 0.029106 46 41447360 8845367 1140791 7704576 12695 4 6 0 0 334.797058105 7.942000000
0.015770 0.015729 0.015611 44 51233529 4613199 682063 3931136 252666 3 4 0 1 325.698242188 6.631000000
0.023101 0.023068 0.022914 19 21022291 8836643 1357347 7479296 829967 3 5 0 1 319.837646484 7.029000000
0.030509 0.030446 0.030210 29 17452679 9033005 1058093 7974912 312164 5 5 0 1 227.747497559 5.464000000
0.000004 0.000002 0.000000 34 46648553 140 140 0 0 0 3 0 0 329.440612793 7.920000000
0.017004 0.016980 0.016856 42 36699453 4575828 633428 3942400 2072 2 2 0 1 268.119201660 5.399000000
0.014398 0.014373 0.014275 12 2097324 4401917 572157 3829760 9406 2 6 0 0 229.913635254 5.321000000
0.046835 0.046738 0.046393 55 24373433 13980963 1691939 12289024 412042 8 9 0 3 387.395324707 9.032000000
0.026485 0.026434 0.026193 39 21478981 7570010 924250 6645760 71783 4 7 0 1 346.271972656 7.645000000
0.000000 0.000000 0.000000 44 19717672 0 0 0 0 0 0 0 0 285.854797363 6.025000000
0.031140 0.031036 0.030745 53 28656196 8332671 1180031 7152640 487569 7 7 0 3 349.390869141 6.918000000
0.014559 0.014516 0.014282 51 26986394 4542264 611128 3931136 2124306 4 4 0 3 305.661621094 7.180000000
0.057259 0.057191 0.056930 55 36237120 16721971 2033715 14688256 27099 7 8 0 0 291.929931641 5.843000000
0.053361 0.053308 0.053006 26 18216792 16418488 2698936 13719552 25554 5 8 0 0 291.076049805 5.994000000
0.073265 0.073177 0.072830 18 23066184 23575640 3165272 20410368 36586 8 8 0 0 305.413818359 5.931000000
0.018990 0.018970 0.018908 17 20627559 5142667 704651 4438016 10602 2 2 0 0 313.636779785 7.667000000
0.038894 0.038843 0.038605 44 33393939 11070355 1158035 9912320 25736 5 8 0 0 345.449218750 8.187000000
0.000000 0.000000 0.000000 11 12643717 0 0 0 0 0 0 0 0 200.578308105 5.381000000
0.018815 0.018769 0.018534 23 26608911 7128735 1136287 5992448 195238 4 5 0 3 345.686340332 8.389000000
0.013466 0.013442 0.013369 18 9913434 3726607 403727 3322880 455838 2 2 0 1 215.299072266 5.758000000
0.026571 0.026527 0.026263 34 20134467 7554899 931667 6623232 148080 5 4 0 1 310.169372559 6.678000000
0.019284 0.019245 0.019041 16 22081463 5535703 816087 4719616 423664 4 3 0 1 281.980895996 5.589000000
0.033927 0.033874 0.033449 34 28582666 11793412 1757188 10036224 862824 5 6 0 1 365.266723633 8.795000000
0.014742 0.014720 0.014615 21 20632767 4452819 600531 3852288 8277 2 2 0 0 310.008239746 7.433000000
0.028235 0.028175 0.027964 29 22807276 8171785 985353 7186432 4415321 6 5 0 2 273.032226562 5.292000000
0.000000 0.000000 0.000000 31 26389854 0 0 0 0 0 0 0 0 387.909545898 8.879000000
0.025762 0.025730 0.025163 46 19431496 6890791 965927 5924864 212616 3 5 0 1 312.561340332 7.755000000
0.000000 0.000000 0.000000 53 19000357 0 0 0 0 0 0 0 0 301.854553223 7.497000000
0.014261 0.014233 0.014150 36 21333968 4403281 641105 3762176 7065 2 2 0 0 391.886291504 10.355000000
0.053364 0.053260 0.052906 41 33632615 13962210 2078690 11883520 103561 8 7 0 1 402.325744629 9.234000000
0.015652 0.015617 0.015482 26 14307051 4414331 550779 3863552 274015 3 2 0 1 205.029907227 5.560000000
0.014835 0.014804 0.014603 39 18239211 3941118 573182 3367936 407357 3 7 0 1 358.685607910 8.983000000
0.292638 0.292513 0.025150 34 18853957 8221599 1834911 6386688 1020433 7 4 0 4 584.857788086 9.342000000
0.087867 0.087761 0.087398 43 29581717 24189230 3666222 20523008 58540 9 12 0 0 372.857971191 8.584000000
0.080688 0.080582 0.080192 48 17407823 25400800 3244512 22156288 953434 10 10 0 1 257.673339844 5.648000000
0.106839 0.106738 0.045666 52 52836534 16046914 5447490 10599424 631931 8 13 0 2 311.449279785 6.711000000
0.000000 0.000000 0.000000 49 19698463 0 0 0 0 0 0 0 0 281.907043457 5.877000000
0.000106 0.000106 0.000000 18 21868313 4865 4865 0 0 0 1 0 0 327.266235352 7.749000000
