"Validation time(S)" "Validation time(S) CPU" "Validation time(S) GPU" "Commits" "Aborts" "Val Reads" "CPU Val Reads" "GPU Val Reads" "Wasted Val Reads" "GPU employment times" "Val success" "Val fail" "Snapshot ext. calls" "Energy (J)" "Time(S)"
0.000000 0.000000 0.000000 27 19406280 0 0 0 0 0 0 0 0 321.026916504 7.963000000
0.026896 0.026848 0.026651 51 12941873 7679966 944094 6735872 23269 4 7 0 0 324.837036133 8.569000000
0.000014 0.000002 0.000000 47 26981179 88 88 0 0 0 2 0 0 389.671020508 8.990000000
0.015029 0.014997 0.014882 47 21057715 4010819 552771 3458048 8136 3 5 0 1 331.257324219 8.023000000
0.042142 0.042055 0.041790 40 19289872 12631678 1615486 11016192 165297 7 7 0 2 285.501708984 5.843000000
0.000000 0.000000 0.000000 22 22846879 0 0 0 0 0 0 0 0 361.438598633 8.775000000
0.026794 0.026720 0.026475 34 20378580 8259144 1061448 7197696 823471 6 4 0 3 327.083129883 7.969000000
0.034347 0.034294 0.034098 37 24571034 10472282 1156954 9315328 143780 5 5 0 1 311.862487793 7.834000000
0.025466 0.025420 0.025300 34 41680217 7412106 878986 6533120 14005 4 4 0 0 370.929870605 8.758000000
0.027186 0.027160 0.027052 14 19851541 8276054 1022038 7254016 10665 2 3 0 0 225.634765625 5.558000000
1.223199 1.223105 0.000077 27 14053996 7185158 7173894 11264 6653 2 4 0 1 489.418029785 11.967000000
0.031021 0.030970 0.030793 22 28619399 9397323 1163339 8233984 14885 4 7 0 0 241.802368164 5.744000000
0.016018 0.015963 0.015744 55 25854125 4879611 678139 4201472 835378 6 4 0 4 419.454040527 9.782000000
0.073071 0.073023 0.012209 8 8682051 7384221 4061341 3322880 16557 3 4 0 0 287.717437744 6.773000000
1.017819 1.017665 0.045954 33 14533354 16952318 5215230 11737088 38784 7 10 0 0 370.231628418 9.251000000
0.018140 0.018118 0.017686 46 28892563 5445703 737351 4708352 9528 2 5 0 0 408.772583008 8.793000000
0.074845 0.074736 0.074377 68 24757175 22133678 2737070 19396608 301540 10 12 0 1 372.462463379 8.690000000
0.000232 0.000216 0.000145 48 18455001 46992 24464 22528 23498 2 1 0 2 274.493408203 5.602000000
0.028739 0.028676 0.028475 36 16847124 8499834 1054330 7445504 98179 5 4 0 1 376.422424316 9.774000000
0.014697 0.014675 0.014579 69 22310071 4474013 587933 3886080 10817 2 3 0 0 320.259399414 7.976000000
0.000000 0.000000 0.000000 14 24222501 0 0 0 0 0 0 0 0 373.807067871 8.695000000
0.054133 0.054053 0.053708 35 45554968 14505615 2250383 12255232 643030 8 6 0 2 391.861572266 9.223000000
0.017550 0.017532 0.017458 28 21355889 4706545 640241 4066304 13815 2 2 0 0 328.103942871 8.039000000
0.082957 0.082864 0.082468 64 21919936 24731009 3047809 21683200 40944 9 10 0 0 317.446289062 7.638000000
0.020391 0.020369 0.020297 47 19827179 6314611 795251 5519360 8240 2 2 0 0 324.557189941 7.807000000
0.000000 0.000000 0.000000 69 21969809 0 0 0 0 0 0 0 0 309.731140137 7.750000000
0.000000 0.000000 0.000000 23 22739974 0 0 0 0 0 0 0 0 307.543029785 6.567000000
0.048612 0.048544 0.048313 25 38685305 13572807 1937095 11635712 30077 6 7 0 0 334.190368652 6.497000000
0.024845 0.024819 0.024736 19 23528392 6704891 926459 5778432 19983 2 2 0 0 361.759338379 8.657000000
0.013096 0.013070 0.012992 55 31368820 3731136 453312 3277824 110307 2 1 0 1 374.513549805 8.904000000
