"Validation time(S)" "Validation time(S) CPU" "Validation time(S) GPU" "Commits" "Aborts" "Val Reads" "CPU Val Reads" "GPU Val Reads" "Wasted Val Reads" "GPU employment times" "Val success" "Val fail" "Snapshot ext. calls" "Energy (J)" "Time(S)"
0.028030 0.027993 0.027811 45 52215244 8619223 1263831 7355392 14766 3 4 0 0 289.909973145 5.477000000
0.040884 0.040809 0.040536 27 17192939 13146405 1735973 11410432 471094 5 11 0 1 499.358520508 13.826000000
0.017442 0.017418 0.017308 45 19202696 5354614 691318 4663296 8527 2 5 0 0 273.481140137 5.884000000
1.158166 1.158013 0.038603 97 18894411 15789422 6034798 9754624 705501 9 13 0 2 449.333496094 9.865000000
0.050436 0.050366 0.050105 27 23770528 17246275 2253891 14992384 526704 6 5 0 1 429.333190918 11.963000000
0.000000 0.000000 0.000000 18 13861913 0 0 0 0 0 0 0 0 344.004516602 11.522000000
0.026615 0.026568 0.026393 47 41950420 7581229 935469 6645760 390843 5 5 0 1 293.203125000 5.834000000
1.242784 1.242658 0.035524 47 18518255 17929398 8456374 9473024 23956 6 10 0 1 516.869506836 11.510000000
0.029391 0.029357 0.029207 21 26840791 8375793 1200625 7175168 1962 3 4 0 1 311.806030273 7.559000000
0.000000 0.000000 0.000000 43 18570804 0 0 0 0 0 0 0 0 305.390625000 7.661000000
0.019539 0.019505 0.019351 5 8624300 7575925 896373 6679552 10737 2 4 0 0 256.587829590 6.703000000
0.000028 0.000027 0.000000 34 19385384 1530 1530 0 0 0 2 0 0 316.090698242 7.698000000
0.013803 0.013791 0.013713 41 18860989 3604912 518576 3086336 3109 1 4 0 0 350.361633301 8.958000000
0.043494 0.043429 0.043195 41 10346325 12610809 1831161 10779648 38161 6 8 0 0 298.343811035 8.541000000
0.015219 0.015198 0.014969 18 8533457 4335490 528258 3807232 15442 2 6 0 0 278.497314453 7.422000000
0.000188 0.000172 0.000084 37 25881996 30837 19573 11264 20084 1 5 0 1 350.769958496 8.840000000
0.034726 0.034687 0.034545 23 21015737 11200789 1829141 9371648 25045 4 4 0 0 353.062744141 8.501000000
0.060531 0.060459 0.060174 20 24346342 17270004 2345204 14924800 27290 7 8 0 0 254.272766113 5.724000000
0.015385 0.015366 0.015240 50 22683287 4417383 531303 3886080 0 2 3 0 0 343.276367188 8.158000000
0.048815 0.048739 0.048460 27 24274193 14049057 2120481 11928576 31718 6 8 0 0 295.939025879 5.912000000
0.052242 0.052175 0.051782 86 22604934 14888795 1800027 13088768 24219 6 10 0 0 272.905578613 5.504000000
0.025887 0.025851 0.025717 25 19836716 7637741 1138413 6499328 182787 3 4 0 1 298.307495117 8.097000000
0.000010 0.000008 0.000000 51 27544924 1004 1004 0 0 0 3 0 0 376.804504395 8.800000000
0.028649 0.028607 0.028461 40 19621162 8070224 1165392 6904832 270348 4 3 0 1 310.869750977 7.425000000
0.036127 0.036059 0.035849 14 21902500 12428850 2268722 10160128 537468 5 3 0 2 381.195373535 9.044000000
0.000025 0.000025 0.000000 41 20298599 986 986 0 0 0 1 0 0 308.568420410 7.438000000
0.043335 0.043294 0.043160 32 18957665 14313846 2419062 11894784 12263 4 4 0 0 340.385437012 8.765000000
0.040946 0.040898 0.040719 39 11535362 12452298 1560010 10892288 36145 5 7 0 0 276.369628906 8.152000000
0.016968 0.016939 0.016823 70 32450765 4857851 600059 4257792 9875 2 7 0 0 305.411376953 7.855000000
0.085855 0.085779 0.085377 51 57026991 27029864 4096360 22933504 36503 8 10 0 0 412.071533203 9.412000000
0.986688 0.986607 0.000657 49 20853234 3809616 3640656 168960 1360093 2 3 0 1 417.759704590 8.001000000
0.012974 0.012949 0.012749 33 22599018 3707302 452006 3255296 2664 1 3 0 0 338.999023438 7.067000000
0.000000 0.000000 0.000000 46 22689610 0 0 0 0 0 0 0 0 331.699218750 7.929000000
0.020295 0.020272 0.020191 16 21091975 5961579 678763 5282816 9867 2 3 0 0 326.394958496 7.708000000
0.044556 0.044495 0.044288 32 32289546 13281255 1623015 11658240 19802 6 7 0 0 309.285583496 6.508000000
0.044105 0.044028 0.043673 67 25255476 12765247 1816639 10948608 234749 6 8 0 2 291.860351562 5.928000000
0.043680 0.043628 0.043433 34 26371961 12994228 1561268 11432960 643116 5 6 0 1 259.828948975 5.240000000
0.039841 0.039790 0.039654 43 28049061 10552820 1507828 9044992 2476082 4 3 0 1 412.925720215 9.214000000
0.016198 0.016180 0.016108 80 20622026 4549831 573639 3976192 12362 2 2 0 0 342.065734863 8.765000000
0.027831 0.027789 0.027649 57 15382119 8344571 1056763 7287808 25360 4 4 0 0 315.122680664 8.294000000
0.000498 0.000477 0.000424 62 21325869 126340 36228 90112 616688 2 2 0 2 323.376159668 7.801000000
0.014353 0.014332 0.014203 85 19966087 4375210 624298 3750912 1559 1 6 0 0 339.514465332 8.405000000
0.013637 0.013599 0.013439 27 9183772 3837365 570805 3266560 343223 3 6 0 1 293.067321777 7.971000000
0.000000 0.000000 0.000000 27 20596523 0 0 0 0 0 0 0 0 309.346923828 7.529000000
0.019076 0.019045 0.018918 11 22129007 7323628 1128428 6195200 552678 3 2 0 1 348.428955078 8.261000000
0.012485 0.012459 0.012367 19 8546086 3870895 480431 3390464 1684 2 5 0 0 291.669616699 7.921000000
0.025439 0.025410 0.025067 41 20788527 7272953 908793 6364160 10533 3 3 0 0 286.445617676 5.960000000
0.043280 0.043229 0.042968 26 20285648 15015723 2028331 12987392 356056 5 7 0 1 347.110595703 8.105000000
0.019367 0.019335 0.019164 43 26129302 7568304 1114032 6454272 80877 3 4 0 1 350.067138672 7.532000000
0.035845 0.035808 0.035688 19 57612931 11812414 1911358 9901056 14253 3 3 0 0 300.028533936 6.166000000
