"Validation time(S)" "Validation time(S) CPU" "Validation time(S) GPU" "Commits" "Aborts" "Val Reads" "CPU Val Reads" "GPU Val Reads" "Wasted Val Reads" "GPU employment times" "Val success" "Val fail" "Snapshot ext. calls" "Energy (J)" "Time(S)"
0.054659 0.054595 0.054351 35 12373978 16068665 1966137 14102528 36636 6 10 0 0 285.762329102 6.103000000
0.051719 0.051669 0.051503 31 21494402 17807575 2567383 15240192 15411 5 7 0 0 332.367858887 7.969000000
1.175048 1.174935 0.029035 33 31862592 15959459 8209827 7749632 56877 6 10 0 2 490.156250000 10.682000000
0.015554 0.015529 0.015426 65 21955184 4420075 545259 3874816 15365 2 3 0 0 285.345764160 5.679000000
0.000175 0.000158 0.000081 50 41852813 28220 16956 11264 119118 1 3 0 3 326.241760254 8.514000000
0.016675 0.016637 0.016497 26 15371479 4351002 667674 3683328 621133 4 4 0 2 279.327697754 6.370000000
0.042823 0.042740 0.042187 59 4929557 11532512 1541344 9991168 29724 6 15 0 0 301.168212891 8.663000000
0.038976 0.038927 0.038747 35 21074132 11319206 1665958 9653248 13611 4 4 0 0 307.899780273 7.403000000
0.000000 0.000000 0.000000 71 20742492 0 0 0 0 0 0 0 0 314.146118164 7.611000000
0.076870 0.076788 0.076476 47 53038701 21925196 3080524 18844672 25933 8 9 0 0 288.129272461 5.600000000
0.067465 0.067380 0.067066 26 23340086 20157363 2540467 17616896 4380119 8 8 0 1 360.577697754 8.917000000
0.000000 0.000000 0.000000 47 25500506 0 0 0 0 0 0 0 0 334.810485840 6.653000000
0.015108 0.015081 0.014999 18 25195330 4589065 612873 3976192 8520 2 2 0 0 345.276184082 6.725000000
0.065413 0.065322 0.064969 43 22552552 19212869 2722373 16490496 49185 9 9 0 0 363.421630859 8.828000000
0.076242 0.076109 0.075582 56 44582427 21913290 3158730 18754560 542301 10 14 0 1 291.917419434 5.964000000
0.114399 0.114205 0.113564 92 20859359 32355121 4555569 27799552 1057502 17 16 0 4 290.320739746 5.722000000
0.033047 0.032995 0.032822 34 35042840 9303174 1440902 7862272 13895 4 5 0 0 281.169738770 5.719000000
0.041801 0.041746 0.041565 27 26927115 11205728 1575008 9630720 279544 5 5 0 1 372.973022461 8.698000000
0.049871 0.049819 0.049631 35 35534583 14072930 2121826 11951104 29433 5 5 0 1 371.005249023 8.778000000
0.028626 0.028571 0.028355 36 13696346 8460261 1082341 7377920 185388 4 7 0 1 302.738037109 6.587000000
0.071555 0.071464 0.071158 38 49452761 21998272 2826944 19171328 3986397 8 8 0 1 316.326904297 6.677000000
0.042267 0.042206 0.041994 45 30031207 13479293 2316669 11162624 3333309 6 6 0 1 324.871215820 7.716000000
0.000001 0.000001 0.000000 14 20722660 23 23 0 0 0 1 0 0 315.207214355 7.391000000
0.000021 0.000017 0.000000 35 21927446 1026 1026 0 0 0 4 0 0 376.360778809 8.869000000
0.026593 0.026535 0.026261 78 41810743 7188698 914650 6274048 481311 5 5 0 3 344.875793457 6.643000000
0.028418 0.028368 0.028155 31 38384855 8223703 1003479 7220224 148407 5 4 0 1 315.196533203 7.433000000
0.028470 0.028445 0.028332 21 26770901 7991797 1109493 6882304 4699 2 4 0 0 336.089172363 8.173000000
0.000000 0.000000 0.000000 33 43349330 0 0 0 0 0 0 0 0 329.612731934 7.873000000
0.041467 0.041401 0.041177 40 30975951 12027705 1315641 10712064 37150 6 5 0 2 350.546875000 6.905000000
0.013276 0.013239 0.013121 41 32676033 3736239 469679 3266560 163891 3 5 0 1 424.720764160 9.192000000
