"Validation time(S)" "Validation time(S) CPU" "Validation time(S) GPU" "Commits" "Aborts" "Val Reads" "CPU Val Reads" "GPU Val Reads" "Wasted Val Reads" "GPU employment times" "Val success" "Val fail" "Snapshot ext. calls" "Energy (J)" "Time(S)"
0.152471 0.152412 0.043092 137 5177805 12019793 1927249 10092544 10757 4 11 0 0 1052.884063721 22.383000000
0.122595 0.122554 0.012766 57 58199730 3796296 800072 2996224 41105 3 6 0 1 1003.798828125 20.520000000
0.157793 0.157721 0.047964 46 57997051 15182212 2476420 12705792 515216 6 7 0 1 1013.848571777 20.302000000
0.124391 0.124353 0.014121 98 41560048 4047036 870588 3176448 247823 3 5 0 1 1163.808746338 25.332000000
0.141057 0.141005 0.032749 80 61457723 10035781 1756741 8279040 16052 4 8 0 1 1221.125488281 26.940000000
0.112320 0.112307 0.000000 52 49418003 306234 306234 0 0 0 4 0 0 1040.260009766 22.658000000
0.134330 0.134275 0.025216 48 57018111 7505650 1186546 6319104 13762 4 6 0 2 1040.338745117 22.829000000
0.110347 0.110345 0.000000 34 63654267 305193 305193 0 0 0 1 0 0 1096.793823242 23.773000000
0.140514 0.140452 0.030770 70 49696702 9464812 1444844 8019968 294766 5 6 0 1 1096.057128906 23.002000000
0.139443 0.139385 0.029336 46 25890529 9485238 1499062 7986176 369887 5 5 0 2 1093.992919922 22.917000000
0.125187 0.125131 0.014828 68 61253742 5060874 926986 4133888 61694 3 6 0 1 1076.109924316 22.916000000
0.166606 0.166510 0.055949 58 70522330 17193526 2426422 14767104 358621 9 8 0 3 1034.063415527 20.667000000
0.109304 0.109292 0.000000 164 47807439 305201 305201 0 0 0 1 0 0 1186.108093262 24.683000000
0.176243 0.176157 0.066747 69 14507423 19091186 3130098 15961088 267662 7 12 0 1 956.779479980 20.606000000
0.109851 0.109840 0.000079 146 75576 329345 318081 11264 31100 1 2 0 1 1032.700195312 20.899000000
0.110860 0.110844 0.000078 88 137 339501 328237 11264 125449 1 6 0 2 1066.687622070 23.053000000
0.177855 0.177719 0.067855 59 62672819 21635838 3016446 18619392 753824 12 12 0 4 1179.285888672 24.217000000
0.199954 0.199843 0.090062 157 16362134 27869503 3742015 24127488 585043 10 11 0 1 1054.692382812 22.631000000
0.109297 0.109294 0.000000 74 17515269 305196 305196 0 0 0 1 0 0 1052.521057129 21.376000000
0.109603 0.109601 0.000000 64 49756791 305192 305192 0 0 0 1 0 0 1107.327575684 23.257000000
0.122702 0.122677 0.013589 103 19856219 4012992 802752 3210240 4181 1 3 0 0 1013.085327148 20.724000000
0.125371 0.125349 0.014826 82 45895128 4669907 941523 3728384 7151 1 3 0 0 1157.937316895 23.475000000
0.168273 0.168163 0.057678 116 100201093 17142565 2713381 14429184 1141612 9 11 0 3 1132.877807617 23.431000000
0.137681 0.137616 0.027848 100 36738353 8860186 1279514 7580672 115704 5 10 0 1 1128.075561523 24.305000000
0.110130 0.110129 0.000000 55 10024713 305207 305207 0 0 0 2 0 0 1080.349121094 23.411000000
0.109740 0.109726 0.000000 80 50237225 305195 305195 0 0 0 1 0 0 1054.546203613 23.041000000
0.124776 0.124716 0.015180 121 40912185 4850168 975352 3874816 152349 3 3 0 2 1131.202392578 23.780000000
0.145861 0.145813 0.035996 84 6805596 11154990 1681966 9473024 112021 5 6 0 1 1048.966064453 22.702000000
0.140076 0.140016 0.030262 77 51665702 9232992 1641056 7591936 31052 5 6 0 1 1060.772399902 22.766000000
0.125545 0.125512 0.015354 132 14914491 5180648 934120 4246528 668910 3 4 0 1 1087.816467285 22.684000000
0.140309 0.140260 0.030581 43 58412532 9008947 1518387 7490560 3139 3 5 0 0 1013.577575684 20.738000000
0.136099 0.136024 0.026925 100 30265533 9072711 1446983 7625728 1392601 6 11 0 2 1140.853576660 24.223000000
0.167152 0.167064 0.055651 166 7108118 15792131 2556931 13235200 838545 7 10 0 1 1040.008544922 21.268000000
0.147661 0.147600 0.037862 50 41146331 13757481 2313257 11444224 272349 4 7 0 1 1156.780090332 23.933000000
0.151361 0.151301 0.040156 32 37087361 14851767 2866871 11984896 2866067 4 9 0 2 1036.230468750 23.023000000
0.109594 0.109585 0.000000 120 9464236 313624 313624 0 0 0 4 0 1 1068.990478516 22.601000000
0.163914 0.163849 0.053846 92 13331429 15264431 2389679 12874752 19897 6 12 0 0 1045.625915527 22.539000000
0.175636 0.175498 0.064892 117 44990766 20491752 2750952 17740800 590154 12 22 0 1 1051.219787598 23.473000000
0.192214 0.192031 0.078959 100 45066817 23708045 3196301 20511744 1220389 16 14 0 3 1044.342041016 22.368000000
0.179193 0.179104 0.070165 32 30997340 26193865 4082633 22111232 452140 8 10 0 1 933.708190918 20.795000000
