"Validation time(S)" "Validation time(S) CPU" "Validation time(S) GPU" "Commits" "Aborts" "Val Reads" "CPU Val Reads" "GPU Val Reads" "Wasted Val Reads" "GPU employment times" "Val success" "Val fail" "Snapshot ext. calls" "Energy (J)" "Time(S)"
0.137418 0.137354 0.026945 74 46603074 7998323 1284979 6713344 250810 5 5 0 1 1089.228210449 23.100000000
0.137685 0.137620 0.026860 144 17450461 7596754 1322706 6274048 479422 5 7 0 2 1027.997131348 23.402000000
0.109370 0.109370 0.000000 110 2 305197 305197 0 0 0 1 0 0 1055.567321777 22.670000000
0.140854 0.140804 0.030991 203 7766646 9136009 1397641 7738368 12130 3 6 0 0 1045.426635742 21.119000000
0.126147 0.126128 0.016018 6 69819996 4862918 864198 3998720 13645 2 3 0 0 1071.818847656 22.730000000
0.204560 0.204384 0.094660 134 21298011 28642536 3850472 24792064 1466432 14 14 0 3 1071.047668457 22.565000000
0.155586 0.155500 0.045180 150 7279598 12545480 2160072 10385408 582232 7 8 0 1 1127.269592285 23.728000000
0.109276 0.109274 0.000000 54 46948289 305196 305196 0 0 0 1 0 0 1112.131042480 23.709000000
0.206497 0.206324 0.095958 45 24108630 28857794 4662722 24195072 639394 14 14 0 4 1144.274291992 30.705000000
0.125286 0.125264 0.014764 82 2697922 4843349 912213 3931136 10775 2 3 0 0 1059.175720215 22.314000000
0.124217 0.124193 0.014137 84 3 4369319 809895 3559424 8361 2 3 0 0 1111.194763184 23.015000000
0.197486 0.197361 0.087893 57 31229896 29163228 4168412 24994816 479122 11 15 0 2 1072.174682617 22.981000000
0.145646 0.145595 0.036104 45 39033680 11450978 1673826 9777152 29134 4 7 0 0 957.298278809 20.733000000
0.119270 0.119228 0.009936 128 21722196 3539995 735259 2804736 464998 3 5 0 1 1087.051391602 21.480000000
0.109564 0.109563 0.000000 88 21023750 305198 305198 0 0 0 1 0 0 1039.473266602 21.075000000
0.190212 0.190105 0.080171 70 56920688 23068900 3503332 19565568 1228165 10 11 0 2 1082.973937988 22.290000000
0.105804 0.105759 0.034655 132 24267623 11009980 1627068 9382912 9834 4 8 0 0 1057.823181152 22.716000000
0.110014 0.110001 0.000000 110 33334746 305198 305198 0 0 0 1 0 0 1159.397583008 24.637000000
0.123074 0.123045 0.013643 131 7847670 4032926 822686 3210240 10187 2 4 0 0 1144.210357666 23.857000000
0.125902 0.125866 0.015449 101 43363331 5037200 937104 4100096 163074 3 5 0 1 1191.925964355 25.165000000
0.133627 0.133593 0.024013 78 52183520 6862350 1207822 5654528 119276 3 3 0 1 1041.227722168 22.902000000
0.157490 0.157424 0.047578 136 9580154 15805329 2389905 13415424 3161848 6 8 0 2 1078.805236816 22.459000000
0.109315 0.109300 0.000000 124 1 306245 306245 0 0 0 3 0 0 1066.228942871 23.016000000
0.167409 0.167304 0.057021 65 44615962 18040251 2462139 15578112 693917 9 12 0 2 1111.493530273 22.926000000
0.154209 0.154159 0.043822 96 28116751 14729165 2271181 12457984 25062 5 8 0 0 1065.644531250 22.538000000
0.176368 0.176278 0.066251 98 17859221 19916895 3516511 16400384 155150 8 10 0 1 1092.250671387 22.613000000
0.128681 0.128661 0.019112 38 30719627 7580113 1441233 6138880 422231 2 3 0 1 1109.439849854 23.431000000
0.122811 0.122790 0.012931 133 3076815 4015054 771022 3244032 10748 2 7 0 0 1113.632202148 23.477000000
0.109241 0.109229 0.000000 87 22294458 311313 311313 0 0 0 4 0 0 1058.679199219 22.616000000
0.156161 0.156052 0.045865 35 56205834 15695883 2134027 13561856 363942 9 12 0 3 1059.277648926 23.052000000
0.163798 0.163736 0.053611 77 6332988 17161887 2732703 14429184 31077 6 7 0 0 1035.751647949 24.153000000
0.177714 0.177623 0.067852 66 50961062 22706532 3377508 19329024 862625 8 13 0 2 1205.225524902 27.917000000
0.108975 0.108963 0.000000 45 55926359 305197 305197 0 0 0 1 0 0 1123.249664307 23.078000000
0.124261 0.124230 0.014465 119 4481151 5016921 928089 4088832 8683 2 6 0 0 1094.363403320 22.811000000
0.152289 0.152229 0.042546 77 46825395 12379585 2005441 10374144 19737 5 7 0 0 1096.682434082 23.134000000
0.125151 0.125126 0.014606 155 1924 4816524 907916 3908608 21027 2 4 0 0 1105.641174316 23.534000000
0.110923 0.110912 0.000988 107 762497 571048 357032 214016 106584 1 1 0 1 1133.784179688 23.782000000
0.204364 0.204228 0.094006 142 21941036 26851622 3985702 22865920 58194 12 14 0 0 1179.483032227 28.482000000
0.227025 0.226854 0.117005 71 50314425 35890809 4858489 31032320 72007 15 20 0 0 1347.075500488 29.990000000
0.140051 0.139974 0.031203 67 70660875 9841195 1528363 8312832 41402 5 6 0 1 980.283813477 21.014000000
