"Validation time(S)" "Validation time(S) CPU" "Validation time(S) GPU" "Commits" "Aborts" "Val Reads" "CPU Val Reads" "GPU Val Reads" "Wasted Val Reads" "GPU employment times" "Val success" "Val fail" "Snapshot ext. calls" "Energy (J)" "Time(S)"
0.161014 0.160951 0.051279 126 25904007 16211658 2773706 13437952 22449 6 10 0 0 1052.227478027 23.604000000
0.123220 0.123155 0.013461 100 19304556 4762585 887769 3874816 124871 4 6 0 2 1010.494995117 20.634000000
0.160414 0.160328 0.050383 72 8614317 17101967 2357391 14744576 17868 6 14 0 0 904.066467285 21.109000000
0.143300 0.143237 0.032158 104 38314994 11529367 1864855 9664512 179810 5 9 0 2 1082.915649414 23.501000000
0.161362 0.161268 0.050507 85 47733712 16251050 2351274 13899776 143815 8 11 0 1 1071.650695801 22.701000000
0.155364 0.155269 0.045995 73 59057878 12922890 2041866 10881024 792421 8 7 0 3 1004.107055664 20.829000000
0.141465 0.141421 0.031685 62 51895425 9606027 1687435 7918592 1361837 4 5 0 1 1147.867126465 23.867000000
0.126299 0.126283 0.013325 74 55466 3896456 787592 3108864 3503 1 2 0 0 1131.554260254 24.089000000
0.123401 0.123370 0.012788 132 7304529 4080701 757821 3322880 519168 3 4 0 1 1067.024230957 21.996000000
0.181744 0.181624 0.070828 106 47213256 21811255 2842679 18968576 21955 8 13 0 0 1074.937133789 23.157000000
0.121925 0.121907 0.012383 71 9892476 3933018 734042 3198976 12216 2 3 0 0 1101.034240723 23.003000000
0.180839 0.180707 0.070303 84 38055521 21844827 3056475 18788352 620431 10 17 0 1 1150.798797607 23.991000000
0.108769 0.108761 0.000000 111 2029956 305196 305196 0 0 0 1 0 0 1055.335083008 22.531000000
0.109690 0.109679 0.000087 69 10322493 324883 313619 11264 35510 1 2 0 1 1093.589172363 22.887000000
0.109054 0.109039 0.000000 81 27194989 306180 306180 0 0 0 2 0 0 1104.033508301 23.465000000
0.130549 0.130524 0.020641 18 54276939 7086577 1127921 5958656 2537 2 3 0 0 1014.090881348 20.327000000
0.130355 0.130313 0.020002 110 26792370 7550328 1580408 5969920 2471 2 4 0 0 1090.213317871 22.651000000
0.110094 0.110081 0.000000 135 44208927 306186 306186 0 0 0 2 0 0 1066.698608398 22.405000000
0.137738 0.137708 0.027355 88 4528743 9261950 1410942 7851008 7048 2 7 0 0 1127.923583984 23.994000000
0.137735 0.137683 0.027695 80 20918463 9171299 1320291 7851008 2480709 4 5 0 1 1055.562896729 21.044000000
0.137133 0.137109 0.027114 72 2655633 11110557 1851549 9259008 0 2 3 0 0 1129.775085449 23.605000000
0.162695 0.162606 0.053241 44 27466955 18012538 2603386 15409152 256727 7 10 0 1 1043.617553711 22.450000000
0.151076 0.151001 0.041628 115 29271346 13288398 1956814 11331584 61513 6 9 0 1 1169.415130615 28.138000000
0.132064 0.132042 0.022487 86 22556012 6845127 1077959 5767168 13418 2 3 0 0 1162.046508789 23.622000000
0.127127 0.127068 0.017434 172 24694374 5786908 1123612 4663296 278643 3 7 0 1 1021.130676270 22.618000000
0.163162 0.163078 0.052952 87 24950141 18527386 3208346 15319040 186479 6 10 0 1 1038.797912598 23.160000000
0.158872 0.158808 0.049108 68 38143318 15419537 2646161 12773376 19481 4 7 0 0 1049.699096680 22.938000000
0.109871 0.109870 0.000000 133 3 306117 306117 0 0 0 2 0 0 1127.163085938 23.456000000
0.144594 0.144540 0.034331 73 54040264 11500254 2139870 9360384 30726 4 7 0 0 999.250640869 20.556000000
0.151371 0.151284 0.042052 101 34513208 13920588 1901900 12018688 423855 7 10 0 1 990.296630859 22.888000000
0.108685 0.108683 0.000000 36 75488019 305197 305197 0 0 0 1 0 0 1055.542297363 21.089000000
0.109864 0.109862 0.000000 51 58828949 306198 306198 0 0 0 3 0 0 1060.711364746 22.849000000
0.137272 0.137204 0.027794 84 24848020 9529122 1464098 8065024 29158 4 11 0 0 1013.495178223 23.449000000
0.183505 0.183423 0.073432 66 77142255 23504054 4253878 19250176 395784 7 8 0 2 1096.972961426 23.228000000
0.187997 0.187892 0.077959 51 45345883 21805902 3299150 18506752 753292 9 13 0 3 1010.980834961 22.623000000
0.151925 0.151883 0.040143 92 13229428 13452254 2492382 10959872 143850 4 5 0 1 1000.940551758 20.323000000
0.170788 0.170677 0.060800 90 34707557 17735160 2787832 14947328 446393 9 14 0 2 1086.679992676 23.505000000
0.109719 0.109705 0.000000 105 23614060 305221 305221 0 0 0 2 0 0 1062.659912109 22.710000000
0.205777 0.205649 0.095346 119 21926834 28035458 4223362 23812096 141593 11 12 0 1 1094.787292480 23.062000000
0.142375 0.142336 0.032872 73 35149844 11834617 1978617 9856000 10357 3 4 0 0 1066.570739746 22.750000000
