"Validation time(S)" "Commits" "Aborts" "Val Reads" "Val success" "Val fail" "Energy (J)" "Time(S)"
0.003591 87382 0 2184534 87382 0 390.907349 15.604983091
0.003772 87382 0 2184534 87382 0 384.015198 15.313616037
0.00372 87382 0 2184534 87382 0 389.696960 15.526206970
0.003494 87382 0 2184534 87382 0 384.495972 15.298390865
0.003605 87382 0 2184534 87382 0 383.375916 15.287404060
0.003653 87382 0 2184534 87382 0 396.864624 15.821071148
0.003616 87382 0 2184534 87382 0 395.178955 15.756414890
0.003632 87382 0 2184534 87382 0 386.610413 15.415427923
0.003746 87382 0 2184534 87382 0 393.320068 15.651811838
0.003582 87382 0 2184534 87382 0 391.130676 15.604428053
