"Validation time(S)" "Commits" "Aborts" "Val Reads" "Val success" "Val fail" "Energy (J)" "Time(S)"
7.8e-05 2731 0 35499 2731 0 0.148193 0.005295992
4.4e-05 2731 0 35499 2731 0 0.146667 0.005291939
0.000123 2731 0 35499 2731 0 0.147705 0.005301952
5.5e-05 2731 0 35499 2731 0 0.173096 0.005322933
5e-05 2731 0 35499 2731 0 0.148499 0.005300045
0.000129 2731 0 35499 2731 0 0.150085 0.005285025
9.2e-05 2731 0 35499 2731 0 0.149109 0.005311012
8.6e-05 2731 0 35499 2731 0 0.172119 0.005320072
6.2e-05 2731 0 35499 2731 0 0.151123 0.005290031
7.1e-05 2731 0 35499 2731 0 0.147400 0.005340099
