"Validation time(S)" "Commits" "Aborts" "Val Reads" "Val success" "Val fail" "Energy (J)" "Time(S)"
0.000746 21846 0 415062 21846 0 2.984009 0.115533113
0.000761 21846 0 415062 21846 0 3.035278 0.115901947
0.000775 21846 0 415062 21846 0 2.977173 0.115323067
0.000775 21846 0 415062 21846 0 3.003174 0.115689993
0.000757 21846 0 415062 21846 0 3.008545 0.115893841
0.000778 21846 0 415062 21846 0 2.979370 0.115387917
0.000737 21846 0 415062 21846 0 3.037781 0.115498066
0.000806 21846 0 415062 21846 0 2.983154 0.115524054
0.000783 21846 0 415062 21846 0 2.989136 0.115572929
0.000743 21846 0 415062 21846 0 3.033447 0.115372896
