"Validation time(S)" "Commits" "Aborts" "Val Reads" "Val success" "Val fail" "Energy (J)" "Time(S)"
0.000548 1020 0 184532 1019 0 928.254150 37.245887995
0.00052 1020 0 184532 1019 0 922.562683 36.844700813
0.000536 1020 0 184532 1019 0 925.980347 37.031318903
0.000543 1020 0 184532 1019 0 924.884216 36.902343035
0.000527 1020 0 184532 1019 0 924.646484 36.901485920
0.000546 1020 0 184532 1019 0 949.963135 38.077403069
0.000564 1020 0 184532 1019 0 921.045837 36.780714989
0.00054 1020 0 184532 1019 0 924.914062 36.983983994
0.000549 1020 0 184532 1019 0 920.804199 36.772763014
0.000563 1020 0 184532 1019 0 920.636169 36.763950109
