"Validation time(S)" "Commits" "Aborts" "Val Reads" "Val success" "Val fail" "Energy (J)" "Time(S)"
1.03045 100000000 0 583883535 9999622 0 663.653564 24.825197935
1.10986 100000000 0 638952673 10001459 0 715.525879 26.758539915
1.09745 100000000 0 630207605 10003483 0 707.612549 26.469879150
1.12233 100000000 0 647338710 10001068 0 723.657959 27.070549011
1.13713 100000000 0 657550969 9999986 0 733.447327 27.442959070
1.16184 100000000 0 674531363 10000582 0 749.575378 28.034902096
1.18819 100000000 0 687869217 10000546 0 763.292236 28.557897091
1.04448 100000000 0 596741696 9999517 0 675.192932 25.252726078
1.21595 100000000 0 707104660 10001816 0 780.984070 29.216211081
1.18905 100000000 0 685848825 10000082 0 761.510498 28.480738163
