"Validation time(S)" "Commits" "Aborts" "Val Reads" "Val success" "Val fail" "Energy (J)" "Time(S)"
0.175636 25000000 0 69886491 1265658 0 433.608276 17.545386076
0.176013 25000000 0 69766714 1265124 0 436.533569 17.659731150
0.176105 25000000 0 69872985 1263906 0 434.060181 17.563614130
0.175238 25000000 0 69913714 1266827 0 435.415955 17.619433880
0.177329 25000000 0 69916479 1266525 0 434.772034 17.589917898
0.176394 25000000 0 69780973 1265307 0 435.862976 17.632611036
0.176503 25000000 0 69809481 1265777 0 438.972595 17.768155098
0.175344 25000000 0 69799481 1266829 0 434.127319 17.559885025
0.175723 25000000 0 69876844 1266789 0 434.792786 17.592558861
0.180068 25000000 0 69807336 1266495 0 438.669312 17.758533955
