"Validation time(S)" "Commits" "Aborts" "Val Reads" "Val success" "Val fail" "Energy (J)" "Time(S)"
0.683196 80000000 0 294536851 7997851 0 442.177673 16.544132948
0.72422 80000000 0 320267339 7999091 0 467.942505 17.500828028
0.681017 80000000 0 288145788 7999656 0 442.125854 16.594460011
0.671949 80000000 0 286553594 7998640 0 433.069031 16.208889961
0.704585 80000000 0 306146170 7999918 0 458.440369 17.166583061
0.712898 80000000 0 309593508 7999870 0 459.191467 17.225959063
0.695072 80000000 0 301795586 7997274 0 447.884399 16.838308811
0.712098 80000000 0 306476975 7999091 0 453.080750 16.976537943
0.682011 80000000 0 294407156 7999374 0 442.783691 16.564557076
0.737689 80000000 0 322876700 7998843 0 467.158142 17.471533060
