"Validation time(S)" "Commits" "Aborts" "Val Reads" "Val success" "Val fail" "Energy (J)" "Time(S)"
0.365263 22362279 0 22362302 22362279 0 308.094177 12.908023119
0.363971 22362279 0 22362302 22362279 0 307.584473 12.894859076
0.365476 22362279 0 22362302 22362279 0 307.830566 12.889978170
0.365952 22362279 0 22362302 22362279 0 304.911438 12.828280926
0.365681 22362279 0 22362302 22362279 0 307.178955 12.878473997
0.365587 22362279 0 22362302 22362279 0 308.208862 12.901164055
0.365556 22362279 0 22362302 22362279 0 308.557861 12.922870874
0.364986 22362279 0 22362302 22362279 0 305.292175 12.783641100
0.364999 22362279 0 22362302 22362279 0 313.009583 12.956042051
0.365815 22362279 0 22362302 22362279 0 307.329407 12.872147083
