"Validation time(S)" "Commits" "Aborts" "Val Reads" "Val success" "Val fail" "Energy (J)" "Time(S)"
0.3779 1000000 0 179123776 1000000 0 911.100891 37.884564161
0.37921 1000000 0 179123108 1000000 0 915.996155 37.968920946
0.378632 1000000 0 179122654 1000000 0 917.327393 38.027364969
0.37601 1000000 0 179122454 1000000 0 910.414307 37.835559130
0.374903 1000000 0 179123663 1000000 0 910.687805 37.881803036
0.377513 1000000 0 179121750 1000000 0 909.422180 37.861228943
0.377503 1000000 0 179120724 1000000 0 907.159119 37.907274961
0.376216 1000000 0 179122835 1000000 0 914.061035 37.887427807
0.375903 1000000 0 179122656 1000000 0 911.664612 37.882740021
0.375099 1000000 0 179122741 1000000 0 905.948486 37.855859041
