"Validation time(S)" "Commits" "Aborts" "Val Reads" "Val success" "Val fail" "Energy (J)" "Time(S)"
0.00335 4096 0 1538676 4096 0 1.100769 0.046600103
0.003376 4096 0 1538676 4096 0 1.085388 0.046638012
0.003336 4096 0 1538676 4096 0 1.128113 0.046499014
0.003358 4096 0 1538676 4096 0 1.094971 0.046453953
0.003355 4096 0 1538676 4096 0 1.107483 0.046582937
0.00333 4096 0 1538676 4096 0 1.088928 0.046441078
0.0034 4096 0 1538676 4096 0 1.131531 0.048807859
0.003357 4096 0 1538676 4096 0 1.112061 0.046645880
0.003364 4096 0 1538676 4096 0 1.121277 0.046464920
0.00335 4096 0 1538676 4096 0 1.092896 0.046401978
