"Validation time(S)" "Commits" "Aborts" "Val Reads" "Val success" "Val fail" "Energy (J)" "Time(S)"
0.000463 11267 252674 52496 4717 6056 0.362854 0.005609035
0.000458 11267 255023 56281 4868 6134 0.286560 0.004785061
0.000437 11267 233821 56922 4780 5853 0.317749 0.004790068
0.000455 11267 271870 55016 4790 6225 0.322083 0.005951881
0.000402 11267 269243 47812 4701 6222 0.296204 0.004613876
0.000525 11270 208194 78675 5431 5089 0.287964 0.004326820
0.000447 11267 242699 52449 4744 5648 0.309448 0.004731894
0.000431 11267 255781 53615 4711 6056 0.335327 0.004826069
0.000514 11267 229539 58460 4899 5978 0.285034 0.004776955
0.000535 11267 238573 57120 4781 6087 0.323975 0.004831076
0.000411 11267 265113 54355 4859 6095 0.315918 0.004884958
0.000463 11267 264399 47506 4547 6314 0.325500 0.005855083
0.000392 11267 255257 42734 4505 6122 0.277161 0.004977942
0.000433 11267 228604 60675 4732 5568 0.262939 0.004549980
0.000447 11267 261635 56257 4882 5836 0.303650 0.005465031
0.000474 11267 236801 54153 4858 6235 0.361511 0.005568981
0.000486 11267 254833 60309 4925 5879 0.360474 0.005604982
0.000455 11267 234796 57996 4845 5864 0.320923 0.004794836
0.000432 11267 293027 36320 4529 6756 0.373108 0.006088972
0.000436 11267 257530 55684 4915 5842 0.336304 0.004710913
0.000506 11267 247904 58972 4984 6010 0.285645 0.004972935
0.000478 11267 256748 50557 4720 6303 0.340698 0.005355835
0.00053 11267 260175 51554 4615 6238 0.334229 0.005156994
0.000449 11267 264894 47272 4494 6328 0.358154 0.005988121
0.000476 11267 250244 51296 4817 6429 0.338684 0.005836964
0.000431 11267 261516 45386 4540 6426 0.293091 0.004815102
0.000487 11267 247034 54344 4591 5916 0.349976 0.006057024
0.000422 11267 272244 43519 4557 6151 0.277527 0.004920006
0.000493 11267 228987 62749 5104 5760 0.332397 0.004880190
0.000467 11267 253943 54170 4795 6258 0.294373 0.004819870
0.000458 11270 248461 55248 4774 5989 0.323181 0.005685091
0.000457 11267 265578 50618 4714 5922 0.298645 0.005033016
0.000527 11270 232988 69464 5219 5599 0.312134 0.005358934
0.000396 11267 282927 43502 4704 6479 0.321411 0.005915880
0.000478 11267 239924 59699 4880 6096 0.315857 0.005500793
0.000536 11267 240627 68347 5175 5639 0.331055 0.005197048
0.000464 11267 232039 61271 5142 5958 0.329102 0.005506992
0.000465 11267 247107 53618 4808 6037 0.294128 0.004686832
0.000508 11270 250006 59802 4940 5938 0.331726 0.005712032
0.000487 11270 247605 52973 4825 6305 0.317078 0.005635023
0.000503 11267 243406 63899 5037 5864 0.331543 0.004565954
0.000402 11267 272065 43379 4599 6576 0.365662 0.005921841
0.0005 11267 242909 55927 4863 6009 0.305725 0.005608082
0.000453 11267 244513 54051 4699 6094 0.370972 0.006467819
0.000509 11270 233866 66443 5253 5788 0.323914 0.005579948
0.000445 11267 263536 46400 4628 6384 0.300232 0.005590916
0.000438 11267 261183 53074 4721 5887 0.312439 0.004979134
0.000416 11267 275092 44963 4625 6366 0.327881 0.004763126
0.000459 11267 263435 50123 4737 6224 0.321594 0.005481005
0.000387 11267 258767 44301 4416 6190 0.346375 0.005112171
0.000451 11267 235826 60288 4917 5868 0.316162 0.005854845
0.000432 11267 275266 52085 4783 6109 0.289001 0.004789829
0.000421 11267 260858 50434 4705 5870 0.278870 0.005089998
0.000485 11267 230830 63101 4957 5595 0.317932 0.004871130
0.000456 11267 260208 50742 5022 6381 0.363831 0.005759954
0.000463 11270 243864 60041 4947 5983 0.309021 0.005424976
0.000447 11267 261294 47311 4692 6338 0.330139 0.004796982
0.00048 11267 246197 63607 5094 5579 0.269836 0.004545927
0.000405 11267 232631 54541 4682 5681 0.320068 0.005151033
0.000484 11267 256556 55044 4979 6442 0.316589 0.005662918
0.000475 11270 281968 47041 4762 6487 0.305237 0.005185843
0.000531 11270 242063 71131 5139 5804 0.326965 0.004719973
0.000443 11267 251721 55539 4861 6182 0.281189 0.004733801
0.000444 11267 255373 52555 4674 5993 0.320496 0.005052090
0.000456 11267 263137 45205 4643 6507 0.360779 0.006036043
0.000512 11267 238192 55696 4725 6053 0.307983 0.005050898
0.000528 11267 248809 55807 4856 6241 0.350342 0.005784035
0.00046 11267 254843 54753 4741 6241 0.291016 0.004832029
0.000471 11267 240065 55507 4909 6185 0.333130 0.004734039
0.000465 11267 256970 61130 4881 5456 0.265503 0.004750013
0.000386 11267 287696 42320 4589 6675 0.290283 0.004992962
0.000498 11267 238289 57790 4934 5980 0.295105 0.004470825
0.000525 11267 226868 70383 5257 5630 0.295593 0.004794836
0.000554 11267 228809 63099 5129 5953 0.295410 0.005528927
0.000468 11267 236027 50700 4577 5864 0.311890 0.004967928
0.000469 11267 242590 49958 4901 6434 0.333435 0.005071163
0.000477 11267 253921 54778 4911 6161 0.356995 0.005532980
0.000413 11267 267206 44961 4713 6392 0.361450 0.005542040
0.000398 11267 261957 42185 4316 6138 0.327148 0.005208015
0.000417 11267 270989 45742 4577 6196 0.332336 0.004785776
0.000479 11267 254290 55286 4777 6163 0.368164 0.005359173
0.000452 11267 264641 49907 4824 6395 0.321838 0.004983187
0.00048 11267 239532 51009 4630 5876 0.317627 0.005078077
0.000485 11267 230690 60580 4960 5941 0.306885 0.005347013
0.000485 11267 240735 55111 4851 5975 0.330750 0.004642010
0.000394 11267 274341 37066 4457 6464 0.311218 0.005448103
0.000496 11267 256487 54819 4813 6196 0.350403 0.006186008
0.000488 11267 253140 59146 4933 6007 0.336792 0.004960060
0.000456 11267 263070 56575 4920 6201 0.318665 0.006008863
0.000451 11267 225881 56856 4700 5597 0.324097 0.005281925
0.0005 11267 224995 66126 4996 5583 0.320740 0.004751205
0.000428 11267 270960 52667 4774 6004 0.278564 0.005007982
0.000488 11270 229205 64007 4986 5848 0.340271 0.005187988
0.000483 11267 256667 58425 4806 5899 0.356384 0.005839109
0.000481 11267 252130 51720 4647 6369 0.356323 0.006084204
0.000423 11267 245217 57217 4936 5977 0.322998 0.004832983
0.000539 11267 232873 62751 5013 5787 0.319092 0.005774021
0.000414 11267 262367 51827 4675 5931 0.306580 0.005439997
0.00044 11267 254849 58131 4719 5646 0.308105 0.005088806
0.000471 11267 259358 47189 4577 6113 0.318848 0.005196095
0.000526 11267 268066 51957 4853 6153 0.309753 0.005661964
0.000509 11267 259666 57541 4817 6241 0.325623 0.005770922
0.000428 11267 283104 40411 4501 6379 0.336182 0.004964113
0.00053 11267 243156 62170 4962 5897 0.316589 0.005545139
0.000418 11267 274457 47242 4797 6208 0.283752 0.004716873
0.000482 11267 243617 58162 4820 5942 0.352539 0.005990028
0.000457 11267 247524 58148 4764 5821 0.283325 0.004766941
0.000468 11267 251811 54129 4820 6192 0.323303 0.005697012
0.00059 11267 225053 79044 5431 5425 0.274902 0.004606009
0.000422 11267 236682 54432 4843 6099 0.333252 0.004614830
0.000436 11267 234961 63564 5120 5674 0.290894 0.004508018
0.000471 11267 238306 57699 4772 5793 0.317383 0.005047083
0.000421 11267 250962 49456 4781 6031 0.336365 0.005151987
0.00049 11270 249693 58898 4934 5773 0.292053 0.004806995
0.000425 11267 251129 48056 4696 6345 0.290039 0.004823923
0.000435 11267 286717 43739 4572 6221 0.284790 0.004765034
0.000481 11267 258632 58991 4957 6140 0.315186 0.005187035
0.000374 11267 256880 37044 4456 6357 0.331848 0.005311966
0.000506 11267 238798 57721 4968 5909 0.286011 0.004695892
0.000402 11267 257976 53002 4614 5847 0.324280 0.005113840
0.000491 11267 245621 63627 5005 5810 0.330322 0.004700899
0.000414 11267 232431 51612 4578 5635 0.317993 0.005437136
0.000469 11267 249263 55905 4775 6109 0.320374 0.005928993
0.00048 11267 269202 49333 4874 6344 0.356628 0.006013870
0.000463 11267 263018 56546 4813 6263 0.372803 0.005966902
0.000471 11267 253123 53894 4810 6074 0.321228 0.004805088
0.000473 11267 229451 61960 5043 5425 0.256958 0.004894018
0.000488 11267 258440 59432 4991 6260 0.374939 0.005575895
0.00038 11267 251138 44753 4457 5787 0.324951 0.005288124
0.000449 11267 267452 48690 4771 6114 0.337341 0.005215883
0.00048 11267 249609 57338 4889 5964 0.322693 0.005787134
