"Validation time(S)" "Commits" "Aborts" "Val Reads" "Val success" "Val fail" "Energy (J)" "Time(S)"
0.000632 21853 207076 115276 17494 0 1.078308 0.016661882
0.000636 21853 189487 115197 17429 0 1.043152 0.016053915
0.000606 21853 204414 115209 17404 0 1.090942 0.015455008
0.000646 21853 213053 115166 17412 0 1.073181 0.016826868
0.000676 21853 204350 115123 17405 0 1.053040 0.015840054
0.000657 21857 191940 115165 17435 0 1.044617 0.015808105
0.00065 21853 208047 115217 17416 0 1.048889 0.016781092
0.000623 21853 206572 115050 17402 0 1.020325 0.015200853
0.000613 21853 204829 115199 17381 0 1.089050 0.015810013
0.000656 21853 191623 115106 17441 0 1.026123 0.015933037
0.000668 21853 192868 115036 17334 0 1.034668 0.014932871
0.000583 21853 210638 115096 17451 0 1.053162 0.015125990
0.000629 21853 194022 114714 17381 0 1.063354 0.015357018
0.000671 21853 191580 115087 17427 0 1.027771 0.015322924
0.00067 21857 198094 115224 17499 0 1.061218 0.014865160
0.00066 21853 202123 115244 17416 0 1.084290 0.015183926
0.000633 21853 197711 115079 17405 0 1.037354 0.015290976
0.000676 21857 202957 115196 17458 0 1.045166 0.015209913
0.000646 21853 196294 115179 17392 0 1.035828 0.015206099
0.000655 21853 190147 115180 17441 0 1.090454 0.016611099
0.000648 21853 201371 115149 17401 0 1.021973 0.015800953
0.000692 21857 190375 114911 17342 0 1.088501 0.016811132
0.000651 21853 200307 115233 17444 0 1.041382 0.016268015
0.000661 21857 205755 115215 17505 0 1.096130 0.016442776
0.000668 21857 203164 115112 17357 0 1.023804 0.015165091
0.000665 21853 220936 115146 17420 0 1.081848 0.015722036
0.000678 21853 195254 115329 17455 0 1.050720 0.016453981
0.00065 21853 204689 115241 17454 0 1.039795 0.016608000
0.000629 21853 189036 115141 17394 0 1.053040 0.016005993
0.00066 21853 204315 115099 17446 0 1.052002 0.015039921
0.000681 21853 197151 113523 17185 0 1.070923 0.016226053
