"Validation time(S)" "Commits" "Aborts" "Val Reads" "Val success" "Val fail" "Energy (J)" "Time(S)"
0.001435 21853 191937 112764 16824 0 2.249573 0.036672831
0.000606 21853 29256 113457 17015 0 2.234070 0.035915852
0.000604 21853 30869 113573 16971 0 2.268250 0.036555052
0.000647 21853 31259 112323 16822 0 2.242920 0.035887957
0.000572 21853 28277 113012 16936 0 2.261414 0.036636114
0.000602 21853 29499 112693 16897 0 2.210022 0.035072088
0.00057 21853 30848 113230 16956 0 2.249207 0.036520958
0.000627 21853 29415 113797 17050 0 2.215393 0.036016941
0.000651 21853 30487 113549 16991 0 2.250427 0.035545111
0.000578 21853 29822 113412 16950 0 2.187195 0.035038948
0.000605 21853 26693 113578 16941 0 2.217285 0.034380913
0.000651 21853 29688 113689 17037 0 2.242493 0.034576893
0.000625 21853 29388 113532 17023 0 2.161621 0.034526110
0.000573 21853 29667 113357 16895 0 2.170593 0.034489155
0.000648 21857 29605 113753 16999 0 2.219299 0.036031961
0.000592 21853 30565 113362 16925 0 2.256226 0.036697149
0.000623 21853 30008 113596 16961 0 2.195984 0.034974098
0.000605 21853 30423 113388 16926 0 2.211365 0.034461021
0.000616 21853 29551 112506 16827 0 2.219971 0.034896851
0.000644 21853 29007 113157 16921 0 2.192810 0.034553051
0.000609 21853 28811 113536 16988 0 2.231628 0.034444094
0.000612 21853 27468 113651 17016 0 2.238037 0.035788059
0.000589 21853 29450 113565 16999 0 2.230408 0.034443855
0.000666 21853 30773 113361 16953 0 2.185852 0.034720182
0.000612 21853 29305 113470 16978 0 2.235779 0.035645008
0.000668 21857 29757 113820 17060 0 2.215881 0.034667015
0.00055 21853 29824 113297 16937 0 2.216553 0.034968138
0.000579 21853 29086 112554 16900 0 2.194763 0.035448074
0.000567 21853 28221 112391 16718 0 2.205444 0.035931826
0.000611 21853 28082 113092 16892 0 2.201172 0.035413027
0.000654 21853 30460 113471 16972 0 2.229187 0.034491062
