"Validation time(S)" "Commits" "Aborts" "Val Reads" "Val success" "Val fail" "Energy (J)" "Time(S)"
0.00056 1034 79 125244 594 3 519.452698 8.821191072
0.000576 1034 114 127756 628 2 557.207336 9.580667019
0.000569 1034 110 127349 610 4 537.115173 9.195468903
0.000568 1034 99 125734 615 0 550.530396 9.340509892
0.000624 1034 76 125241 595 0 519.412781 8.877969027
0.000601 1034 86 124855 599 3 525.335938 8.915676117
0.000583 1034 100 126855 619 0 555.649963 9.420395136
0.000587 1034 84 125367 603 0 528.744263 9.004022121
0.000619 1034 103 126818 620 0 553.338501 9.438769102
0.000588 1034 75 125094 594 0 520.434387 8.848953962
0.000604 1034 105 126046 613 1 546.107727 9.333220959
0.000587 1034 114 127906 631 0 561.219116 9.607573986
0.00062 1034 111 129256 627 0 564.071472 9.680783033
0.000617 1034 115 129634 632 1 564.753540 9.685317993
0.000615 1034 102 127827 619 2 548.668762 9.321788073
0.000583 1034 79 125193 595 1 524.440002 8.885157824
0.000602 1034 101 126404 617 4 553.972839 9.381867170
0.000582 1034 100 126872 620 0 556.188416 9.419800997
0.000607 1034 113 126608 619 0 553.370422 9.393566847
0.000595 1034 79 124959 592 2 517.947083 8.847016096
0.000592 1034 94 127750 611 1 542.193909 9.237611055
0.000597 1034 79 125174 595 1 514.900452 8.838515043
0.000601 1034 111 128342 623 1 562.877686 9.543833017
0.000582 1034 77 125708 595 0 515.491821 8.848264933
0.000581 1034 100 126748 619 0 550.558777 9.440841913
0.000575 1034 86 125206 604 1 529.098572 9.016506195
0.000591 1034 100 127918 619 0 549.333618 9.340924025
0.000587 1034 80 125632 601 0 519.706909 8.945755005
0.000565 1034 79 124639 597 0 525.844727 8.929610968
0.000591 1034 79 125420 598 1 521.635803 8.861758947
0.00059 1034 110 127222 625 2 551.057861 9.476233959
