"Validation time(S)" "Commits" "Aborts" "Val Reads" "Val success" "Val fail" "Energy (J)" "Time(S)"
0.151861 25000000 1513170 67206883 1769493 30871 161.895142 2.733271837
0.152353 25000000 1496844 67308547 1774026 31590 162.285095 2.719331980
0.150673 25000000 1512603 66941396 1761897 31169 162.965149 2.730308056
0.151028 25000000 1505170 67236127 1760191 32364 162.019653 2.722707987
0.15156 25000000 1507462 67357918 1773434 32259 163.159058 2.738785982
0.152379 25000000 1519684 67281198 1776513 28378 162.033813 2.733640909
0.152519 25000000 1510198 67410305 1780446 30964 163.916748 2.751101017
0.149091 25000000 1517224 66839923 1763399 28593 162.104858 2.739945889
0.152773 25000000 1489984 67052047 1760881 30744 162.791504 2.742365122
0.151703 25000000 1500615 67188103 1765715 32549 162.591614 2.734000921
0.153502 25000000 1510142 67393054 1776222 30118 163.651978 2.743427038
0.156308 25000000 1513274 67853103 1792658 29407 162.728088 2.727700949
0.153745 25000000 1510126 67094566 1771766 27729 162.546509 2.728523016
0.151803 25000000 1505963 67403181 1781156 28309 161.881653 2.723657846
0.15275 25000000 1521598 66994546 1765527 31109 163.080750 2.728852987
0.153669 25000000 1501459 67206777 1773755 27981 163.158020 2.736989975
0.152524 25000000 1528454 67331878 1773012 32105 162.069397 2.726604939
0.154263 25000000 1499677 66973976 1763977 31129 162.788696 2.732335091
0.151614 25000000 1505044 66580908 1753717 32676 161.777527 2.727088928
0.151973 25000000 1484907 66881939 1761282 31691 160.740479 2.721513987
