"Validation time(S)" "Commits" "Aborts" "Val Reads" "Val success" "Val fail" "Energy (J)" "Time(S)"
0.836886 15000000 7733648 361499139 9528894 45058 143.131470 2.243055105
0.826412 15000000 7768111 361270617 9526589 53942 143.361694 2.251483917
0.828111 15000000 7697693 361267688 9531335 51175 143.003784 2.242669821
0.826577 15000000 7769412 360904519 9519094 48930 143.864685 2.248456001
0.822892 15000000 7672882 355344029 9341263 46045 144.154358 2.251475096
0.829034 15000000 7725166 361354448 9512803 46455 143.564575 2.249686003
0.830273 15000000 7731478 361708126 9533442 52014 143.723694 2.250286818
0.829851 15000000 7813255 361019639 9516084 43876 144.414062 2.252980947
0.825794 15000000 7792183 360826445 9526039 46002 143.383545 2.257237911
0.833427 15000000 7777078 361048761 9520278 45655 142.303772 2.251754045
0.831771 15000000 7747460 361098911 9509632 48623 143.439392 2.250680923
0.825487 15000000 7705669 361770052 9528120 50419 143.149658 2.246438980
0.826428 15000000 7723387 361242340 9526307 51690 143.127502 2.251292944
0.840024 15000000 7717076 360964361 9512496 48741 143.005676 2.242328167
0.83157 15000000 7820799 362230255 9532868 68430 143.130188 2.252666950
0.829119 15000000 7691758 361306083 9505930 56326 141.787720 2.241401911
0.831963 15000000 7757736 360271626 9511602 49829 143.221558 2.251170158
0.827529 15000000 7760949 360865958 9519885 49480 143.446350 2.245137215
0.827933 15000000 7764360 361391280 9534967 44316 143.251892 2.252660990
0.826552 15000000 7699326 361763866 9545788 50728 142.972046 2.254103899
