"Validation time(S)" "Commits" "Aborts" "Val Reads" "Val success" "Val fail" "Energy (J)" "Time(S)"
0.122573 25000000 735931 50371666 1576722 4542 87.398621 1.372744083
0.121332 25000000 732617 49673757 1544670 5886 87.817566 1.375949144
0.12237 25000000 733621 50672210 1579463 3763 87.152527 1.369404078
0.120676 25000000 761164 49543672 1543023 4949 88.833801 1.380918026
0.124293 25000000 771264 50923110 1586134 5938 87.920593 1.381545067
0.119874 25000000 758468 48914152 1519087 3922 87.879822 1.377173185
0.124194 25000000 758264 50643189 1576884 5138 88.267883 1.387092113
0.120163 25000000 722362 49489731 1543303 4928 88.254639 1.380533934
0.123528 25000000 734334 51050180 1595515 4372 87.405823 1.372129917
0.125608 25000000 750828 51238185 1601191 4063 87.717773 1.379831076
0.123692 25000000 719254 50401918 1573732 4005 88.419861 1.371969938
0.122145 25000000 710059 50109422 1560923 3513 87.508484 1.372725964
0.120972 25000000 735538 49700381 1550783 4848 87.746094 1.379508018
0.125844 25000000 734478 51142564 1590349 3790 87.785217 1.378160954
0.124015 25000000 747223 50699069 1579494 6401 88.431702 1.384742975
0.122622 25000000 732084 50172489 1568830 4656 88.103394 1.375548124
0.119823 25000000 856656 48635762 1510072 3881 90.735413 1.419723034
0.120787 25000000 718701 49165875 1533235 4257 87.856140 1.372243166
0.124114 25000000 781571 51136801 1588604 3587 89.287109 1.401700974
0.124249 25000000 768539 50904861 1583521 6276 88.800232 1.396015882
