"Validation time(S)" "Commits" "Aborts" "Val Reads" "Val success" "Val fail" "Energy (J)" "Time(S)"
0.41925 22362293 54745 21548797 21549056 0 188.226318 5.758627892
0.416342 22362293 29913 21555625 21555917 0 186.446289 5.752553940
0.414063 22362293 1248 21562110 21562389 0 185.448364 5.744613647
0.414147 22362293 445 21549908 21550182 0 185.213501 5.753454924
0.411611 22362293 278 21603823 21604096 0 183.549316 5.758342981
0.413867 22362295 295 21603565 21603834 0 184.692383 5.757531881
0.429729 22362295 286 21596581 21596854 0 184.327881 5.762111902
0.413174 22362295 301 21577103 21577353 0 184.586304 5.760568142
0.411473 22362295 278 21575196 21575465 0 184.291199 5.760797024
0.413376 22362295 363 21582761 21583036 0 184.767212 5.770040035
0.414618 22362293 202 21580981 21581257 0 193.657104 6.143143892
0.411151 22362293 282 21582966 21583244 0 185.903625 5.762373924
0.41168 22362295 408 21581944 21582258 0 185.237793 5.759984970
0.41801 22362295 386 21581660 21581946 0 185.190247 5.762317181
0.414766 22362295 310 21607396 21607653 0 192.542480 6.125574112
0.412347 22362293 255 21587631 21587880 0 185.103943 5.815644979
0.413651 22362295 399 21578713 21579034 0 184.338623 5.768192053
0.413072 22362295 1567 21574842 21575112 0 185.495972 5.766293764
0.412819 22362295 308 21590864 21591151 0 184.292603 5.766057014
0.412205 22362293 235 21585623 21585915 0 184.530273 5.763561726
0.413858 22362295 358 21598263 21598551 0 183.384033 5.758850098
0.411723 22362293 229 21581325 21581576 0 184.483826 5.764055967
0.415598 22362293 284 21590382 21590684 0 183.574890 5.769418001
0.412544 22362295 299 21597691 21597976 0 184.142822 5.763833046
0.412542 22362295 296 21590866 21591153 0 184.024292 5.763334990
0.419612 22362295 201 21577947 21578209 0 184.698059 5.765699148
0.416038 22362295 263 21611477 21611762 0 192.333313 6.138060093
0.413801 22362293 306 21596801 21597095 0 183.431274 5.759248734
0.411003 22362293 343 21588832 21589113 0 192.918884 6.172560930
0.412073 22362293 291 21604696 21604953 0 183.670776 5.745619059
0.414741 22362295 344 21614819 21615094 0 183.818298 5.759896994
