"Validation time(S)" "Commits" "Aborts" "Val Reads" "Val success" "Val fail" "Energy (J)" "Time(S)"
0.00091 47277 64 46080 46101 0 0.501160 0.018229961
0.0009 47279 80 45920 45946 0 0.514771 0.019496918
0.000914 47281 77 45796 45809 0 0.490601 0.018862009
0.000929 47279 82 46059 46085 0 0.458557 0.016750097
0.000955 47281 82 46572 46594 0 0.492981 0.018223047
0.000947 47281 94 46218 46239 0 0.476013 0.017462015
0.000919 47279 92 46316 46337 0 0.470642 0.016973019
0.00095 47281 80 46395 46414 0 0.501709 0.018621922
0.000915 47281 81 46954 46985 0 0.501465 0.017884016
0.000973 47279 74 46370 46401 0 0.514526 0.019017935
0.000896 47277 73 46032 46060 0 0.470825 0.016239882
0.000916 47281 71 45908 45938 0 0.497742 0.018628120
0.001007 47275 49 45843 45870 0 0.481628 0.017218828
0.000936 47279 74 46979 47006 0 0.469604 0.014755964
0.000895 47279 58 46976 47008 0 0.367554 0.012750864
0.000918 47279 82 46981 47004 0 0.367249 0.012562990
0.000896 47279 77 46912 46939 0 0.381042 0.012037992
0.000932 47277 106 46762 46791 0 0.365479 0.011557102
0.000957 47279 62 46327 46346 0 0.485229 0.017179966
0.000948 47277 79 46956 46987 0 0.362976 0.011375189
0.000933 47277 88 47014 47041 0 0.472961 0.016211987
0.000928 47277 79 46989 47011 0 0.415527 0.014244080
0.000924 47279 72 45921 45953 0 0.476746 0.017229795
0.000952 47277 96 46951 46978 0 0.405762 0.011386156
0.000884 47279 63 46141 46172 0 0.479370 0.018094063
0.000928 47279 55 46185 46209 0 0.502258 0.018207073
0.000927 47275 58 46221 46245 0 0.505188 0.018954992
0.000949 47279 74 46900 46922 0 0.371887 0.012725115
0.000939 47277 76 47022 47061 0 0.349304 0.011834860
0.000901 47279 67 46003 46024 0 0.469543 0.016153097
0.000933 47281 52 45893 45926 0 0.490723 0.018365860
