"Validation time(S)" "Commits" "Aborts" "Val Reads" "Val success" "Val fail" "Energy (J)" "Time(S)"
0.008982 10000 235571 2262484 18943 2502 6.058167 0.100205898
0.008924 10000 236423 2275065 19132 2499 6.145691 0.099903822
0.008944 10000 234453 2263455 18950 2474 6.063721 0.099611998
0.00884 10000 233851 2266950 19047 2512 6.089905 0.099545002
0.0089 10000 231725 2275311 19100 2450 6.058594 0.099655867
0.008941 10000 231868 2265509 18850 2505 6.034119 0.099145889
0.008962 10000 234546 2286727 19251 2502 6.060608 0.098783016
0.008786 10000 236220 2274074 18968 2482 6.110535 0.100096941
0.008842 10000 232977 2248470 18838 2535 5.994812 0.099144936
0.00878 10000 227881 2266818 18976 2426 5.967712 0.098242044
0.008935 10000 233886 2259603 18967 2388 6.037720 0.099112988
0.0088 10000 233843 2254471 18841 2505 6.151245 0.098987103
0.008828 10000 233369 2269875 19060 2515 6.053345 0.099408150
0.009195 10000 232772 2288381 19108 2469 6.051086 0.099439859
0.009038 10000 237542 2273723 19035 2549 6.114685 0.100640059
0.008873 10000 229299 2265617 19024 2472 5.931519 0.098212004
0.008888 10000 235390 2273880 19094 2529 6.075012 0.100022078
0.008866 10000 234583 2254132 18978 2498 6.060547 0.099597931
0.008892 10000 232120 2289898 19205 2438 6.033081 0.099588156
0.009018 10000 234174 2281862 19129 2500 6.080750 0.099777937
