"Validation time(S)" "Commits" "Aborts" "Val Reads" "Val success" "Val fail" "Energy (J)" "Time(S)"
0.000179 10000 10 47854 2396 2 0.542419 0.009313107
0.000191 10000 18 48577 2432 2 0.555176 0.009490967
0.000176 10000 14 49590 2481 6 0.551880 0.009586096
0.000185 10000 7 48941 2450 1 0.563782 0.009420872
0.000195 10000 16 49384 2471 4 0.521851 0.008985996
0.000178 10000 14 48292 2419 0 0.541748 0.009594917
0.000176 10000 6 48375 2422 1 0.521790 0.008832932
0.000193 10000 7 51111 2559 1 0.566589 0.009476185
0.000165 10000 14 46698 2340 2 0.543396 0.009433985
0.000188 10000 8 47554 2381 2 0.523499 0.008925915
0.000196 10000 16 48530 2427 5 0.593506 0.009562016
0.000188 10000 2 48964 2452 1 0.555115 0.009457111
0.000208 10000 11 51206 2562 1 0.566467 0.009337187
0.000176 10000 13 48705 2438 7 0.587097 0.009677887
0.000155 10000 6 47753 2391 1 0.554260 0.009387016
0.000152 10000 10 45713 2288 3 0.560181 0.009735823
0.000198 10000 10 49491 2478 2 0.538269 0.009454966
0.000185 10000 9 48705 2439 1 0.518738 0.008931875
0.000172 10000 13 48379 2421 4 0.564270 0.009534836
0.000188 10000 6 47230 2363 2 0.540649 0.009545088
