"Validation time(S)" "Commits" "Aborts" "Val Reads" "Val success" "Val fail" "Energy (J)" "Time(S)"
0.00315 4096 85 1580480 4136 4 0.336487 0.005614996
0.003119 4096 210 1567737 4111 5 0.330688 0.006448984
0.003103 4096 131 1555151 4069 4 0.279968 0.006346941
0.003206 4096 218 1615422 4193 7 0.327271 0.005841017
0.003121 4096 129 1557599 4085 9 0.321777 0.006445885
0.003189 4096 255 1604627 4173 10 0.276672 0.005986929
0.003195 4096 297 1612823 4188 5 0.306213 0.006315947
0.003192 4096 141 1591369 4154 2 0.292053 0.005600929
0.00315 4096 96 1583942 4135 9 0.313477 0.006200075
0.003155 4096 191 1583878 4139 11 0.321655 0.006392956
0.003201 4096 209 1583127 4131 6 0.321655 0.006694078
0.003194 4096 222 1614494 4193 6 0.295349 0.005504847
0.00313 4096 163 1576210 4124 9 0.325195 0.006376982
0.003174 4096 1104 1598272 4152 38 0.312073 0.006433010
0.003173 4096 266 1585042 4141 11 0.305847 0.005601883
0.003163 4096 200 1559702 4088 8 0.310852 0.006541014
0.003186 4096 258 1589220 4141 4 0.287048 0.006102085
0.003047 4096 117 1552122 4066 6 0.324341 0.006324053
0.003167 4096 140 1588474 4147 4 0.275146 0.005984068
0.003147 4096 139 1581480 4129 9 0.286377 0.006170034
0.00315 4096 177 1574915 4107 3 0.320923 0.006294966
0.003153 4096 149 1606332 4180 9 0.311523 0.006430864
0.003234 4096 193 1597889 4177 7 0.301697 0.005464077
0.00311 4096 233 1554496 4077 10 0.315552 0.006716013
0.003152 4096 206 1587028 4133 7 0.315796 0.006361961
0.003188 4096 189 1590439 4141 6 0.315125 0.006561995
0.003177 4096 261 1588051 4157 8 0.280334 0.005574942
0.003248 4096 203 1640843 4254 3 0.315430 0.006525040
0.003105 4096 235 1562042 4093 9 0.318359 0.006054163
0.003183 4096 158 1594717 4150 4 0.313477 0.006306887
0.003095 4096 166 1553959 4067 5 0.283264 0.006253004
