"Validation time(S)" "Commits" "Aborts" "Val Reads" "Val success" "Val fail" "Energy (J)" "Time(S)"
2.43507 4194304 25385 1171084121 4180033 4239 178.356140 3.059062004
2.45247 4194304 110937 1169838338 4175336 4182 184.731812 3.210836887
2.42621 4194304 30064 1171235180 4180524 4120 177.706177 3.060441971
2.42918 4194304 32418 1171109761 4179987 4561 177.584595 3.054359913
2.4233 4194304 26482 1171790838 4182469 4257 178.759583 3.040857792
2.43105 4194304 28833 1171825165 4182630 4476 179.063904 3.047818184
2.42125 4194304 26970 1171947088 4183086 4088 178.509521 3.038466930
2.42359 4194304 30884 1172146074 4183482 4597 178.912109 3.046317101
2.42189 4194304 28153 1171517954 4181412 4700 178.560913 3.044936180
2.42389 4194304 26607 1172587568 4185149 4220 177.858765 3.031162024
2.42668 4194304 29953 1171751247 4182187 4665 177.349304 3.043601036
2.42598 4194304 26920 1172250810 4183925 4244 176.910278 3.032989979
2.42863 4194304 30150 1172149872 4183550 4752 176.667603 3.029912949
2.4252 4194304 29210 1172110430 4183437 4620 177.082214 3.028137922
2.42253 4194304 28590 1172491246 4184778 4584 177.995178 3.024466038
2.41893 4194304 26322 1171600342 4181892 4137 178.341980 3.041092873
2.42388 4194304 28062 1171870490 4182511 4279 178.594849 3.038082123
2.42488 4194304 27178 1172205274 4183863 4166 176.968933 3.030522108
2.42305 4194304 25826 1171892563 4182726 4177 178.581604 3.032930851
2.42594 4194304 30895 1172234618 4183863 4637 177.996277 3.033598185
2.42164 4194304 27515 1172378614 4184533 4233 177.491577 3.031401157
2.4242 4194304 27327 1172433441 4184743 4137 177.525635 3.029536009
2.42966 4194304 29046 1172586398 4185113 4681 179.016479 3.039933920
2.42429 4194304 26578 1171652213 4181961 4150 177.569580 3.040192127
2.4267 4194304 30386 1172357417 4184368 4822 178.052490 3.032028198
2.4231 4194304 27020 1171234113 4180576 4332 178.282532 3.049667835
2.42723 4194304 29074 1171826779 4182428 4333 177.563599 3.048284054
2.42503 4194304 28105 1172080757 4183452 4209 177.305847 3.032202959
2.42713 4194304 37114 1172069921 4183313 4351 176.139832 3.030582190
2.4205 4194304 27022 1171281234 4180742 4314 178.678528 3.050151825
2.42297 4194304 27029 1171838738 4182674 4245 178.318726 3.033586025
