"Validation time(S)" "Commits" "Aborts" "Val Reads" "Val success" "Val fail" "Energy (J)" "Time(S)"
0.002388 4096 47 1155521 4132 2 0.251587 0.005047083
0.002275 4096 29 1144550 4101 2 0.258484 0.005178928
0.002312 4096 55 1174493 4183 2 0.267761 0.004523039
0.002271 4096 16 1138559 4086 1 0.259033 0.004993916
0.002277 4096 60 1162959 4145 0 0.219971 0.004508972
0.002316 4096 27 1148959 4113 0 0.231873 0.004372835
0.002333 4096 93 1151466 4116 2 0.245239 0.005230904
0.0023 4096 31 1145083 4097 1 0.219360 0.005012989
0.002278 4096 43 1148013 4112 2 0.219177 0.004958153
0.002319 4096 19 1139761 4089 0 0.229248 0.005007029
0.002294 4096 77 1143911 4100 2 0.252441 0.005234003
0.002291 4096 90 1157201 4131 0 0.224060 0.005043030
0.002295 4096 45 1144547 4098 1 0.226440 0.005057096
0.002317 4096 29 1143932 4093 1 0.262878 0.005125046
0.002271 4096 28 1132542 4067 1 0.268921 0.005395889
0.002342 4096 33 1137240 4081 0 0.232910 0.004364014
0.002309 4096 61 1154125 4125 1 0.225403 0.004810095
0.002321 4096 37 1158628 4142 0 0.263245 0.005074978
0.002243 4096 59 1147154 4108 1 0.190063 0.004364967
0.002257 4096 56 1149796 4115 2 0.264160 0.005108118
0.002328 4096 17 1140859 4092 1 0.265625 0.004903078
0.002318 4096 45 1157217 4134 2 0.242920 0.004350901
0.002256 4096 47 1142219 4090 1 0.263916 0.005166054
0.002335 4096 64 1161971 4148 4 0.252258 0.005155087
0.00229 4096 28 1137694 4076 1 0.257202 0.005308151
0.002342 4096 42 1152422 4122 1 0.254761 0.005017042
0.002309 4096 28 1137214 4079 0 0.264954 0.005533934
0.002341 4096 43 1143997 4104 4 0.218262 0.004510880
0.002288 4096 68 1159082 4140 1 0.224426 0.004319906
0.002302 4096 30 1146260 4107 0 0.255798 0.005210876
0.002273 4096 16 1132509 4064 0 0.240662 0.005333900
