"Validation time(S)" "Commits" "Aborts" "Val Reads" "Val success" "Val fail" "Energy (J)" "Time(S)"
0.001004 5221 131193 248956 1703 197 0.432434 0.006420851
0.000985 5241 118197 235922 1598 307 0.522278 0.007231951
0.001059 5286 144305 250023 1729 205 0.490723 0.007362843
0.000959 5273 138620 233818 1581 380 0.543030 0.007792950
0.001044 5275 140009 258069 1737 189 0.478516 0.007555008
0.001059 5315 156326 253794 1695 215 0.552124 0.008539915
0.000991 5223 137515 241162 1594 267 0.561218 0.007691860
0.001061 5165 123354 254586 1696 163 0.418823 0.006473780
0.001011 5241 149036 248759 1694 181 0.498291 0.007302046
0.001073 5224 138976 258357 1754 158 0.515808 0.007471800
0.001042 5263 136777 251494 1737 212 0.513184 0.007542133
0.000982 5252 144961 231982 1574 321 0.569092 0.008211136
0.001089 5257 129722 253293 1727 196 0.521729 0.007380009
0.000972 5136 137608 243057 1653 175 0.479919 0.007293940
0.001022 5264 132791 246372 1670 147 0.439880 0.006312132
0.001 5180 137605 241691 1659 209 0.479309 0.006517887
0.001039 5216 122807 256290 1742 216 0.481323 0.007059813
0.001 5273 146076 238317 1623 278 0.526855 0.007205009
0.001019 5138 127002 243397 1688 204 0.469604 0.007179022
0.001035 5204 131589 246478 1671 236 0.521545 0.006729841
0.000995 5201 119019 249446 1672 222 0.487854 0.006712914
0.001041 5275 143544 249722 1740 188 0.542969 0.007421970
0.000998 5187 130125 246148 1659 197 0.483887 0.006324053
0.001218 5077 126788 237012 1581 144 0.584534 0.009970903
0.001011 5240 127208 248418 1697 168 0.468689 0.006376028
0.001024 5262 137533 244996 1673 144 0.493408 0.006798983
0.00104 5356 154125 252970 1737 258 0.569336 0.008713007
0.001049 5295 148263 251767 1675 241 0.576355 0.008294106
0.001049 5134 124357 253961 1750 172 0.486572 0.006469965
0.001025 5293 154368 249344 1680 187 0.551270 0.008687973
0.001091 5207 124808 257493 1686 178 0.496643 0.006802082
0.0011 5403 156265 258270 1801 278 0.520508 0.007827997
