"Validation time(S)" "Commits" "Aborts" "Val Reads" "Val success" "Val fail" "Energy (J)" "Time(S)"
0.259633 35000000 12799157 20735368 12260137 2162 90.092041 1.580708981
0.259122 35000000 13284948 20948225 12360846 1687 88.935425 1.568148851
0.261156 35000000 12969136 21096878 12416077 1566 88.463684 1.557811022
0.255268 35000000 13470099 20380441 12027309 8930 87.951721 1.548493862
0.260561 35000000 12866971 21088408 12421501 1975 87.992798 1.543308020
0.259621 35000000 12893355 21054622 12403096 1703 88.531677 1.551815987
0.264867 35000000 12887728 20986939 12374583 2116 88.725769 1.561949015
0.259185 35000000 12727602 20940755 12350113 1555 88.101624 1.555367947
0.25962 35000000 12813973 21012457 12385398 1639 87.639648 1.547666073
0.26012 35000000 12791719 21016233 12385511 1862 88.508789 1.559578896
0.261022 35000000 12701311 21064225 12407590 2116 88.033325 1.543490887
0.259459 35000000 13457973 20838599 12266012 4105 88.719543 1.554090023
0.258907 35000000 12870637 21042622 12392137 1876 88.309204 1.548602104
0.260652 35000000 12780799 21039620 12400808 1806 88.033081 1.546051979
0.259304 35000000 12831568 20998732 12375291 1714 88.418823 1.550429106
0.25927 35000000 12854509 21013694 12381874 1950 88.526978 1.557342052
0.260737 35000000 12956988 21071662 12406310 2058 88.693848 1.561183929
0.261347 35000000 12908935 21004614 12375357 1969 88.007141 1.561202049
0.261274 35000000 12901558 21019794 12388487 2012 88.518372 1.561623812
0.260775 35000000 12957942 21052846 12393544 1936 87.922363 1.560782194
0.261704 35000000 12882880 21040176 12390369 1977 88.639954 1.561916113
0.261256 35000000 12734041 21016542 12376133 1771 88.357300 1.558006048
