"Validation time(S)" "Commits" "Aborts" "Val Reads" "Val success" "Val fail" "Energy (J)" "Time(S)"
0.002666 87389 1524997 590929 67745 0 84.036743 1.303122997
0.002698 87389 1512758 590359 67705 0 83.892944 1.295159817
0.002728 87389 1496051 591447 67898 0 81.563232 1.276548862
0.002643 87389 1495285 591018 67688 0 83.184692 1.282432079
0.002638 87389 1464507 591278 67845 0 82.623596 1.280793905
0.002758 87389 1460390 590983 67647 0 82.400391 1.274224997
0.002695 87389 1474383 590992 67695 0 81.201294 1.272110939
0.002672 87389 1466143 591537 67848 0 81.757874 1.271963835
0.002702 87389 1515579 591532 67853 0 83.201477 1.292273998
0.00252 87389 1487233 590956 67662 0 81.427734 1.273373127
0.002703 87389 1477450 590849 67763 0 82.027100 1.271971941
0.002656 87389 1472769 591309 67788 0 82.186646 1.268334866
0.002648 87389 1473391 591273 67790 0 81.874329 1.268352032
0.002719 87389 1517716 591096 67716 0 82.513000 1.289077997
0.002638 87389 1492341 591324 67772 0 82.971375 1.277016163
0.002715 87389 1504809 591092 67748 0 83.365601 1.286358833
0.00267 87389 1576863 590626 67672 0 84.370850 1.293848991
0.002615 87389 1456946 591255 67740 0 82.487854 1.272132874
0.002636 87389 1476253 591016 67600 0 83.005249 1.278223038
0.002764 87389 1559042 590182 67610 0 82.412415 1.292356014
0.002784 87389 1512330 589434 67543 0 83.754944 1.290567160
0.002701 87389 1481420 591096 67784 0 81.187683 1.272725105
0.002657 87389 1645302 590174 67566 0 82.832764 1.289448977
0.002692 87389 1498760 591215 67810 0 82.952759 1.275824070
0.002662 87389 1489520 591158 67695 0 81.424438 1.274180889
0.002604 87389 1477051 591046 67759 0 82.532043 1.274416924
0.002652 87389 1492769 591160 67809 0 83.055725 1.279484987
0.002705 87389 1494777 591297 67758 0 81.234924 1.275170803
0.002667 87389 1472564 591182 67788 0 82.698547 1.273859024
0.002666 87389 1471676 591208 67647 0 83.283569 1.280989170
0.00257 87389 2664213 590311 67654 0 81.411560 1.276698828
