"Validation time(S)" "Commits" "Aborts" "Val Reads" "Val success" "Val fail" "Energy (J)" "Time(S)"
0.000596 21853 285384 114858 17011 0 0.977356 0.014023066
0.000626 21853 297449 115036 17055 0 0.967468 0.014553070
0.000608 21853 291428 114980 17063 0 0.957031 0.014055014
0.000569 21853 290612 114988 17052 0 0.961487 0.014256001
0.000581 21853 284366 115106 17080 0 0.968262 0.013966799
0.000586 21853 274781 113722 16846 0 1.008911 0.014481068
0.000598 21853 278335 115166 17085 0 0.987793 0.013968945
0.000618 21853 282151 114933 17018 0 0.976624 0.014044046
0.000635 21853 291957 115036 17061 0 0.969727 0.014138937
0.000586 21853 281348 114851 16979 0 0.963928 0.014270067
0.000639 21853 281497 114935 17014 0 0.932861 0.013268948
0.000595 21853 279578 115014 17048 0 0.944641 0.013882875
0.000615 21853 291868 115023 17051 0 0.953491 0.014286041
0.000605 21853 287441 115056 17053 0 0.959351 0.014108896
0.000611 21853 282108 114987 17063 0 0.967651 0.013978004
0.000621 21853 285122 115049 17031 0 0.971191 0.013823032
0.00063 21853 281648 115068 17049 0 0.930664 0.013468981
0.000625 21853 285528 114956 17033 0 0.979980 0.014131069
0.000607 21853 301802 115021 17046 0 0.984802 0.014030933
0.000614 21853 283718 114972 17008 0 0.985107 0.013780117
0.000598 21853 281761 114870 17014 0 0.923706 0.013583183
0.000587 21853 276899 114951 17034 0 0.961548 0.014205933
0.000599 21853 284588 115019 17055 0 0.991638 0.014858007
0.00066 21853 292376 114594 16971 0 0.957947 0.013491154
0.000588 21853 282366 114852 16994 0 0.967285 0.013993025
0.000605 21853 290870 115035 17057 0 0.976318 0.013741016
0.000651 21853 286291 115027 17073 0 1.002136 0.014382124
0.000598 21853 277396 115001 17046 0 0.924988 0.013581038
0.000623 21853 283879 114935 17028 0 0.983582 0.013414145
0.000587 21853 281007 115090 17089 0 0.984985 0.013835907
0.000597 21853 282703 115034 17049 0 0.992798 0.014110088
