"Validation time(S)" "Commits" "Aborts" "Val Reads" "Val success" "Val fail" "Energy (J)" "Time(S)"
8.1e-05 2738 29620 10180 2129 0 0.119263 0.002898932
5.9e-05 2738 30097 10208 2126 0 0.178833 0.003393173
6.6e-05 2738 29259 10146 2114 0 0.153748 0.003009796
6.6e-05 2738 29497 9995 2081 0 0.120483 0.002852917
6e-05 2738 29725 10103 2099 0 0.148987 0.002796888
7e-05 2738 29981 10130 2118 0 0.151550 0.002892971
7.2e-05 2738 29745 10157 2114 0 0.144897 0.003643990
5.7e-05 2738 29217 10200 2128 0 0.142273 0.003472090
5.9e-05 2738 30692 10156 2108 0 0.143555 0.003389835
7.3e-05 2738 29103 10171 2129 0 0.143616 0.003380060
5.2e-05 2738 22983 8817 1833 0 0.138123 0.003516912
7.6e-05 2738 29087 10194 2136 0 0.148743 0.003005028
7.5e-05 2738 30453 10091 2097 0 0.143372 0.003103018
6.3e-05 2738 30201 10163 2132 0 0.192688 0.003083944
6e-05 2738 28834 10170 2125 0 0.181091 0.003483057
7.3e-05 2738 28210 9982 2084 0 0.115845 0.002644062
6.6e-05 2738 29127 10141 2125 0 0.188904 0.003087997
5.6e-05 2738 27314 10041 2082 0 0.155457 0.002383947
6.6e-05 2738 31840 10179 2112 0 0.187317 0.003566980
6.8e-05 2738 29608 10143 2122 0 0.105164 0.002712965
7.3e-05 2738 29753 10177 2130 0 0.145142 0.003710032
6.3e-05 2738 25301 8846 1855 0 0.208679 0.004222870
7.1e-05 2738 29120 10139 2108 0 0.159302 0.003126144
6.5e-05 2738 26013 9477 1966 0 0.179443 0.003931999
8e-05 2738 29325 10062 2104 0 0.146423 0.003213882
6.9e-05 2738 29571 10135 2122 0 0.161621 0.002645016
5.8e-05 2738 26511 9945 2088 0 0.150085 0.003149033
5.6e-05 2738 29264 10177 2127 0 0.166260 0.002704859
6.9e-05 2738 30807 10123 2112 0 0.109924 0.002475977
7.1e-05 2738 31902 10160 2112 0 0.191650 0.003416061
6.4e-05 2738 29753 10155 2119 0 0.147034 0.003205061
