"Validation time(S)" "Commits" "Aborts" "Val Reads" "Val success" "Val fail" "Energy (J)" "Time(S)"
8e-06 140 38 1680 101 0 0.352783 0.006098032
7e-06 140 41 1709 108 0 0.352478 0.005891085
6e-06 140 114 1601 104 0 0.346130 0.006644964
5e-06 140 39 1611 103 0 0.317383 0.005704165
8e-06 140 36 1590 97 1 0.306335 0.005476952
4e-06 140 46 1703 108 0 0.322449 0.005992889
5e-06 140 42 1705 106 0 0.352905 0.005745888
8e-06 140 41 1675 106 0 0.322205 0.006025791
7e-06 140 34 1645 98 0 0.317505 0.005734205
7e-06 140 41 1602 104 0 0.317993 0.005844831
5e-06 140 41 1697 105 0 0.319824 0.005985975
7e-06 140 44 1635 107 0 0.353760 0.006330967
6e-06 140 36 1655 105 0 0.337585 0.005635977
8e-06 140 42 1673 104 0 0.321594 0.005952835
6e-06 140 32 1627 103 0 0.292480 0.005576134
6e-06 140 27 1607 98 0 0.297607 0.005059004
8e-06 140 32 1561 95 0 0.312317 0.005441904
7e-06 140 33 1665 99 0 0.330444 0.005767107
6e-06 140 42 1694 104 0 0.394165 0.006548882
3e-06 140 44 1631 102 0 0.299255 0.005604982
8e-06 140 42 1611 97 0 0.347778 0.006041050
8e-06 140 36 1684 103 0 0.264893 0.005004883
7e-06 140 41 1712 106 0 0.361023 0.005949974
6e-06 140 33 1603 98 0 0.269165 0.005272865
8e-06 140 155 1639 101 0 0.326050 0.005931854
2e-06 140 79 1658 105 0 0.356995 0.006057024
6e-06 140 38 1649 102 0 0.315613 0.005908012
8e-06 140 40 1623 106 0 0.350830 0.005706072
6e-06 140 45 1571 106 0 0.355713 0.006916046
1e-05 140 40 1709 105 0 0.324219 0.005753994
1e-05 140 44 1768 100 0 0.369995 0.006306887
