"Validation time(S)" "Commits" "Aborts" "Val Reads" "Val success" "Val fail" "Energy (J)" "Time(S)"
0.13532 25000000 1718199 63074511 1685202 1546 147.189392 2.513150930
0.135498 25000000 1719490 63455234 1698254 1677 147.855103 2.511857033
0.135494 25000000 1700401 63619175 1701138 1158 146.876831 2.522310972
0.13652 25000000 1702978 63771956 1703990 1095 146.952881 2.507582903
0.133674 25000000 1705192 63323408 1694653 912 146.961609 2.499361992
0.13494 25000000 1705405 63108552 1684749 950 147.704407 2.517125130
0.137729 25000000 1734160 63867179 1708202 902 146.746704 2.502984047
0.136059 25000000 1712501 63519291 1702045 1342 146.533142 2.515717983
0.137356 25000000 1697483 63943310 1713088 1275 145.680481 2.501649857
0.137087 25000000 1706633 63250208 1692287 909 147.548157 2.509263992
0.136623 25000000 1700008 63705139 1703608 1154 147.656494 2.511839151
0.136557 25000000 1721460 63732306 1703800 1057 146.914734 2.508860111
0.125118 25000000 1590949 58067325 1543757 1170 147.151245 2.471240044
0.136584 25000000 1720657 63488513 1698050 909 147.177368 2.501906872
0.134974 25000000 1722452 63505446 1696991 1156 147.596191 2.517386913
0.136449 25000000 1709183 63921571 1706318 1335 148.180481 2.519746065
0.134239 25000000 1704750 63489750 1697671 1177 147.700439 2.502787828
0.135645 25000000 1734858 63791565 1709250 726 148.743896 2.516530991
0.078215 25000000 937575 37494072 979222 885 151.711914 2.583456039
0.135861 25000000 1714217 63710654 1697500 914 147.976440 2.517215967
0.134669 25000000 1721114 63431243 1698457 1222 147.351196 2.504673958
0.13447 25000000 1688585 63544090 1694435 1119 147.992737 2.504384041
0.132623 25000000 1707077 63498534 1702139 1162 147.883850 2.506656170
0.103887 25000000 1192665 47640048 1262377 1167 149.752258 2.547528982
0.135963 25000000 1714452 63223078 1694429 1126 148.577881 2.512346983
0.136125 25000000 1706432 63918906 1707742 1349 147.211914 2.506026030
0.138007 25000000 1713026 64356382 1720003 753 147.733398 2.511365175
0.137661 25000000 1711126 64541720 1724907 1153 147.784424 2.517922163
0.137243 25000000 1712719 64548498 1720826 726 147.706604 2.510905027
0.138257 25000000 1730635 64464903 1722834 1104 147.066895 2.511594057
0.136268 25000000 1711045 64514989 1726333 705 146.183228 2.499779940
0.139118 25000000 1770104 63638222 1694260 26811 147.333252 2.503968000
0.137738 25000000 1710773 64309228 1722084 871 148.112793 2.516698122
0.137445 25000000 1727495 63978434 1714155 1567 147.905273 2.514907122
0.136987 25000000 1700764 64229845 1714453 1154 146.250916 2.507877111
0.137056 25000000 1721160 64100375 1710844 871 147.235596 2.507115126
0.137148 25000000 1720776 64383018 1722366 1138 148.232971 2.507034063
0.137324 25000000 1726846 63880151 1709749 1280 146.773315 2.508348942
0.135703 25000000 1713202 64078005 1718562 625 147.390991 2.502473831
0.136536 25000000 1723061 63850578 1711413 1387 147.758240 2.502654076
0.138254 25000000 1722723 64468922 1725348 812 147.758362 2.510516167
0.137392 25000000 1694683 64009044 1718542 896 146.746643 2.507415056
0.138156 25000000 1720626 64458329 1721906 1376 147.835205 2.510833979
0.137734 25000000 1725714 64369925 1720278 1377 147.932190 2.509326935
0.138493 25000000 1716045 64387730 1721743 1106 147.459778 2.512189150
0.131774 25000000 1724058 68323106 1828014 859 152.074463 2.518160729
0.131637 25000000 1718673 68551427 1829863 1539 152.829468 2.529416632
0.132643 25000000 1716441 68631344 1838948 614 151.552063 2.522978780
0.131306 25000000 1700880 68549798 1834623 622 152.309326 2.530008226
0.131023 25000000 1713371 68439726 1826974 1128 151.071838 2.522288834
0.13178 25000000 1709502 68519105 1834966 1192 151.536316 2.528849291
0.131993 25000000 1701442 68284172 1828523 561 152.281311 2.525138067
0.132911 25000000 1714559 68401446 1830063 530 153.920044 2.528695207
0.131727 25000000 1711390 68415424 1831893 551 152.139771 2.532743431
0.130514 25000000 1708442 68351755 1830912 594 151.892944 2.524299708
