"Validation time(S)" "Commits" "Aborts" "Val Reads" "Val success" "Val fail" "Energy (J)" "Time(S)"
0.003665 25445 281647227 835754 853 15 325.521545 5.085000000
0.004155 23762 275168813 924792 921 11 327.099304 5.078000000
0.004416 24357 295985650 1001471 972 12 323.964905 5.068000000
0.004002 24372 280071152 887826 910 14 326.426941 5.079000000
0.003734 24975 281400055 822643 872 17 322.538147 5.067000000
0.003738 23775 278566593 832880 803 14 323.358459 5.078000000
0.004266 23812 279848748 955322 975 17 324.874939 5.066000000
0.003636 24969 285784374 834284 836 14 323.555725 5.077000000
0.003124 23982 278113169 698760 758 11 323.105774 5.073000000
0.003246 24734 284943237 706149 713 8 327.087830 5.081000000
0.004063 24151 284364163 910559 946 20 324.839172 5.070000000
0.003856 24402 279178407 870717 877 17 326.333435 5.078000000
0.003864 24113 283274137 830286 838 24 324.706909 5.068000000
0.003576 25693 267630477 796559 814 17 324.581909 5.076000000
0.004088 23665 277168522 909723 915 19 324.707214 5.085000000
0.00416 23993 282011506 946269 908 15 321.034180 5.066000000
0.003466 24516 294417314 756670 872 26 328.315918 5.064000000
0.003482 24735 288458654 768531 774 13 325.326294 5.071000000
0.003769 25214 277313297 838153 852 23 327.281189 5.076000000
0.003715 23672 289405796 839597 887 18 327.361816 5.087000000
