"Validation time(S)" "Commits" "Aborts" "Val Reads" "Val success" "Val fail" "Energy (J)" "Time(S)"
0.011376 61 578769746 3365359 7 1 504.151672 8.214000000
0.000846 64 1205715385 194913 9 3 643.672974 10.279000000
0.009177 70 434597472 2752644 13 0 480.579590 7.765000000
0.016012 66 443673472 4819807 17 0 712.934875 11.385000000
0.000561 64 1202962161 120154 10 2 745.925964 11.688000000
0.012392 66 967696122 3399263 10 4 670.634827 11.057000000
0.016528 63 1108687498 5106229 8 3 650.093628 10.745000000
0.035975 54 415379550 11194264 10 2 525.888489 8.481000000
0.012903 70 792711157 3543277 11 3 719.907532 11.698000000
0.041453 64 627314029 12422779 19 0 676.925842 11.713000000
0.035595 64 648023978 11544501 14 3 691.102478 11.235000000
0.01514 66 773684625 4637497 10 2 686.760559 11.171000000
0.000964 66 1245842057 221782 15 2 700.437378 11.058000000
0.026469 71 399153309 8259324 10 2 699.876282 11.428000000
0.026673 66 862406116 7948992 18 2 717.272949 11.249000000
0.029031 64 416915641 9028731 16 1 747.475891 11.878000000
0.014716 64 627722867 4523138 10 2 686.035950 11.560000000
0.001852 57 578545977 394868 7 2 632.262268 10.159000000
0.001449 64 649809367 344456 13 2 657.840881 10.670000000
0.013838 66 1039084398 4314012 13 0 703.900635 11.255000000
0.027633 66 447487057 8026188 12 2 624.236816 10.734000000
