"Validation time(S)" "Commits" "Aborts" "Val Reads" "Val success" "Val fail" "Energy (J)" "Time(S)"
0.000927 47281 196 46442 46442 0 0.467773 0.017970085
0.000909 47281 377 45829 45829 0 0.518738 0.020303011
0.000938 47281 166 45583 45583 0 0.484680 0.018175125
0.000858 47277 232 45851 45851 0 0.458679 0.015786171
0.000983 47281 197 46181 46181 0 0.443176 0.016975164
0.000937 47277 231 45772 45772 0 0.502441 0.018983126
0.000907 47281 196 45963 45963 0 0.464905 0.016956091
0.000875 47281 210 45603 45603 0 0.464600 0.017444849
0.000927 47279 145 46291 46291 0 0.397339 0.014006853
0.000956 47275 210 46042 46043 0 0.439026 0.015414000
0.000936 47281 173 45843 45843 0 0.478516 0.018131018
0.000905 47277 165 45557 45557 0 0.466980 0.018112898
0.000924 47277 160 45763 45763 0 0.478882 0.017387867
0.000838 47277 168 45756 45756 0 0.505127 0.018921137
0.000931 47281 210 46037 46038 0 0.447937 0.016687155
0.000933 47281 177 46955 46955 0 0.472900 0.017107964
0.000935 47279 161 46758 46761 0 0.451355 0.015070915
0.000892 47281 210 46095 46096 0 0.427734 0.015438080
0.000907 47281 210 45924 45924 0 0.455261 0.016538143
0.000884 47277 156 45849 45850 0 0.499390 0.019137144
0.000912 47281 183 46136 46137 0 0.448181 0.017402172
0.00095 47277 196 45725 45725 0 0.499756 0.018939972
0.000937 47281 210 45893 45893 0 0.442871 0.016937017
0.000914 47277 175 45964 45966 0 0.439209 0.015732050
0.000895 47275 166 46387 46387 0 0.472656 0.017488956
0.000941 47277 171 45758 45759 0 0.473572 0.017251968
0.000865 47279 199 44866 44866 0 0.499207 0.019345999
0.000929 47281 166 45999 45999 0 0.480896 0.017318010
0.000964 47281 269 46948 46950 0 0.450806 0.016313791
0.000941 47281 243 45960 45960 0 0.471069 0.017697811
0.000878 47277 188 45916 45917 0 0.464966 0.017812967
