"Validation time(S)" "Commits" "Aborts" "Val Reads" "Val success" "Val fail" "Energy (J)" "Time(S)"
0.001737 93703 151 91855 91856 0 0.985962 0.036282063
0.00179 93703 208 92081 92083 0 1.021423 0.037441015
0.001872 93703 205 92639 92640 0 0.990784 0.035894156
0.001803 93705 522 91951 91951 0 1.051025 0.037945032
0.001753 93703 228 91978 91980 0 1.018372 0.036993742
0.00184 93705 220 91988 91989 0 1.036987 0.037813187
0.001828 93703 140 92722 92723 0 0.874451 0.031018972
0.001789 93703 213 92260 92261 0 1.020264 0.038114071
0.001799 93707 199 91600 91600 0 0.982605 0.035506010
0.001811 93707 195 92708 92708 0 0.966675 0.034690142
0.001822 93707 182 92239 92239 0 1.009033 0.035878897
0.001785 93703 180 92184 92186 0 0.996765 0.036235094
0.001765 93705 147 92158 92159 0 0.987549 0.035581112
0.001779 93703 217 92721 92724 0 1.020996 0.037194967
0.001792 93703 207 92322 92323 0 1.018494 0.037646055
0.0018 93707 183 91737 91739 0 0.961487 0.034531116
0.001762 93703 191 92145 92146 0 1.002991 0.036341190
0.00181 93705 209 92302 92302 0 0.978821 0.035629988
0.001827 93703 186 92084 92084 0 1.019043 0.037734032
0.001804 93707 212 92158 92158 0 0.983093 0.035449982
0.001863 93705 174 92633 92633 0 1.002625 0.036605835
0.001759 93703 204 92255 92255 0 1.035339 0.038345098
0.001799 93705 181 92082 92085 0 0.994202 0.037051678
0.001755 93705 170 92099 92100 0 0.994202 0.036208153
0.001841 93703 179 92176 92176 0 0.984863 0.035748959
0.00174 93703 177 91947 91947 0 1.030701 0.036830664
0.001837 93705 239 91905 91906 0 1.008057 0.036395073
0.001813 93703 212 91790 91790 0 0.978149 0.036082983
0.00173 93705 184 92040 92044 0 1.043335 0.037910938
0.001858 93703 188 91875 91875 0 0.980713 0.035571098
0.001831 93703 201 92140 92141 0 1.016724 0.035964012
