"Validation time(S)" "Commits" "Aborts" "Val Reads" "Val success" "Val fail" "Energy (J)" "Time(S)"
0.000182 10000 11 46093 2307 3 0.549133 0.009392023
0.000192 10000 21 48052 2402 6 0.561829 0.009573936
0.000164 10000 10 48231 2414 2 0.550110 0.009467125
0.000164 10000 17 48202 2407 7 0.542236 0.009077787
0.000199 10000 14 49763 2489 1 0.514282 0.009297132
0.00019 10000 12 48096 2404 4 0.567932 0.009493828
0.000194 10000 13 45827 2292 2 0.560059 0.009464979
0.00021 10000 15 47232 2363 4 0.550964 0.009593964
0.000167 10000 8 47589 2380 1 0.534790 0.009679079
0.000193 10000 7 47231 2364 0 0.559570 0.009588003
0.000194 10000 16 46845 2343 3 0.516541 0.008752108
0.000178 10000 12 46805 2343 3 0.522827 0.009040833
0.000197 10000 18 45744 2288 4 0.519592 0.009000063
0.000202 10000 16 48018 2403 2 0.544067 0.009566784
0.000178 10000 12 48047 2402 3 0.552429 0.009310961
0.00018 10000 11 47755 2389 2 0.570496 0.008759975
0.000197 10000 15 46746 2340 5 0.565308 0.009387970
0.000172 10000 16 47600 2383 0 0.521240 0.008872986
0.000188 10000 17 48309 2413 9 0.553101 0.009541035
0.000148 10000 12 46196 2311 2 0.556030 0.009487867
0.000164 10000 20 48053 2404 4 0.552490 0.009385630
0.000166 10000 12 48102 2408 2 0.540588 0.009614165
0.000166 10000 10 48651 2434 4 0.505371 0.009110473
0.000157 10000 8 46331 2318 2 0.525696 0.009359253
0.000168 10000 13 49695 2487 2 0.530884 0.009265041
0.000165 10000 17 48122 2407 1 0.524353 0.009431793
0.000168 10000 16 48470 2426 2 0.554260 0.009308034
0.000154 10000 7 44820 2243 1 0.505920 0.009266758
0.00017 10000 10 49506 2477 2 0.523193 0.008916405
0.000158 10000 12 45785 2289 5 0.502197 0.009487710
