"Validation time(S)" "Commits" "Aborts" "Val Reads" "Val success" "Val fail" "Energy (J)" "Time(S)"
0.008524 10000 244948 2229422 18530 2435 5.956726 0.097413063
0.00859 10000 238542 2226550 18650 2307 5.768677 0.094743967
0.008594 10000 238356 2249289 18701 2349 5.807739 0.094785929
0.008547 10000 241984 2205601 18215 2439 5.863770 0.096837997
0.008645 10000 237775 2243764 18567 2427 5.759827 0.094838142
0.008463 10000 238697 2223264 18427 2393 5.821045 0.095592022
0.008527 10000 243869 2231349 18638 2368 5.930847 0.095919847
0.008657 10000 244860 2218445 18481 2503 6.000793 0.097734928
0.008635 10000 245206 2238249 18680 2345 5.943359 0.096837044
0.008674 10000 242005 2245564 18482 2443 5.872498 0.095568895
0.008441 10000 238768 2227350 18496 2368 5.809875 0.095448971
0.008605 10000 243170 2234146 18508 2436 5.874329 0.096959829
0.008639 10000 239300 2228526 18451 2362 5.869019 0.095292807
0.008759 10000 242390 2252079 18638 2496 5.951477 0.097044945
0.008566 10000 240357 2233504 18434 2439 5.854919 0.095789909
0.008589 10000 238899 2228378 18375 2527 5.815125 0.095699787
0.008649 10000 242605 2243650 18635 2472 5.874451 0.096658945
0.008571 10000 239493 2232550 18555 2326 5.836609 0.096019983
0.008648 10000 242824 2237186 18663 2379 5.853943 0.096328020
0.008702 10000 245379 2234849 18624 2489 5.948853 0.097387075
0.008616 10000 248403 2250601 18754 2433 5.981262 0.097594280
0.008542 10000 244668 2226859 18544 2380 5.878052 0.096930776
0.008523 10000 241223 2228577 18419 2447 5.777832 0.095065542
0.008468 10000 243627 2208099 18492 2267 5.885376 0.096379831
0.008568 10000 244221 2239819 18676 2425 5.945374 0.096539147
0.008527 10000 242311 2226763 18584 2358 5.852051 0.096295322
0.008462 10000 243741 2220363 18510 2388 5.909363 0.096786268
0.008429 10000 244091 2203434 18471 2275 5.911743 0.095954257
0.008485 10000 247063 2221280 18622 2330 5.963684 0.096844752
0.008516 10000 247478 2229118 18608 2396 5.923401 0.097577465
