"Validation time(S)" "Commits" "Aborts" "Val Reads" "Val success" "Val fail" "Energy (J)" "Time(S)"
24.8164 67004851 1744133 16109610136 9862238 539064 3980.143921 61.536953490
22.9046 68299038 1675130 14962085468 9990466 546799 4011.158752 61.543686166
25.5718 70563930 1785016 16220225219 10199422 397887 4002.224182 61.531022261
14.2 33830017 89751 9170859243 2637799 76196 3998.026062 61.542788162
26.9715 68323496 1631333 17242858959 9581816 428835 4027.070374 61.532522516
25.0282 67582280 1612610 16081331386 9588137 423604 4019.258484 61.535059350
25.2816 69681385 1656606 16537387654 10144035 457498 3986.697144 61.540066504
25.6909 67167467 1685128 16859028168 9194656 511650 3975.200439 61.544388026
25.3879 68098825 1700054 16594475558 9532574 474577 4006.365173 61.540277549
24.8367 69294108 1621560 15858010000 10056100 454234 4005.888611 61.533151269
6.06658 32008113 101038 3825038406 2311250 91221 4002.098938 61.539818014
25.6888 68049851 1764242 16584569569 9430899 480025 4009.437317 61.530456923
17.0559 54555418 321667 11149282194 6244171 297598 3996.677185 61.526235329
23.7092 67222092 1702026 15337445591 9362029 466852 4022.631897 61.567392092
24.6704 74577450 1581843 16063837875 10161101 431319 3999.187988 61.533463418
25.2868 69170588 1726219 16505310080 9791230 443546 4011.336975 61.529470125
24.8906 66568867 1575559 16278310279 9292731 449215 4009.646973 61.530513350
6.03832 46365253 36420 4218692902 2880477 25081 4049.796997 61.566363837
23.8691 68950146 1594403 15246034583 9752983 417706 4001.076660 61.535893012
5.17197 48256707 38284 3829313126 3015367 18889 4041.265503 61.534565788
