"Validation time(S)" "Commits" "Aborts" "Val Reads" "Val success" "Val fail" "Energy (J)" "Time(S)"
11.1767 53503520 1063235 6646378671 395705 79531 3871.353516 61.531346650
12.0373 53769502 901929 7119835095 410863 84436 3875.233704 61.532490376
12.4148 54092098 1032796 7169439323 417503 75979 3862.730103 61.538996299
12.9551 54242074 981047 7406536747 421033 73727 3870.692261 61.549649717
12.8651 53884819 1085590 7496350589 431972 86519 3836.141541 61.527172470
11.0886 53511947 930605 6478417305 385503 78021 3861.680969 61.533455265
0.436487 54017040 4752 278259212 18215 2052 3985.078003 61.542232351
0.217951 49671607 3676 133916144 13490 1173 3985.016357 61.531543710
13.0144 53875783 1012039 7430968676 421064 80950 3846.993164 61.539285717
0.289186 56046034 7665 177810106 17959 3392 3986.568909 61.538199562
0.038615 32856097 2159 22136721 798 155 3977.538574 61.534053530
12.3968 54431888 1031343 7155013343 423515 77950 3853.142700 61.531978205
12.302 52782679 1050689 7144946101 405867 86373 3874.267151 61.531642584
0.389016 52879709 6002 262747192 19822 890 3988.124146 61.530911487
12.4667 54128116 931180 7146222113 414778 75538 3838.263367 61.530828328
11.719 53454645 1040870 6707542923 392677 69917 3846.644470 61.536086955
12.6587 53076367 972948 7364279785 414181 88903 3850.645325 62.000264483
0.28221 53064206 5434 178306018 17694 3006 3993.676636 62.002446462
12.5492 54488877 1037475 7281705263 420863 76580 3862.168457 61.533288952
0.284899 51330151 13664 189255531 14644 8108 3980.991089 61.562436152
