"Validation time(S)" "Commits" "Aborts" "Val Reads" "Val success" "Val fail" "Energy (J)" "Time(S)"
41.6662 13983820 11351380 29890860693 7050945 469584 4036.666199 61.539408922
41.4671 13942212 11213238 29917002360 7040071 484539 4003.592285 61.540274493
38.9044 15782218 50984584 29559429684 8122685 338669 4074.532471 61.536656471
41.7333 14010844 11441410 29909537695 7066687 477110 4027.553955 61.538605419
41.3578 13564465 11324516 29600069758 6854063 509753 4006.396240 61.532610264
41.7652 13796458 12082807 30003529003 6966506 479860 4014.719360 61.539936465
41.8163 13899214 12480532 30031404106 7035253 483198 3999.376526 61.569169040
41.4818 13800449 11279662 29787145847 6969596 500504 4043.987183 61.534404026
41.1892 13354037 10506438 29547012211 6746301 520262 4032.857239 61.534395154
39.1335 15363356 50772577 29842602610 7942043 331736 4060.158203 61.533745848
38.7009 15174804 52418232 29433735662 7925676 344882 4038.934631 61.527097837
38.8082 15472009 50760513 29622678131 7952606 333285 4069.226074 61.528899873
41.6429 14047900 11557767 30034308157 7094407 470093 4041.767273 61.526070701
42.0195 14030459 11528214 30229381068 7081932 462168 4022.622192 61.606769790
41.6171 13419037 10854147 29699017495 6774052 509896 4016.348328 61.528595257
41.6611 13928776 11497200 29994506945 7037500 489368 4031.097473 61.527201768
41.469 13651716 10942074 29749878956 6888622 505987 4013.551392 61.530419502
38.8788 15430700 53900500 29556032931 7977852 340922 4053.266296 61.582920884
41.8565 13891938 11313893 30010198638 7013709 475268 4010.320251 61.527872084
41.6557 13828739 11785664 30004976013 6989080 511739 4005.209717 61.559726813
