"Validation time(S)" "Commits" "Aborts" "Val Reads" "Val success" "Val fail" "Energy (J)" "Time(S)"
0.001888 4096 56 1100487 4096 3 0.165039 0.003295183
0.001953 4096 65 1120236 4149 7 0.120605 0.002751112
0.001903 4096 25 1103394 4114 1 0.126221 0.002835989
0.001823 4096 83 1087539 4042 4 0.147766 0.003505945
0.001839 4096 96 1111602 4120 7 0.167664 0.003585100
0.001889 4096 41 1102198 4101 1 0.176086 0.002612829
0.001891 4096 89 1100592 4080 13 0.174622 0.003436089
0.001921 4096 116 1121576 4163 9 0.169617 0.002733231
0.001936 4096 67 1105420 4100 3 0.161926 0.003509998
0.001859 4096 68 1090167 4056 3 0.159912 0.003540039
0.001881 4096 51 1108692 4115 4 0.126160 0.002846003
0.001888 4096 68 1106712 4109 3 0.130066 0.002990961
0.001874 4096 1936 1099361 4081 41 0.203369 0.003717899
0.001912 4096 38 1107948 4117 4 0.155884 0.003549099
0.00188 4096 55 1105138 4094 4 0.169495 0.002738953
0.001883 4096 21 1096214 4075 3 0.180237 0.003557920
0.001878 4096 84 1117655 4144 5 0.123657 0.002787113
0.001892 4096 58 1111112 4127 3 0.175171 0.003235817
0.001893 4096 52 1105952 4113 1 0.120056 0.002799988
0.001925 4096 34 1101844 4089 3 0.155884 0.003340006
0.001875 4096 54 1111802 4128 4 0.144287 0.002701998
0.001848 4096 43 1114861 4133 2 0.115662 0.003045082
0.001869 4096 36 1106291 4105 5 0.160645 0.003122091
0.001886 4096 69 1111985 4124 4 0.169556 0.003256083
0.001867 4096 40 1101501 4095 4 0.158691 0.003449917
0.001611 4096 150 948713 3484 3 0.234009 0.005867004
0.001876 4096 64 1114123 4143 5 0.167114 0.003286123
0.001895 4096 47 1098182 4087 5 0.157227 0.003455877
0.001855 4096 120 1108251 4120 0 0.174988 0.003623009
0.001839 4096 25 1094381 4071 4 0.172424 0.003734112
0.001892 4096 57 1110990 4127 4 0.125122 0.002632141
0.001818 4096 362 1092228 4062 5 0.166809 0.004089117
