"Validation time(S)" "Commits" "Aborts" "Val Reads" "Val success" "Val fail" "Energy (J)" "Time(S)"
0.210737 50000000 589462 758367 493859 4978 148.295898 3.475313902
0.24146 50000000 404241 751110 487968 5404 136.134644 3.313146830
0.341837 50000000 549954 740265 481049 5023 148.615295 3.554406881
0.2983 50000000 601849 755570 492457 4753 147.970398 3.534205914
0.226286 50000000 446584 737482 480094 5060 138.778076 3.385859013
0.213433 50000000 503766 748427 487102 4558 143.451782 3.357448101
0.138121 50000000 613864 740987 482415 4987 153.898071 3.716363907
0.183018 50000000 458861 758911 493314 5041 140.645752 3.428238153
0.306213 50000000 287657 771112 501268 5245 128.785034 3.118384838
0.201314 50000000 544742 740189 481752 4829 146.863464 3.501121044
0.146753 50000000 781269 698184 454553 4753 168.511597 4.050354004
0.162051 50000000 633405 745280 485618 4939 150.024841 3.518398046
0.236878 50000000 668251 749184 488087 4875 154.945618 3.588227987
0.240115 50000000 635096 742881 483606 4787 148.403015 3.402430058
0.259733 50000000 495616 723862 471301 5007 145.109131 3.600284100
0.29424 50000000 441874 754270 490462 5067 137.294617 3.321971893
0.158975 50000000 553963 761589 495288 4889 145.254211 3.405177116
0.221593 50000000 464820 749901 486948 5309 145.537231 3.638688087
0.258195 50000000 399039 731734 476459 5445 139.989075 3.342566967
0.187659 50000000 501315 754056 490168 5048 146.071533 3.544414997
0.19933 50000000 252237 779846 503148 6454 130.769653 3.241437839
0.310979 50000000 376521 788039 508607 5426 141.102173 3.464029102
0.189425 50000000 257602 749780 483697 6510 132.027405 3.284973405
0.283356 50000000 232806 783817 505392 5782 130.132385 3.261410582
0.192473 50000000 415653 755924 488747 5653 141.383728 3.440912234
0.183566 50000000 295380 776370 501327 5831 132.332581 3.294234578
0.172652 50000000 313857 773462 499403 5984 137.953369 3.384218525
0.137022 50000000 308456 757858 489265 5937 134.651062 3.340304713
0.332584 50000000 293485 780146 505028 5284 129.701111 3.109154607
0.163697 50000000 379220 774035 499928 6525 137.553223 3.346316854
