"Validation time(S)" "Commits" "Aborts" "Val Reads" "Val success" "Val fail" "Energy (J)" "Time(S)"
2.05899 35000000 1935971 16452313 9581511 5632 334.359314 9.790071011
2.0493 35000000 2040487 16400714 9574707 6490 343.434570 10.139839888
2.73771 35000000 1434412 17912538 10326607 6022 272.566589 7.629873037
2.07324 35000000 2128684 16350629 9537142 6884 360.093384 10.802876949
1.63029 35000000 2296831 15129706 8923976 6249 362.613892 10.655030966
2.81297 35000000 1709943 17471770 10079641 5653 270.813965 6.856438160
1.64092 35000000 2384646 15052917 8858307 5873 373.388184 10.918313980
1.49608 35000000 2413299 14737934 8733944 6451 398.017578 12.339982033
2.55457 35000000 1309647 18290493 10495356 5957 232.453552 5.813099146
1.72727 35000000 2520923 16359037 9505809 6022 380.244385 11.082195044
2.45874 35000000 2095337 16924054 9819699 5778 336.438599 9.538870096
1.86415 35000000 2410413 15507741 9110123 6060 387.087891 11.849210978
1.70636 35000000 3087437 15121489 8915397 5725 466.354126 14.438393116
2.19898 35000000 1839309 17622042 10165168 5783 291.033508 7.923585892
1.75201 35000000 1612950 15308149 9000834 6055 294.138489 8.615283012
2.47372 35000000 1676421 17055964 9867010 5529 281.390259 7.692564011
2.3898 35000000 1496137 17405547 10053071 5978 247.917786 6.460386992
2.03082 35000000 2410088 16490306 9597763 6062 367.148193 10.499969959
1.59755 35000000 2198511 15781513 9246432 5838 335.891418 9.618376017
1.62171 35000000 2181683 14848698 8797649 5981 366.206970 10.979766846
2.22821 35000000 1539383 15701798 9175812 6968 285.909424 7.990537026
2.37946 35000000 1428959 17122679 9902964 6166 259.400940 6.819388847
1.91619 35000000 1234764 14971942 8768582 7081 254.997437 7.136682369
1.71354 35000000 1237459 15339125 9000548 6730 263.614258 7.570509154
1.71512 35000000 1876766 14183061 8411663 6842 334.387207 10.027862943
2.12048 35000000 1291009 16506340 9554640 6586 237.846069 6.184703929
2.38682 35000000 1280529 16196081 9439716 6607 239.135376 6.167513873
1.89631 35000000 1560004 14983157 8803133 6776 302.972229 8.905607860
2.19727 35000000 1157489 15984443 9358994 6888 230.779480 5.996983818
1.56325 35000000 2964289 14619361 8613796 7328 488.591919 15.371435373
