"Validation time(S)" "Commits" "Aborts" "Val Reads" "Val success" "Val fail" "Energy (J)" "Time(S)"
0.01306 54950 290172 1030927 24804 5552 22.830261 0.499516010
0.028949 54950 263292 1078449 25381 6125 18.643311 0.373830795
0.029275 54950 216376 1067353 25954 6595 15.903687 0.346530914
0.00503 54950 332344 1046833 24769 6183 26.677856 0.560967922
0.004752 54950 273821 988604 23335 5508 23.960754 0.513222933
0.004899 54950 184029 1034323 24263 4444 13.740417 0.311743021
0.006176 54950 299568 1099413 27144 6444 19.859497 0.398634911
0.032734 54950 244354 1074206 25901 6194 20.695435 0.446652174
0.059404 54950 200841 1075912 26123 6334 15.772095 0.341120958
0.017095 54950 307238 1034540 24210 5495 24.232483 0.538315058
0.012885 54950 184790 942056 23848 5441 13.501343 0.288123846
0.005075 54950 264578 1074227 25577 6082 18.932251 0.409188986
0.01325 54950 327874 1093203 26522 6177 25.576843 0.543002844
0.064231 54950 207843 1040559 24726 6003 17.602600 0.373978853
0.005327 54950 307961 1088705 27027 6139 22.418640 0.461635113
0.004634 54950 334034 1002067 22802 5095 25.022705 0.512826920
0.036752 54950 280754 1033064 24661 5504 19.574890 0.398249865
0.004897 54950 221396 1007912 23585 5516 21.300903 0.482206106
0.005312 54950 204085 1101793 26927 6424 16.571045 0.358005047
0.005223 54950 235753 1078653 25447 5899 16.350891 0.356176853
0.045125 54950 202312 1102676 27392 6550 15.210999 0.319080114
0.012722 54950 267658 1017388 23549 5252 19.043335 0.385746956
0.004895 54950 288629 959905 24606 5525 20.259033 0.440343142
