"Validation time(S)" "Commits" "Aborts" "Val Reads" "Val success" "Val fail" "Energy (J)" "Time(S)"
0.001127 11291 102908 206453 5468 1807 8.602112 0.224005938
0.001035 11291 110995 179088 4466 1637 10.358154 0.254034042
0.001098 11291 51081 202626 5342 1760 4.626587 0.104696035
0.000879 11291 112942 169787 4058 1566 8.855469 0.197233915
0.001173 11291 18365 205787 5267 1859 4.945312 0.132533073
0.013057 11291 112049 188889 4723 1637 10.381165 0.253087044
0.001009 11291 56832 183124 4947 1570 4.495117 0.110362053
0.000995 11291 95591 185958 4657 1667 8.045715 0.199383974
0.001042 11291 54307 190968 4883 1782 7.072388 0.189203978
0.001138 11291 105441 202255 5189 1876 10.210144 0.239617109
0.033043 11291 151842 186862 4650 1697 12.574951 0.273201942
0.00098 11291 118446 180497 4509 1559 11.128479 0.285725117
0.001149 11291 207510 195785 5091 1827 15.684998 0.374336958
0.000771 11291 106281 149861 3702 1390 9.366943 0.206722975
0.001106 11291 147228 187654 4830 1736 12.621033 0.309467077
0.001122 11291 113379 201263 5326 1894 7.676147 0.158690214
0.00104 11291 106598 192778 4968 1686 7.957458 0.183627129
0.001105 11291 152684 194920 5100 1768 14.324463 0.334275007
0.001192 11291 114676 207542 5544 1898 8.395630 0.191952944
0.001056 11291 122490 191408 4938 1742 10.325684 0.218770027
0.001078 11291 106588 190558 4900 1799 9.853516 0.242408037
0.001121 11291 107376 201557 5307 1861 8.781616 0.211256981
0.001025 11291 168103 176815 4502 1510 11.777588 0.253473997
