"Validation time(S)" "Commits" "Aborts" "Val Reads" "Val success" "Val fail" "Energy (J)" "Time(S)"
9.2e-05 2762 43 4833 1031 2 0.754822 0.023241043
2e-06 2762 2 160 35 1 0.633789 0.020691872
4e-06 2762 1 159 35 0 0.604614 0.020332098
2.2e-05 2762 4 1025 213 0 1.044739 0.022078037
2e-05 2762 7 1216 256 0 0.257202 0.007368088
1.9e-05 2762 3 1238 258 0 0.273865 0.006371975
0.0001 2762 4512 5236 1108 0 0.718994 0.020883083
7.6e-05 2762 50 5077 1073 0 0.388611 0.013079882
1.4e-05 2762 5 605 125 0 0.276001 0.007860184
1.6e-05 2762 7 927 194 1 0.237000 0.005899906
6e-06 2762 7 202 41 1 1.024902 0.030653000
3e-06 2762 2 155 35 0 0.314819 0.010087013
2e-06 2762 2 187 39 0 0.301941 0.008618832
1.8e-05 2762 4 1237 251 2 0.587219 0.022646189
2e-06 2762 2 100 22 2 1.233765 0.050337076
5e-06 2762 7 147 34 1 0.226379 0.006177902
2.1e-05 2762 5 1271 267 0 0.255371 0.006485939
1.1e-05 2762 3 936 192 0 0.266357 0.006162882
1.9e-05 2762 2 1093 224 1 0.292480 0.009051085
0.000125 2762 5074 6237 1315 2 0.711304 0.020754099
1.5e-05 2762 9 955 197 2 1.082092 0.027116060
1.3e-05 2762 3 588 119 1 0.256165 0.007175922
6.4e-05 2762 4211 3588 755 1 1.119385 0.043058157
