"Validation time(S)" "Commits" "Aborts" "Val Reads" "Val success" "Val fail" "Energy (J)" "Time(S)"
4e-06 21877 4 251 41 0 0.701294 0.017053843
0.001028 21877 1178 77914 11805 1 0.692383 0.014423847
0.000951 21877 4185 74525 11296 1 1.148071 0.036619902
0.000508 21877 242 49031 7252 1 0.735657 0.015325069
0.001459 21877 1697 95944 14700 10 1.341614 0.027173996
0.000517 21877 188 47553 7047 0 1.314026 0.029285908
0.085526 21877 33825 105512 16697 21 5.821716 0.131587982
0.000284 21877 4998 20258 3079 1 1.231140 0.033015966
0.000516 21877 235 48509 7169 0 0.916504 0.027831078
0.000504 21877 208 46348 6836 2 1.620178 0.037528038
0.000533 21877 175 47174 6991 1 0.690735 0.014137030
0.001364 21877 10075 95364 14578 8 1.407288 0.035456181
0.001422 21877 1663 95973 14699 4 1.791748 0.035577059
6e-06 21877 6 253 43 0 0.823853 0.025002956
0.001413 21877 1702 95866 14642 8 0.708435 0.015336037
0.001418 21877 2425 99287 15412 13 2.531067 0.051409006
0.000488 21877 214 47554 7041 1 0.706604 0.015118122
0.001357 21877 6250 98053 15165 10 1.412842 0.039468050
0.000651 21877 188 45064 6538 0 0.721008 0.018401146
0.000425 21877 168 42052 6202 0 0.692017 0.013742924
0.000705 21877 612 59264 8899 1 0.687439 0.014075041
0.000578 21877 275 49316 7356 2 0.712769 0.016947985
0.000521 21877 202 47459 7017 2 0.731262 0.016749859
