"Validation time(S)" "Commits" "Aborts" "Val Reads" "Val success" "Val fail" "Energy (J)" "Time(S)"
40.955 200000 315561 6195971523 341113 314984 1153.389221 20.021231890
42.6666 200000 307839 6005041260 330495 307634 1153.510803 20.416658878
43.4238 200000 295939 5792118980 321140 294968 1178.947144 20.538831949
40.1437 200000 308441 5968591690 331283 305781 1097.047729 19.052198287
41.2902 200000 302437 6008039511 329965 302156 1127.713196 19.838191661
39.6753 200000 296907 5790863284 323576 296471 1097.752808 19.327702790
39.197 200000 302232 5848939500 324426 299225 1108.534119 19.492756893
42.867 200000 309573 6122187274 335201 309384 1130.881592 19.909779084
39.9981 200000 298751 5932947089 327878 298623 1088.673401 19.006452172
41.9859 200000 307652 5979856748 333088 307588 1124.174622 19.668663152
43.7276 200000 312604 6078661339 336826 312501 1166.968750 20.383024482
41.5036 200000 313565 6111495400 335688 313497 1144.203369 19.943590238
41.1409 200000 310439 6087525427 336588 309752 1123.104004 19.538650605
