"Validation time(S)" "Commits" "Aborts" "Val Reads" "Val success" "Val fail" "Energy (J)" "Time(S)"
0.190927 25000000 561809 11834841 393376 564 138.948425 3.002665043
0.214631 25000000 401347 11808774 395066 538 132.253540 2.889787912
0.171268 25000000 255095 11154574 373531 947 120.058777 2.644815922
0.303733 25000000 552043 11808375 393282 530 140.534058 3.001731157
0.132996 25000000 387656 11017500 368596 568 126.808167 2.699806929
0.162912 25000000 332316 10464167 349192 517 127.032837 2.870463848
0.130203 25000000 623580 11070828 368733 465 147.741333 3.204802036
0.188929 25000000 470271 11776714 390723 558 132.185913 2.873857021
0.231399 25000000 514755 12075008 401517 717 138.169678 3.061886072
0.160132 25000000 528341 11442887 381210 582 140.080261 3.049585104
0.130515 25000000 431267 11246466 374317 747 130.857605 2.903462172
0.19715 25000000 507432 11178145 370321 661 138.801392 2.999747038
0.23509 25000000 460934 10933899 363999 488 132.654053 2.902411938
0.175755 25000000 462701 11120626 372012 568 131.158386 2.775059938
0.257251 25000000 491579 11719942 390213 602 136.027222 2.921936989
0.249165 25000000 527932 11964129 395894 664 134.881042 2.924589872
0.134096 25000000 379895 12005117 400300 568 123.729065 2.663774014
0.286613 25000000 465156 11555584 385101 766 130.581665 2.827111959
0.09382 25000000 493039 10316687 344808 449 133.118042 2.952384949
0.229813 25000000 463872 11577766 385190 563 132.286499 2.783956051
0.202399 25000000 6302 12354306 412552 704 88.899902 1.634944734
0.141988 25000000 38207 10143005 340699 745 102.004883 1.999388420
0.240738 25000000 18245 11512165 385908 581 94.543213 1.808523126
0.094931 25000000 25232 10180406 340636 727 100.470154 2.110597227
0.072737 25000000 22609 9244433 311872 752 97.025574 2.033354681
0.113709 25000000 23611 10730518 361050 873 93.958679 1.910582917
0.111171 25000000 24852 8645941 290945 561 99.534302 2.152263887
0.203613 25000000 16172 10407446 348492 943 93.975586 1.867591409
0.202061 25000000 14803 10001506 334990 759 99.692139 2.039467473
0.145552 25000000 9808 10857471 364290 990 94.300598 1.866236103
0.226668 25000000 28015 10568211 355074 700 96.826416 1.963768629
0.049726 25000000 71164 8861521 299152 507 99.268372 2.204598542
