"Validation time(S)" "Commits" "Aborts" "Val Reads" "Val success" "Val fail" "Energy (J)" "Time(S)"
1.64049 15000000 15164280 199128112 5105092 4757 1776.415283 52.402571917
1.53084 15000000 9168198 214479466 5474079 3540 1181.067505 35.529428959
1.29985 15000000 13734632 205018942 5247550 4453 1684.329895 50.448448896
1.50061 15000000 8817561 217694288 5527084 5756 1127.029968 33.702406883
1.36195 15000000 7731789 209700300 5389757 3000 1047.897644 32.060245991
1.2825 15000000 7268773 215434155 5506218 4084 957.465576 29.090484142
1.43129 15000000 5630829 214731707 5489777 4565 782.579102 23.670084000
1.28914 15000000 3995253 218245577 5596058 3860 584.114807 17.183155060
1.34061 15000000 11634339 203105574 5216704 3616 1472.786011 44.945288897
1.53722 15000000 3697811 219089869 5577982 5165 511.283997 14.086559057
1.33011 15000000 10414087 211823873 5410965 4155 1310.234619 39.681921959
1.14619 15000000 5112121 212533239 5450056 4327 754.486267 23.032450914
1.44859 15000000 11566413 206938434 5300863 4855 1429.049561 42.917181015
1.35176 15000000 9986694 206244624 5266442 2076 1308.573425 39.887937069
1.42162 15000000 11049225 207343891 5298795 5961 1375.307312 41.567728043
1.52695 15000000 10965867 209799744 5375355 5515 1335.431396 39.699494839
1.29486 15000000 12942486 201370420 5182164 5172 1574.042908 46.977726936
1.19556 15000000 4925028 213566336 5430352 3793 742.001099 22.945323944
1.40807 15000000 13310780 205083097 5255656 4080 1615.309082 48.356060028
1.19623 15000000 6906966 216855529 5525531 4077 920.601929 27.704769850
0.95076 15000000 2640883 211762403 5412041 5760 388.626038 9.643443893
0.852909 15000000 2843889 211173607 5388639 4841 405.097290 10.204344404
1.05189 15000000 2849570 209346058 5339480 4785 399.417419 10.136693658
0.987766 15000000 2904967 213938282 5474785 4038 390.869507 9.741599946
1.3885 15000000 3206305 218967597 5599607 5109 407.249512 9.752997610
1.023 15000000 2838807 212408049 5407968 5227 385.262451 9.499873854
1.06012 15000000 2846179 211995225 5409948 6223 392.933105 9.860028211
1.25384 15000000 3024065 212725048 5429281 5723 402.590149 10.024775525
0.979161 15000000 4314345 208070327 5334321 4425 495.535278 12.209370243
0.905616 15000000 3620087 209390164 5355257 5465 441.566711 10.901445016
1.03351 15000000 2980184 210715525 5401701 4455 395.636230 9.819589005
1.0541 15000000 3886007 215114871 5511132 5647 454.172852 10.832694605
