"Validation time(S)" "Commits" "Aborts" "Val Reads" "Val success" "Val fail" "Energy (J)" "Time(S)"
0.003958 6890 3309159 468770 571 149 275.378113 5.323000000
0.002803 8677 3093509 385496 515 146 275.217529 5.289000000
0.009646 8858 3036957 282643 519 171 275.129700 5.266000000
0.002496 7120 3130668 364292 496 128 272.731934 5.251000000
0.027649 7790 3185665 516669 521 134 283.793213 5.447000000
0.006813 7304 3203581 389800 496 134 276.996216 5.346000000
0.007469 7935 3167108 486265 508 137 277.116516 5.355000000
0.007717 7325 3140272 483373 528 133 276.330139 5.309000000
0.003233 8123 3149335 400156 448 148 274.878174 5.269000000
0.00192 7304 3298151 295927 466 131 276.763184 5.306000000
0.002847 7920 3197310 421944 523 143 281.297180 5.387000000
0.003201 8827 3034760 473573 586 155 276.986267 5.312000000
0.018036 7250 3305618 361370 477 111 279.622375 5.361000000
0.002544 7321 3246021 399433 536 144 278.496094 5.344000000
0.002175 7689 3277839 333013 484 149 284.010498 5.435000000
0.023467 8522 3191345 552192 536 159 284.145142 5.394000000
0.018976 7324 3126280 435544 527 148 274.015198 5.238000000
0.002971 7843 3199158 446457 529 120 278.564941 5.383000000
0.014756 8392 3254288 321657 466 147 280.353577 5.365000000
0.00361 7920 3248925 523289 514 109 280.573730 5.437000000
0.002713 8244 3045464 352213 499 184 275.235840 5.257000000
