"Validation time(S)" "Commits" "Aborts" "Val Reads" "Val success" "Val fail" "Energy (J)" "Time(S)"
0.030944 267 12995852 2828425 231 196 1702.069885 35.655000000
0.079086 264 11366856 2495569 227 158 1356.914673 30.560000000
0.054372 259 15263479 1234524 239 140 1740.787903 33.889000000
0.04155 184 12636446 5641675 159 85 1423.089783 29.117000000
0.059593 270 17021816 6284179 256 219 1938.415466 38.248000000
0.134758 285 14343528 7247284 289 258 1675.522766 33.132000000
0.013443 266 15199924 1729496 222 149 1749.033508 33.595000000
0.162297 276 12296147 4929924 267 234 1580.024841 34.605000000
0.044716 267 12317276 2855975 225 206 1654.241211 34.246000000
0.091702 267 17694319 6109167 241 197 2073.410156 40.468000000
0.04801 293 15027930 4039166 282 239 1688.197327 33.199000000
0.12003 285 19798905 9260329 255 229 2332.536987 45.866000000
0.255406 267 13384414 16815581 242 228 1567.829590 30.822000000
0.014391 234 11371402 1756983 184 131 1459.096497 30.466000000
0.02057 280 16319432 1645350 240 225 1909.520203 36.884000000
0.130224 274 14582774 7797624 239 210 1644.632629 33.375000000
0.099724 273 17552132 8492905 282 229 2021.848511 39.691000000
0.051408 289 16097801 3211338 285 224 1889.782959 37.537000000
0.151006 267 11675739 9151233 222 223 1687.063904 38.435000000
0.036748 274 14854350 2085496 219 216 1837.038147 39.409000000
