"Validation time(S)" "Commits" "Aborts" "Val Reads" "Val success" "Val fail" "Energy (J)" "Time(S)"
0.002347 8484 3146436 357436 543 136 278.464844 5.346000000
0.002133 7984 3194524 319036 486 124 281.826965 5.454000000
0.005523 7920 3215497 466732 483 115 280.401062 5.363000000
0.003662 7494 3140688 487278 554 145 272.103760 5.270000000
0.002687 8209 3152758 381656 438 124 274.957458 5.339000000
0.004079 7936 3223383 543421 534 140 276.751770 5.315000000
0.003254 7702 3166603 479986 525 135 274.599609 5.294000000
0.003088 7747 3155346 435311 560 123 277.308594 5.345000000
0.002523 8399 3051128 276034 525 163 275.961975 5.308000000
0.002057 7023 3225767 321741 519 152 281.392273 5.493000000
0.002831 7501 3226347 364879 526 131 278.983154 5.433000000
0.002522 8708 3131321 360970 445 124 280.140320 5.385000000
0.003366 7689 3156756 441321 486 135 276.775513 5.335000000
0.002672 8123 3158439 366865 545 141 278.638062 5.333000000
0.002258 7795 3252244 363741 541 144 277.491028 5.305000000
0.003599 9277 3190537 479911 468 127 282.931213 5.405000000
0.002382 8016 3160179 362882 525 153 277.519714 5.314000000
0.002528 7984 3334324 369471 515 155 282.413269 5.406000000
0.008228 7491 3165491 421539 513 146 274.056458 5.250000000
0.010222 7591 3149043 400958 494 148 278.544739 5.320000000
