"Validation time(S)" "Commits" "Aborts" "Val Reads" "Val success" "Val fail" "Energy (J)" "Time(S)"
2.02569 1000000 19878 198026550 53824 6446 316.408630 5.112778187
2.13272 1000000 26469 197497589 53650 6615 320.362061 5.294868946
2.14574 1000000 26098 197641751 53923 6304 312.691162 5.119541883
2.03477 1000000 22428 191049162 52751 6002 305.533325 5.015391653
1.79417 1000000 30392 196643591 53692 6294 316.888550 5.241772742
1.86767 1000000 27749 195325718 52876 6355 311.986084 5.181266071
1.98453 1000000 23599 192787720 53669 6263 303.727051 4.955032258
1.64233 1000000 22926 191243047 52430 6168 310.727417 5.069521427
1.94162 1000000 7039 197699340 55370 5826 282.256165 4.400372335
1.87763 1000000 21128 202770824 54153 6234 318.709290 5.190641543
1.73349 1000000 32230 200717160 54488 6350 312.944824 5.175597579
1.8646 1000000 30719 197437207 52585 6289 317.859863 5.320337706
1.76739 1000000 9984 207820937 55903 5962 305.577881 4.760278291
1.89135 1000000 15821 199913498 54217 5951 302.802673 4.797608632
1.64751 1000000 34723 194385032 53260 6242 313.042297 5.204883083
1.82111 1000000 27567 191588596 52773 6060 305.846191 5.006951044
1.57032 1000000 23297 194551373 52747 6016 313.439026 5.113161941
1.79194 1000000 23108 199742834 53738 6480 307.005371 5.014380355
2.16765 1000000 25212 202841595 54157 6446 321.371460 5.333797227
2.07689 1000000 27459 198261956 53980 6321 310.325134 5.087957515
