"Validation time(S)" "Commits" "Aborts" "Val Reads" "Val success" "Val fail" "Energy (J)" "Time(S)"
5.03104 22362355 168948 19605919 19605912 7 231.043823 6.607214212
5.0248 22362343 183114 19502834 19502829 5 233.692444 6.686152935
4.73378 22362349 189978 19641232 19641223 9 232.505310 6.623869896
5.2183 22362343 168813 19590701 19590692 9 232.016235 6.687854767
5.13183 22362349 191413 19524879 19524872 7 232.545105 6.757017136
4.60722 22362351 197624 19375339 19375329 10 236.138550 6.849381924
4.87351 22362343 180695 19598061 19598054 7 231.314331 6.697261095
5.39965 22362347 183705 19573617 19573606 11 231.658203 6.679733992
5.00971 22362343 172545 19573766 19573755 11 230.985291 6.659031153
4.72229 22362355 214300 19487592 19487587 5 232.824768 6.707989931
4.91907 22362347 190853 19358355 19358348 7 231.663757 6.707026958
4.60468 22362347 201639 19434842 19434831 11 233.179199 6.729871035
4.66107 22362347 178715 19534096 19534087 9 232.165100 6.716376066
4.73865 22362351 181230 19566922 19566917 5 230.810059 6.650614977
4.82909 22362355 192361 19550609 19550597 12 232.740906 6.726858139
5.38925 22362351 181100 19549406 19549401 5 233.439148 6.718196154
5.00642 22362353 202139 19533889 19533880 9 232.469421 6.685356140
4.92357 22362347 205448 19429190 19429185 5 233.734497 6.743023157
5.14481 22362351 183479 19512140 19512133 7 231.489136 6.681444168
5.28938 22362343 212878 19362791 19362786 5 234.831421 6.752267122
4.72901 22362343 202149 19527863 19527853 10 232.185852 6.683925867
5.4197 22362351 208877 19437513 19437506 7 233.840088 6.757536173
4.78485 22362353 210710 19453350 19453342 8 232.425598 6.694953203
