"Validation time(S)" "Commits" "Aborts" "Val Reads" "Val success" "Val fail" "Energy (J)" "Time(S)"
0.002663 9984 611800 798549 7721 1482 75.853577 1.531745911
0.026656 9984 615154 794579 7597 1532 73.780396 1.501013041
0.002796 9984 641126 878869 8201 1724 84.710754 1.710016012
0.002763 9984 702039 844471 8062 1639 93.677795 1.897395134
0.002479 9984 918303 764794 7418 1605 126.479187 2.559563875
0.002775 9984 553787 844876 8118 1666 75.605469 1.541316032
0.002923 9984 486003 901106 8471 1707 62.800842 1.279381037
0.001971 9984 618021 610262 6207 1221 77.865051 1.562494040
0.002731 9984 405269 849942 7896 1654 51.243164 1.059681892
0.002276 9984 750154 690294 6899 1462 100.264343 2.044978142
0.002885 9984 500366 891213 8292 1715 64.487976 1.321925163
0.002169 9984 635881 677651 6762 1372 85.240967 1.740874052
0.002454 9984 797675 733907 7129 1570 99.365051 2.025871038
0.002041 9984 671554 641340 6407 1335 80.491455 1.627731085
0.001926 9984 848646 586264 6224 1283 112.000061 2.267831087
0.002771 9984 478275 844038 8013 1547 64.340454 1.319408894
0.00185 9984 842663 581009 6053 1361 104.199585 2.106541872
0.001875 9984 607257 587155 6181 1295 78.183594 1.594915152
0.002847 9984 351282 862949 8197 1473 39.219299 0.783921957
0.002122 9984 462806 695054 6886 1372 56.086426 1.125327110
0.002567 9984 696286 766798 7543 1539 90.775085 1.814188849
0.002642 9984 492214 795322 7724 1457 64.033447 1.294580433
0.002379 9984 571514 720953 7128 1434 70.276978 1.416649725
0.002199 9984 689432 662519 6680 1367 87.160645 1.760675178
0.003169 9984 542166 950157 8740 1798 76.031616 1.521988219
0.002962 9984 602398 644640 6569 1281 82.059387 1.655248803
0.002278 9984 436545 691898 6905 1363 52.359436 1.055848899
0.002105 9984 722986 626890 6348 1347 94.746582 1.928426536
0.002193 9984 530778 664584 6674 1345 75.257446 1.524835603
0.002029 9984 750649 603241 6255 1289 93.691345 1.894958770
