"Validation time(S)" "Commits" "Aborts" "Val Reads" "Val success" "Val fail" "Energy (J)" "Time(S)"
0.005314 17879000 13587 2687870 173 65 4021.340576 60.659876315
0.004837 44359220 29530 2304995 287 94 4039.445618 60.671374799
0.005149 50316399 5925 2065689 394 269 4031.167542 60.642448818
0.002267 54425257 65865 733565 644 444 4003.469360 60.682063980
0.002737 25778633 28925 1284575 297 149 4033.567993 60.658427858
0.00302 10627600 13 1509118 42 10 3964.788025 60.658242821
0.005299 34274288 23815 2653498 297 144 4007.224609 60.677472001
0.00365 42013443 35040 1786282 301 131 4012.801453 60.670666129
0.002051 50916930 43467 957806 525 252 4012.739319 60.657120552
0.001948 52588706 23710 846809 328 159 4009.087158 60.650682135
0.007575 28423951 5309 3386014 165 108 4007.152344 60.656455043
0.007916 14514776 30141 3812923 377 163 3997.951721 60.674298736
0.001812 20855459 902 955183 73 51 4031.345825 60.678449680
0.002155 50414129 44825 1013968 337 153 4006.928772 60.664083756
0.006715 38739692 35382 3330338 468 317 4037.110291 60.655065870
0.004896 51671933 49681 797866 732 290 4029.827148 60.648693455
0.002796 35673969 6603 1332346 77 22 4003.474426 60.642659374
0.004944 24255393 7684 2255751 110 36 3986.343384 60.671772582
0.002742 44273850 26712 1221638 367 290 4028.954041 60.659629088
0.001836 5803744 18 1002769 29 6 3965.382263 60.652381207
