"Validation time(S)" "Commits" "Aborts" "Val Reads" "Val success" "Val fail" "Energy (J)" "Time(S)"
0.005337 6922219 31929 2341550 306 73 4001.390869 60.659074400
0.007381 11118250 25544 3377895 307 204 3964.891785 60.662319988
0.002632 8499144 0 886631 23 0 3950.438782 60.648622319
0.005554 42147253 31101 2345642 431 279 3997.836304 60.664912329
0.001792 42426307 59660 726857 770 337 3991.188782 60.664113639
0.006292 14470146 21653 2724302 269 166 3964.351929 60.663384336
0.00264 33384615 48637 1140615 545 204 3976.955078 60.650535896
0.003886 46581866 25449 1049459 321 138 4001.888733 60.652487950
0.005348 45466826 49498 2073703 549 257 4015.907349 60.663438708
0.005698 45304634 71284 1853197 645 345 3978.541077 60.680049351
0.002621 7128731 3 1407350 50 2 3998.618225 60.655761679
0.004405 13624198 12396 1900575 180 51 3999.951660 60.698503576
0.004969 31214565 45821 2262132 354 211 3971.459656 60.644447224
0.009123 28426030 16613 4200825 336 235 3969.949890 60.674490941
0.001133 47697193 33676 416459 331 210 4011.695679 60.644665285
0.00084 55094792 48644 338911 440 246 3979.101074 60.661410785
0.002096 37792044 46463 774533 513 266 3980.548645 60.646766463
0.008374 45589238 27242 3425492 593 401 3956.725098 60.664378320
0.003958 45866053 69795 1045460 569 334 4016.204651 60.646712331
0.005166 5068378 16104 2417694 186 102 3983.040283 60.683895971
