"Validation time(S)" "Commits" "Aborts" "Val Reads" "Val success" "Val fail" "Energy (J)" "Time(S)"
2.66709 4194304 180913 1136626212 4047787 8130 358.294434 10.413328171
2.71424 4194304 124478 1138989027 4056379 7531 344.822998 9.775423050
2.76824 4194304 138808 1140445580 4061852 7558 345.291931 9.716794968
2.6493 4194304 196386 1135267568 4042290 12382 372.787354 10.932593107
2.58263 4194304 173707 1134119658 4039106 7245 335.804321 9.622339010
2.66382 4194304 129177 1140139981 4060594 9930 323.791504 8.930510998
2.6948 4194304 154324 1138642416 4054967 8489 351.476929 9.990020037
2.54088 4194304 177305 1137139998 4050033 7913 359.537292 10.406881809
2.70405 4194304 150842 1141565829 4065982 7409 340.933655 9.646954060
2.69515 4194304 160959 1139484404 4058160 7201 346.820740 9.819187164
2.584 4194304 158835 1137581299 4051400 9371 349.589539 10.072830915
2.5263 4194304 161299 1135265576 4042999 7449 354.008789 10.230646849
2.66295 4194304 161707 1137456809 4050921 8636 342.711243 9.630079985
2.61882 4194304 165905 1135890657 4044985 7292 368.900269 10.676543951
2.64184 4194304 144944 1139513102 4058447 7126 346.033997 9.868559122
2.66403 4194304 153402 1137720623 4051897 8554 345.042908 9.710463047
2.5736 4194304 146759 1137382978 4050337 9845 348.489075 9.942342997
2.63502 4194304 157457 1138667271 4055306 7944 344.644531 9.805801868
2.65455 4194304 169870 1137927788 4052601 8939 347.232117 9.850172997
2.58714 4194304 171432 1134991973 4041934 8919 352.368774 10.094799995
2.61332 4194304 147795 1137219038 4050021 8105 336.727539 9.482810974
2.67057 4194304 132902 1137175109 4049794 8925 397.063843 11.644877195
2.63277 4194304 132142 1141436641 4064748 11699 343.745422 9.686575174
