"Validation time(S)" "Commits" "Aborts" "Val Reads" "Val success" "Val fail" "Energy (J)" "Time(S)"
0.002883 14328 49272 675185 3342 1680 130.114441 3.935871840
0.003026 14075 56864 680639 3292 1581 122.550110 3.726289988
0.015401 14218 45511 687417 3264 1839 118.349426 3.647734880
0.015593 14297 758910 629831 3028 1534 233.040710 6.157937050
0.003137 14178 43729 675939 3217 1722 118.215881 3.542474031
0.002881 14304 47491 687568 3367 1795 137.213013 4.063723087
0.023079 14371 57219 698037 3477 1872 135.392578 4.065979958
0.00272 14382 40768 618215 2925 1619 104.427002 3.188537121
0.002841 14336 31653 645048 3097 1649 103.587402 3.199250937
0.002835 14336 51690 678905 3272 1823 134.696167 4.069370985
0.054977 14295 68520 689688 3310 1816 142.816650 4.311554193
0.002821 14265 50038 710205 3461 1850 130.319092 4.049416065
0.002752 14234 48166 631698 3024 1545 103.474915 3.180642843
0.022422 14213 44310 682633 3199 1815 137.273315 4.292183876
0.030573 14217 59526 684922 3327 1644 136.024170 3.999709845
0.002759 14207 44448 656571 3195 1588 118.706360 3.756423950
0.005059 14307 47187 676749 3265 1708 126.234863 3.832625151
0.002827 14421 55916 677286 3261 1704 128.899963 3.831696987
0.002848 14284 38488 660007 3179 1633 125.770142 3.784934998
0.00345 14277 45188 681130 3252 1697 118.091187 3.616760969
0.046752 14032 43262 662608 3112 1694 119.021667 3.567882061
0.002939 14348 62262 678385 3247 1746 135.519287 4.082663059
0.002708 13987 49778 667574 3218 1827 133.920532 4.011461020
