"Validation time(S)" "Validation time(S) CPU" "Validation time(S) GPU" "Commits" "Aborts" "Val Reads" "CPU Val Reads" "GPU Val Reads" "Wasted Val Reads" "GPU employment times" "Val success" "Val fail" "Snapshot ext. calls" "Energy (J)" "Time(S)"
0.002714 0.002604 0.000000 8016 28574335 752273 752273 0 0 0 436 0 5 219.838440 5.092000000
0.002806 0.002709 0.000000 7948 29920668 840242 840242 0 0 0 467 0 8 224.072083 5.083000000
0.002510 0.002404 0.000000 8223 28695383 724199 724199 0 0 0 435 0 11 225.703979 5.078000000
0.002979 0.002884 0.000000 8220 30359986 892718 892718 0 0 0 478 0 5 225.923706 5.090000000
0.002940 0.002835 0.000000 8098 29908616 838147 838147 0 0 0 465 0 7 222.592712 5.080000000
0.002709 0.002611 0.000000 7777 27458765 762940 762940 0 0 0 444 0 17 224.041565 5.088000000
0.002683 0.002584 0.000000 8408 30631764 795941 795941 0 0 0 436 0 3 224.633240 5.077000000
0.002671 0.002587 0.000000 8688 29024531 745218 745218 0 0 0 457 0 6 226.014771 5.078000000
0.002914 0.002810 0.000000 8223 26345291 840926 840926 0 0 0 474 0 13 225.095276 5.077000000
0.003141 0.003038 0.000000 8240 28410647 869416 869416 0 0 0 513 0 8 221.710571 5.091000000
0.002706 0.002616 0.000000 8219 28996377 793501 793501 0 0 0 458 0 10 225.330994 5.080000000
0.002499 0.002415 0.000000 7849 27906777 746065 746065 0 0 0 411 0 5 223.990540 5.086000000
0.002558 0.002468 0.000000 7985 28038665 766802 766802 0 0 0 437 0 4 224.200317 5.086000000
0.002821 0.002728 0.000000 7795 28497885 798909 798909 0 0 0 450 0 10 224.777832 5.084000000
0.002835 0.002739 0.000000 7935 29412355 765895 765895 0 0 0 453 0 10 238.352966 5.098000000
0.002657 0.002558 0.000000 8240 30104437 743969 743969 0 0 0 449 0 5 224.975159 5.084000000
0.002695 0.002600 0.000000 7929 27475790 777844 777844 0 0 0 449 0 8 219.114746 5.095000000
0.002597 0.002508 0.000000 8099 30317721 761954 761954 0 0 0 424 0 9 224.165344 5.071000000
0.002950 0.002849 0.000000 7903 28444153 852092 852092 0 0 0 485 0 7 224.085999 5.081000000
0.002786 0.002687 0.000000 8155 30472485 797491 797491 0 0 0 429 0 8 218.195496 5.075000000
0.002668 0.002580 0.000000 8259 30433114 759881 759881 0 0 0 437 0 3 225.239380 5.092000000
0.002816 0.002722 0.000000 7948 29874119 799285 799285 0 0 0 463 0 7 219.022766 5.087000000
