"Validation time(S)" "Validation time(S) CPU" "Validation time(S) GPU" "Commits" "Aborts" "Val Reads" "CPU Val Reads" "GPU Val Reads" "Wasted Val Reads" "GPU employment times" "Val success" "Val fail" "Snapshot ext. calls" "Energy (J)" "Time(S)"
0.012202 0.012188 0.011900 52 59104028 4741610 1467626 3273984 128102 4 4 0 1 283.266968 5.946000000
0.022838 0.022822 0.022618 52 65140384 8966892 2703852 6263040 9681 4 5 0 0 287.056702 6.043000000
0.041432 0.041403 0.040205 53 49000124 17280078 5065806 12214272 7379 7 7 0 0 255.860107 5.428000000
0.024886 0.024866 0.024190 52 64535768 9652648 3013288 6639360 104792 5 4 0 1 284.185913 5.944000000
0.038877 0.038851 0.038258 53 51134946 16828054 5189014 11639040 20704 7 8 0 0 272.686401 5.756000000
0.040606 0.040581 0.040491 53 49754799 17641309 5464669 12176640 11285 7 7 0 0 271.894958 5.785000000
0.012979 0.012966 0.012158 52 59861606 4930608 1538352 3392256 1268427 3 3 0 1 285.546448 6.043000000
0.025029 0.025011 0.024652 52 63739233 9820216 2863672 6956544 7492 5 6 0 0 278.796448 5.862000000
0.012141 0.012126 0.011280 52 57909103 4657402 1507066 3150336 765955 4 3 0 1 285.075745 6.037000000
0.026048 0.026028 0.036502 52 64824983 10191248 3089552 7101696 4737 5 5 0 0 283.663818 5.962000000
0.026093 0.026071 0.025694 53 40818061 11752178 3655922 8096256 1265056 6 6 0 1 268.104492 5.699000000
0.025073 0.025055 0.024544 52 65561240 9693674 3005930 6687744 7375 5 6 0 0 282.536072 5.940000000
0.012837 0.012823 0.012125 52 58951929 4893004 1495372 3397632 192294 4 3 0 1 277.271606 6.004000000
0.038613 0.038592 0.038049 53 49852062 16592117 5130485 11461632 11043 6 8 0 0 272.497742 5.776000000
0.028667 0.028649 0.028248 52 65431215 11208645 3397317 7811328 14544 5 5 0 0 280.629089 5.917000000
0.037837 0.037813 0.036904 53 49064110 16264186 5092858 11171328 9035 6 7 0 0 265.704163 5.683000000
0.042009 0.041980 0.041581 53 51029939 18254387 5481011 12773376 14766 7 8 0 0 264.661133 5.819000000
0.024856 0.024838 0.024465 52 65558623 9777185 2885153 6892032 12435 5 6 0 0 283.040100 5.972000000
0.023082 0.023067 0.022461 52 66884434 8964066 2765538 6198528 7788 4 5 0 0 288.388428 6.113000000
0.048612 0.048584 0.048280 53 49609286 20891436 6413868 14477568 10853 6 7 0 0 266.424500 5.674000000
0.024631 0.024614 0.035382 52 62723545 9687826 2924818 6763008 10002 5 6 0 0 277.270691 5.861000000
0.012762 0.012744 0.012490 52 59518358 4912949 1542197 3370752 2039758 4 4 0 1 289.327820 6.115000000
