"Validation time(S)" "Validation time(S) CPU" "Validation time(S) GPU" "Commits" "Aborts" "Val Reads" "CPU Val Reads" "GPU Val Reads" "Wasted Val Reads" "GPU employment times" "Val success" "Val fail" "Snapshot ext. calls" "Energy (J)" "Time(S)"
0.030677 0.030658 0.030349 53 48412743 11768568 3252984 8515584 9546 5 6 0 0 260.147156 5.518000000
0.038365 0.038339 0.038035 53 49177785 16624379 5065979 11558400 23997 7 8 0 0 267.176270 5.686000000
0.029095 0.029073 0.028673 53 44583252 13143249 4030929 9112320 2173159 6 5 0 1 267.962097 5.725000000
0.047543 0.047517 0.047192 53 50038441 20336249 6159737 14176512 14849 7 7 0 0 265.136597 5.642000000
0.026744 0.026727 0.026465 52 63899816 10309353 3121641 7187712 11553 5 5 0 0 281.002747 5.881000000
0.055658 0.055628 0.054854 54 86631100 24782973 7579773 17203200 11032 8 10 0 0 275.338318 5.750000000
0.024864 0.024845 0.024604 53 49814119 9525644 2827148 6698496 8203 4 4 0 0 267.022583 5.680000000
0.012904 0.012889 0.012099 52 59184759 4872249 1544505 3327744 349082 4 3 0 1 275.896606 5.982000000
0.050974 0.050947 0.050640 54 78421257 22423200 6300576 16122624 100821 6 9 0 1 264.311401 5.615000000
0.026093 0.026075 0.025840 53 48977457 11602553 3436409 8166144 32245 4 5 0 1 257.342590 5.644000000
0.027438 0.027417 0.027165 53 47219011 12248448 3775872 8472576 69990 5 6 0 1 262.905823 5.686000000
0.027636 0.027615 0.027437 53 47794604 12409883 3851291 8558592 52650 5 5 0 1 268.289062 5.684000000
0.039864 0.039839 0.039464 53 49450543 17023491 5282307 11741184 14870 7 8 0 0 263.351318 5.677000000
0.024478 0.024460 0.023943 52 65607292 9639341 2913965 6725376 17547 5 6 0 0 287.049683 6.028000000
0.037666 0.037643 0.037224 53 50898929 16216765 4954045 11262720 17075 6 7 0 0 265.680237 5.734000000
0.023649 0.023626 0.022271 53 44338011 12334065 3990513 8343552 129351 6 6 0 1 270.434448 5.762000000
0.040478 0.040451 0.040245 57 60194001 17755893 5455605 12300288 183532 7 6 0 1 306.266907 6.916000000
0.037885 0.037863 0.037567 54 77453275 16273071 4978095 11294976 13181 6 7 0 0 260.808472 5.436000000
0.012002 0.011988 0.011596 52 59470450 4656293 1468325 3187968 496180 4 3 0 1 283.096802 6.023000000
0.040077 0.040048 0.039426 53 47996307 17211539 5373587 11837952 16734 7 8 0 0 268.249329 5.702000000
0.024694 0.024676 0.024248 52 64001321 9356970 2524074 6832896 8703 5 6 0 0 284.858093 5.978000000
0.012341 0.012326 0.012105 52 48299582 4829443 1415683 3413760 856139 3 3 0 1 252.536133 5.565000000
