"Validation time(S)" "Validation time(S) CPU" "Validation time(S) GPU" "Commits" "Aborts" "Val Reads" "CPU Val Reads" "GPU Val Reads" "Wasted Val Reads" "GPU employment times" "Val success" "Val fail" "Snapshot ext. calls" "Energy (J)" "Time(S)"
0.002901 0.002802 0.000000 8219 28185493 829120 829120 0 0 0 476 0 7 225.052612 5.091000000
0.002608 0.002522 0.000000 8244 28419780 696941 696941 0 0 0 433 0 2 225.412598 5.089000000
0.002644 0.002541 0.000000 7974 28458773 758764 758764 0 0 0 440 0 5 224.040649 5.083000000
0.002567 0.002479 0.000000 7766 29265066 723278 723278 0 0 0 433 0 5 224.237183 5.076000000
0.002612 0.002526 0.000000 8335 28716848 740746 740746 0 0 0 438 0 3 223.482544 5.077000000
0.002679 0.002587 0.000000 8240 27480813 797216 797216 0 0 0 434 0 9 224.782410 5.084000000
0.002472 0.002380 0.000000 8219 26866954 675766 675766 0 0 0 414 0 7 224.445984 5.087000000
0.002393 0.002318 0.000000 8016 28363513 713342 713342 0 0 0 383 0 2 223.045898 5.088000000
0.002472 0.002393 0.000000 7995 27948549 698550 698550 0 0 0 425 0 6 223.780762 5.080000000
0.003060 0.002943 0.000000 8335 27487587 867373 867373 0 0 0 506 0 6 224.800232 5.081000000
0.002607 0.002524 0.000000 8156 27774528 739428 739428 0 0 0 427 0 6 225.715820 5.073000000
