"Validation time(S)" "Validation time(S) CPU" "Validation time(S) GPU" "Commits" "Aborts" "Val Reads" "CPU Val Reads" "GPU Val Reads" "Wasted Val Reads" "GPU employment times" "Val success" "Val fail" "Snapshot ext. calls" "Energy (J)" "Time(S)"
0.006598 0.006448 0.000000 15041 66885664 1555317 1555317 0 0 0 658 0 6 899.342590 20.138000000
0.006592 0.006455 0.000000 15372 57914589 1526393 1526393 0 0 0 687 0 7 895.517944 20.149000000
0.006302 0.006161 0.000000 16249 60764271 1491390 1491390 0 0 0 660 0 3 901.811157 20.130000000
0.006660 0.006514 0.000000 14897 61345394 1598093 1598093 0 0 0 697 0 3 900.778381 20.138000000
0.006655 0.006522 0.000000 15650 59585372 1544005 1544005 0 0 0 670 0 2 893.961182 20.130000000
0.006926 0.006773 0.000000 14412 62620689 1630853 1630853 0 0 0 715 0 0 899.094360 20.136000000
0.006332 0.006185 0.000000 14404 56518936 1490281 1490281 0 0 0 650 0 3 885.462585 20.138000000
0.006446 0.006307 0.000000 15109 58067784 1523964 1523964 0 0 0 653 0 4 897.019104 20.131000000
0.006511 0.006358 0.000000 15090 55338858 1543500 1543500 0 0 0 649 0 5 894.223877 20.146000000
0.006343 0.006203 0.000000 15076 58850866 1532208 1532208 0 0 0 645 0 3 902.024292 20.130000000
0.006779 0.006624 0.000000 14614 56732095 1613930 1613930 0 0 0 728 0 5 896.722229 20.137000000
