"Validation time(S)" "Validation time(S) CPU" "Validation time(S) GPU" "Commits" "Aborts" "Val Reads" "CPU Val Reads" "GPU Val Reads" "Wasted Val Reads" "GPU employment times" "Val success" "Val fail" "Snapshot ext. calls" "Energy (J)" "Time(S)"
0.048532 0.048505 0.057446 220 110598366 22197785 7150361 15047424 15066 7 11 0 0 993.052063 20.574000000
0.033720 0.033694 0.031939 87 191734682 14791663 4932079 9859584 821923 6 7 0 1 975.585327 20.265000000
0.049595 0.049557 0.047589 206 131226654 20206590 6444030 13762560 21486 9 10 0 0 980.489075 20.352000000
0.083196 0.083136 0.080523 175 57841461 35161603 11104003 24057600 270675 14 15 0 1 1001.380554 20.987000000
0.037770 0.037724 0.035700 214 93229915 13996924 4363132 9633792 144284 10 13 0 3 972.359619 20.217000000
0.040811 0.040779 0.038760 187 81250767 17093458 5647954 11445504 226708 8 10 0 1 987.504211 20.687000000
0.013332 0.013315 0.011595 239 106252065 4911482 1685882 3225600 233446 4 5 0 2 1004.097168 20.846000000
0.015286 0.015277 0.013530 213 132575157 5590323 1929267 3661056 4310 2 6 0 0 998.414734 21.263000000
0.012992 0.012971 0.011240 157 133744044 4783718 1649510 3134208 686566 5 4 0 3 994.295166 20.530000000
0.014475 0.014454 0.012689 217 99822602 5339473 1839697 3499776 618531 5 6 0 3 981.850891 20.500000000
0.052902 0.052856 0.050940 108 101758310 23334790 7464838 15869952 419325 11 10 0 2 973.559143 20.158000000
