"Validation time(S)" "Validation time(S) CPU" "Validation time(S) GPU" "Commits" "Aborts" "Val Reads" "CPU Val Reads" "GPU Val Reads" "Wasted Val Reads" "GPU employment times" "Val success" "Val fail" "Snapshot ext. calls" "Energy (J)" "Time(S)"
0.006654 0.006496 0.000000 14185 53559748 1645287 1645287 0 0 0 712 0 4 901.552246 20.131000000
0.006871 0.006727 0.000000 15031 59221114 1638172 1638172 0 0 0 713 0 6 900.988647 20.131000000
0.006296 0.006154 0.000000 15414 60538182 1543577 1543577 0 0 0 688 0 6 903.007690 20.147000000
0.006446 0.006293 0.000000 15348 60905000 1520693 1520693 0 0 0 683 0 4 899.620972 20.130000000
0.007331 0.007172 0.000000 15318 58328033 1707504 1707504 0 0 0 744 0 11 893.803894 20.137000000
0.006579 0.006446 0.000000 16008 61414233 1518904 1518904 0 0 0 664 0 5 899.260742 20.128000000
0.006331 0.006189 0.000000 15699 58569774 1473559 1473559 0 0 0 677 0 5 901.922058 20.126000000
0.007378 0.007228 0.000000 14721 56899849 1716325 1716325 0 0 0 761 0 4 900.452026 20.137000000
0.006248 0.006108 0.000000 15423 59866210 1467533 1467533 0 0 0 655 0 4 903.224487 20.128000000
0.006879 0.006726 0.000000 14317 58138375 1681500 1681500 0 0 0 719 0 10 901.308472 20.131000000
0.006367 0.006217 0.000000 15111 63882016 1505524 1505524 0 0 0 685 0 5 903.835083 20.136000000
