"Validation time(S)" "Commits" "Aborts" "Val Reads" "Val success" "Val fail" "Energy (J)" "Time(S)"
1.08771 150000000 1119784481 32047791 7606963 552574 516.738770 8.140776873
1.33749 150000000 1200890962 32171138 7537171 552489 525.678772 8.342695951
1.31302 150000000 1106350338 30133339 7529136 529379 487.720886 7.710476875
1.16064 150000000 1231311751 30758031 7519134 543758 520.007568 8.243569136
1.20775 150000000 1186924585 31360596 7542164 537566 517.487976 8.148741007
1.06239 150000000 1125283051 31442936 7555124 503782 506.021118 7.905352831
0.994786 150000000 1028494639 33392511 7656095 531577 477.151917 7.536422014
1.29958 150000000 1148807732 30843430 7575088 531103 512.079224 8.148585081
1.08666 150000000 1135092800 31197956 7622627 561085 500.954834 7.907567978
1.21022 150000000 1131620701 30986229 7522687 530254 507.194397 7.967051983
1.41578 150000000 1119802569 31168117 7535768 519871 515.862976 8.205402851
1.11178 150000000 1016320031 31739220 7593045 515237 470.412964 7.404445171
1.55211 150000000 1089577681 31161039 7590696 525566 502.101135 7.902740955
1.20707 150000000 1014856936 32068069 7585332 556177 468.493835 7.437252998
1.20454 150000000 1064895788 30738058 7572741 540961 490.025635 7.710207939
1.18463 150000000 1062117838 31609944 7565282 527947 482.822021 7.617022038
1.15081 150000000 1185655398 32494658 7602156 558305 517.262024 8.124233007
1.50306 150000000 1115233737 31168401 7599906 552675 495.697876 7.794130087
1.05051 150000000 984278995 31489798 7503258 495855 461.082825 7.294975042
0.961822 150000000 1219941239 30476369 7556395 515451 532.596802 8.427718163
