"Validation time(S)" "Commits" "Aborts" "Val Reads" "Val success" "Val fail" "Energy (J)" "Time(S)"
0.66165 35000000 494614345 19425567 11830432 4036 236.320740 3.939337969
0.94773 35000000 578546740 19294474 11765990 4264 262.872681 4.336910963
0.888213 35000000 406676796 19360709 11799829 4271 210.659668 3.507553101
0.994938 35000000 492675885 19414817 11818851 3806 236.268982 3.913735151
1.14565 35000000 510376755 19256981 11755385 4685 240.911926 4.010458946
1.0162 35000000 512499662 19260280 11750334 5151 242.895935 4.039392948
0.877742 35000000 533798079 19254216 11748286 3826 249.222229 4.123740911
0.91485 35000000 415021622 19279673 11764486 3700 212.161499 3.543339014
1.00132 35000000 526558719 19340140 11789656 4115 246.057190 4.070117950
0.696315 35000000 491889183 19213614 11731285 4478 236.737976 3.926750183
0.88567 35000000 509294306 19127501 11694526 3526 242.728638 4.026936054
1.01761 35000000 409517444 19119457 11683326 5107 210.680664 3.508770943
0.964308 35000000 477658776 19397594 11816348 3772 234.894409 3.880700111
0.768096 35000000 503965825 19306771 11771857 4132 240.356323 4.013244152
0.725741 35000000 531939781 19307127 11774684 3932 249.259277 4.110088110
0.920374 35000000 371451515 19389938 11816797 3541 200.079773 3.323996067
0.938497 35000000 505323012 19438590 11844424 3970 240.347839 3.998126984
0.976038 35000000 540201404 19207695 11725739 3685 251.138367 4.143225193
0.809548 35000000 478870667 19260930 11751256 4413 229.815430 3.852792025
0.781568 35000000 520138314 19175968 11715150 4995 244.293701 4.088876009
