"Validation time(S)" "Commits" "Aborts" "Val Reads" "Val success" "Val fail" "Energy (J)" "Time(S)"
2.90069 23428157 4324645679 528582501 9272456 117722 1834.406006 32.809981108
2.6882 23428157 4477963979 521781620 9233455 125448 1888.851440 33.808752060
2.78802 23428157 3460069474 524597727 9270901 113416 1709.098267 30.876188040
3.08897 23428157 4437954495 529039400 9274320 106326 1881.700317 33.652151823
2.73454 23428157 3254627753 529816609 9311378 125220 1712.334106 31.042665958
2.62192 23428157 4555865171 530510401 9288541 126385 1971.845459 34.639652967
2.83783 23428157 3778984082 525752996 9266808 113001 1760.494690 31.735519886
2.90501 23428157 4355853206 527458815 9311380 110894 1854.502502 32.930950880
3.17461 23428157 4796851217 525583511 9289478 99323 1958.178650 34.596704006
2.8316 23428157 4489058006 528742788 9313571 104205 1877.470337 33.082540989
2.4747 23428157 3576321301 526459805 9269772 109152 1715.521118 30.706970930
2.65653 23428157 3639888986 524047428 9194379 123188 1831.688904 32.933701992
2.45901 23428157 4476705957 528050051 9314818 112354 1907.852051 33.824177027
2.41993 23428157 3721541361 526767327 9313080 126639 1815.144104 32.482115030
2.68696 23428157 3748948651 527187977 9293871 135268 1813.232666 32.430794954
2.80698 23428157 4386098478 528911089 9272195 114596 1921.537720 34.059844971
2.63362 23428157 3467288970 530311429 9273442 132317 1674.424194 30.358321905
2.6757 23428157 4683452925 530348510 9296382 109540 1916.016968 34.069188118
2.68878 23428157 3905996098 527091121 9323637 116845 1822.289673 32.559337139
2.81741 23428157 4326709105 526521065 9313421 110225 1866.310486 32.956604004
2.11109 23428157 3621071745 529340413 9308225 115658 1785.606934 32.230548859
2.78519 23428157 4589235014 527701116 9283302 119576 2022.715027 35.397376060
2.65395 23428157 4275616431 528475861 9270636 110093 1905.064514 34.021153927
