"Validation time(S)" "Commits" "Aborts" "Val Reads" "Val success" "Val fail" "Energy (J)" "Time(S)"
0.002142 87413 76193418 519026 59057 0 1506.552673 23.993535995
0.018475 87413 91807876 566802 64695 0 1421.585449 22.874811172
0.010333 87413 72773558 537732 61239 0 1458.830322 22.995872974
0.001802 87413 78371405 449154 51115 0 1420.982300 22.716490030
0.00178 87413 105796382 427113 48732 0 1457.089172 23.265503168
0.002356 87413 78593130 527210 60084 0 1413.485779 22.616031885
0.002127 87413 64587167 480569 54722 0 1390.973389 22.311863899
0.002362 87413 43495488 564328 64399 0 1397.822021 22.298464060
0.026335 87413 64872631 573402 65429 0 1355.125854 21.580703020
0.002324 87413 77724016 559526 63682 0 1383.702454 22.126157999
0.026473 87413 96017920 555137 63326 0 1466.764160 23.357038975
0.026516 87413 77468315 566670 64527 0 1458.561462 23.374562979
0.002158 87413 71974008 510332 58127 0 1433.677063 22.806644201
0.002475 87413 91725829 563410 64177 0 1416.276123 22.534271955
0.026036 87413 74976135 460220 52387 0 1446.781250 23.142179966
0.002196 87413 63502224 506786 57706 0 1439.660217 23.020700932
0.050303 87413 85617508 526741 60020 0 1432.878540 22.804596901
0.002371 87413 68410613 552425 63004 0 1440.950012 22.992862940
0.002039 87413 77744323 491407 56003 0 1386.726074 22.284909010
0.002056 87413 61622373 504625 57371 0 1422.994019 22.717139006
0.002375 87413 69166174 564859 64419 0 1414.148193 22.648544788
0.002069 87413 74064100 505816 57533 0 1400.192627 22.390011072
0.002228 87413 54005344 513627 58481 0 1459.628235 22.991914988
