"Validation time(S)" "Commits" "Aborts" "Val Reads" "Val success" "Val fail" "Energy (J)" "Time(S)"
0.000586 1082 395 150803 888 4 864.848816 15.061038971
0.000664 1082 354 153781 865 7 869.623657 15.061014891
0.000604 1082 326 148852 861 0 845.758362 14.692125082
0.000618 1082 360 150936 873 5 855.870300 14.724186897
0.000637 1082 397 156893 929 0 929.611328 16.075348139
0.000631 1082 358 154310 885 9 873.926514 15.013695955
0.000604 1082 357 149674 860 4 863.129639 14.860474110
0.000633 1082 389 157756 910 4 915.009277 15.915067911
0.000629 1082 360 156649 893 0 905.045715 15.756217003
0.028648 1082 405 159817 923 7 934.303711 16.273803949
0.000658 1082 395 155213 920 0 932.728149 16.067291975
0.000631 1082 469 157790 888 5 881.716553 15.127328873
0.000628 1082 348 155928 869 6 868.744690 14.978711128
0.000644 1082 352 153368 884 0 876.049866 15.186053991
0.000635 1082 364 154441 867 0 869.635864 15.130128145
0.000633 1082 374 151547 876 7 882.564453 15.307788134
0.000618 1082 352 152835 885 0 881.634216 15.171653986
0.000612 1082 402 155263 902 8 897.723328 15.539108992
0.000638 1082 333 150858 865 0 866.997681 14.947720051
0.00064 1082 366 157437 912 1 884.452454 15.225456953
0.000637 1082 363 151422 862 9 862.424438 14.836974144
0.000676 1082 402 157988 918 3 931.778931 16.092217207
0.000643 1082 367 154948 897 4 893.352844 15.617785931
