"Validation time(S)" "Commits" "Aborts" "Val Reads" "Val success" "Val fail" "Energy (J)" "Time(S)"
1e-06 236 59 1130 98 1 0.295654 0.007208109
1e-06 236 64 419 35 2 0.294189 0.008875132
5e-06 236 42 1011 77 1 0.290039 0.007974863
2.3e-05 236 701338 1388 114 3 0.793518 0.029977798
2e-06 236 37 513 36 1 0.246704 0.007755041
1.1e-05 236 122 1594 123 2 0.237549 0.003859043
4e-06 236 50 1416 100 2 0.233948 0.005107880
6e-06 236 24109679 1385 130 3 4.880981 0.082562923
6e-06 236 76 1403 129 4 0.303711 0.007117987
5e-06 236 65 1378 115 3 0.269104 0.006455898
9e-06 236 10306254 1409 148 1 2.611206 0.060138941
1.1e-05 236 23798064 1615 146 2 5.240356 0.102389097
3e-06 236 62 1054 68 5 0.272217 0.008761883
1.3e-05 236 76 1531 124 4 0.211792 0.004399061
6e-06 236 160 1331 110 3 0.217285 0.004237890
7e-06 236 98 792 66 2 0.644470 0.025063992
1e-06 236 51 791 60 4 0.298157 0.009112835
7e-06 236 50 617 46 2 0.264465 0.008038044
3e-06 236 53 511 50 3 0.630859 0.025399208
5e-06 236 43 1183 86 1 0.273865 0.006855965
5e-06 236 35 1261 85 3 0.192017 0.004208088
8e-06 236 96 857 63 3 0.322266 0.010427952
9e-06 236 144 1529 121 2 0.195740 0.003891945
