"Validation time(S)" "Commits" "Aborts" "Val Reads" "Val success" "Val fail" "Energy (J)" "Time(S)"
1.87897 400000 229997 372920512 25074 15387 338.380920 5.142746925
1.57442 400000 200980 363582544 24551 15573 320.025208 4.978568792
1.88601 400000 214079 392406882 25849 16470 348.171021 5.432157993
1.92304 400000 208640 381552968 25487 15456 342.615234 5.387387933
2.25223 400000 2610645 382675862 25869 16058 349.117432 5.374631200
1.80701 400000 180569 390932963 25834 15518 322.671570 4.868950955
2.13844 400000 238644 409093519 27067 16122 349.441223 5.389659411
2.0821 400000 298901 400786077 26599 16643 337.931030 5.146711057
2.3462 400000 247623 399405591 26752 17198 360.720154 5.453715940
2.02237 400000 212236 412445229 27290 16951 345.603577 5.372653417
2.35379 400000 233407 407023588 26976 17128 354.183105 5.457319018
1.81022 400000 232280 371203269 25249 15694 335.490295 5.181189439
1.81995 400000 235650 401480367 26518 16688 337.716797 5.195944432
