"Validation time(S)" "Commits" "Aborts" "Val Reads" "Val success" "Val fail" "Energy (J)" "Time(S)"
0.131983 25000000 5337319 19416904 495770 184 155.663330 2.654917002
0.11867 25000000 5371900 22551711 578261 333 153.929565 2.590413094
0.155937 25000000 6812302 17472043 445383 147 159.273804 2.740776062
0.143134 25000000 6919655 19192963 489904 245 158.820435 2.715656996
0.202125 25000000 7368161 26597896 686392 701 157.246033 2.639416933
0.21137 25000000 5639803 20692436 531643 244 155.625977 2.655601978
0.09699 25000000 5176661 22865864 586625 332 153.032227 2.599288940
0.138605 25000000 5593614 20351355 522046 239 155.537170 2.644207001
0.165175 25000000 7056807 20920479 535328 245 157.328552 2.695410013
0.146909 25000000 5157261 21886391 562539 281 153.569397 2.588825941
0.2212 25000000 8672838 19594477 500950 262 162.078918 2.760699034
0.190403 25000000 8911651 18943606 485279 178 164.040466 2.787604094
0.094179 25000000 6754738 21797533 558162 313 156.203491 2.655337095
0.139744 25000000 6851748 20921772 536323 269 157.541382 2.668912888
0.14051 25000000 5241128 19396541 496007 186 155.589111 2.628166914
0.13915 25000000 5366415 20375616 521592 128 156.020081 2.678402185
0.190566 25000000 8116947 25744129 666497 470 159.604980 2.688981056
0.092849 25000000 6585042 21494848 551826 264 157.402344 2.682219028
0.137101 25000000 8034108 22871856 586058 396 160.370667 2.699733973
0.070174 25000000 8242125 22001195 566260 336 159.251709 2.667396069
0.158113 25000000 27012333 21201313 542946 172 196.319641 3.204308198
0.151128 25000000 5318484 25071554 645538 126 155.638000 2.573225612
0.196848 25000000 7504501 22703720 583270 140 159.705688 2.647668273
0.107028 25000000 5752147 23869381 612851 126 157.256042 2.623800605
0.169079 25000000 5029600 23134379 592907 153 155.648499 2.588219260
0.118952 25000000 25852998 24835082 639314 162 191.653809 3.138368738
0.094331 25000000 19688069 24386675 627540 185 182.095276 2.992988659
0.182 25000000 5685678 23069744 592573 114 157.705505 2.623340938
0.295229 25000000 11705136 28083859 722823 360 166.085449 2.763981870
0.239683 25000000 8331596 25456497 655420 156 158.037292 2.593902191
