"Validation time(S)" "Commits" "Aborts" "Val Reads" "Val success" "Val fail" "Energy (J)" "Time(S)"
0.0008 3152 733084683 143584 345 25 373.654541 5.572000000
0.001076 3142 785988221 145164 344 24 383.998962 5.779000000
0.000797 2753 764695414 156705 375 34 369.844971 5.647000000
0.000673 3215 793777041 140774 353 36 389.807800 5.898000000
0.000903 2779 737446318 147606 368 35 360.309814 5.557000000
0.00078 3187 781536509 141573 356 25 378.640015 5.661000000
0.000859 3504 778389463 145055 337 28 376.075134 5.717000000
0.000638 2752 784210592 119131 294 38 371.878052 5.632000000
0.000776 2669 791117817 154035 345 40 380.563416 5.770000000
0.000856 2939 753042450 169469 397 29 372.307251 5.668000000
0.000802 2963 754468716 151531 401 35 366.511536 5.626000000
0.000764 3556 770561218 152881 365 47 382.719666 5.748000000
0.000937 3628 744916600 168696 373 25 365.403748 5.635000000
0.000826 3183 772486718 151880 341 30 370.100769 5.644000000
0.000816 3397 769267041 151054 394 34 373.608521 5.692000000
0.001272 2970 741929602 153953 340 40 364.759521 5.581000000
0.000897 2934 790101701 148205 353 28 381.934814 5.735000000
0.001013 2921 767521177 161973 373 35 380.994141 5.784000000
0.000799 3596 723736004 154501 349 29 371.464417 5.641000000
0.000906 2921 776020229 139751 370 33 369.579956 5.678000000
