"Validation time(S)" "Commits" "Aborts" "Val Reads" "Val success" "Val fail" "Energy (J)" "Time(S)"
0.000929 3596 735912199 156578 381 37 373.121826 5.618000000
0.00108 3455 740744203 153989 357 23 371.940125 5.655000000
0.000981 3170 741255598 178285 415 49 366.801819 5.601000000
0.000793 3243 756750622 152183 337 34 360.785889 5.548000000
0.000815 3427 737966234 145775 363 37 361.340637 5.504000000
0.001169 3036 774945188 166346 361 33 380.630493 5.787000000
0.000609 2207 760415128 112731 286 28 383.539490 5.694000000
0.000919 3274 772442233 174996 380 36 376.221558 5.646000000
0.000759 2266 770212161 131021 302 46 367.299866 5.630000000
0.001434 2611 769290152 138372 312 29 376.511597 5.709000000
0.000777 2733 761665809 135695 374 46 371.960571 5.575000000
0.000881 3596 747222426 159697 396 46 368.504517 5.629000000
0.000805 3152 746378014 159298 361 27 375.086670 5.593000000
0.000968 3218 747496179 163278 351 25 377.322266 5.684000000
0.00088 3645 753967944 165446 377 31 371.853516 5.672000000
0.000804 3170 750014269 152240 351 28 381.127808 5.738000000
0.000819 2967 761229456 152311 378 31 372.454041 5.647000000
0.000954 3635 755132636 165241 366 33 371.285767 5.725000000
0.000816 3333 765001245 158829 355 41 383.353882 5.870000000
0.000773 3071 740502515 140735 333 26 361.939392 5.506000000
