"Validation time(S)" "Commits" "Aborts" "Val Reads" "Val success" "Val fail" "Energy (J)" "Time(S)"
0.000737 2911 783470138 139673 326 39 383.666870 5.886000000
0.00089 3373 731944463 155298 340 28 362.342407 5.550000000
0.001602 2682 756809301 146682 389 25 368.057617 5.637000000
0.000744 2921 763906474 136625 348 32 375.924927 5.677000000
0.000857 3504 779202336 170194 366 36 380.484558 5.739000000
0.000702 3049 775471301 139662 357 31 381.954468 5.780000000
0.000882 3711 741385053 172826 412 32 368.194214 5.629000000
0.000798 3723 744911506 143355 397 34 373.229797 5.683000000
0.00073 3114 737374487 136898 332 27 367.472961 5.615000000
0.00122 3711 731660987 157888 342 29 360.207153 5.512000000
0.000737 3014 509208369 147599 401 33 351.355896 5.499000000
0.00094 2861 324912908 175696 426 37 334.841675 5.371000000
0.000886 2933 768423393 172573 363 28 390.117554 5.845000000
0.000795 2931 750007928 163622 367 48 373.251465 5.589000000
0.001145 2908 761344044 143428 338 29 368.359924 5.669000000
0.00072 2789 722661444 135866 312 26 359.067017 5.507000000
0.000812 2669 748322384 157809 337 47 364.100647 5.561000000
0.000814 3481 741917959 148015 344 39 361.667236 5.532000000
0.000811 3271 629433017 150861 410 45 350.739197 5.357000000
0.000747 2640 767646191 139988 310 30 387.108521 5.838000000
