"Validation time(S)" "Commits" "Aborts" "Val Reads" "Val success" "Val fail" "Energy (J)" "Time(S)"
0.000853 2619 785713010 144882 321 27 375.110657 5.756000000
0.000792 2613 778150751 150934 326 30 379.711548 5.733000000
0.000864 2653 724159896 123226 293 24 365.133484 5.531000000
0.000725 3527 752091306 147405 326 19 369.369629 5.532000000
0.00078 2892 745208486 149176 386 30 366.363831 5.616000000
0.000889 3546 746568306 145961 351 25 367.419617 5.603000000
0.00074 3187 766420893 151114 344 31 378.997864 5.771000000
0.001384 3042 784084421 150778 398 39 378.845764 5.685000000
0.000799 3416 725705196 151327 360 26 364.467529 5.601000000
0.000807 2934 756583869 149535 319 33 371.185730 5.702000000
0.000851 3208 768811550 145539 348 31 377.343018 5.719000000
0.000922 2684 730569329 162831 359 44 370.494446 5.558000000
0.000995 3495 764721218 166028 353 25 368.474426 5.637000000
0.00082 3607 762766159 156058 335 27 376.970154 5.791000000
0.001126 2713 777991459 153370 362 34 374.945923 5.660000000
0.00122 3755 781363592 170720 362 31 378.515747 5.790000000
0.000849 3152 746537030 164679 353 37 368.724426 5.618000000
0.000849 2610 773943922 151075 328 26 368.312073 5.619000000
0.000875 3305 729845152 147307 357 32 361.639160 5.548000000
0.000757 3206 764101149 144422 346 39 373.385010 5.677000000
