"Validation time(S)" "Commits" "Aborts" "Val Reads" "Val success" "Val fail" "Energy (J)" "Time(S)"
0.000843 3817 737038638 165529 409 36 363.025940 5.558000000
0.000731 3183 783358909 131814 295 29 377.979980 5.771000000
0.010438 2669 731082379 152829 357 41 363.644470 5.538000000
0.000805 3187 765309643 157250 353 34 372.508606 5.728000000
0.000706 2264 748542414 124442 307 37 367.534668 5.545000000
0.001594 3758 751836060 174545 371 17 368.310852 5.646000000
0.00068 2920 778703024 138944 368 34 379.478760 5.792000000
0.000776 2786 774685174 152066 344 43 376.579773 5.665000000
0.000798 2266 743076672 131888 294 28 374.024841 5.692000000
0.000708 2778 769942205 143074 362 42 371.327454 5.661000000
0.000876 2752 759505044 148591 340 34 386.262146 5.803000000
0.000849 3178 774698200 164819 383 43 370.428711 5.705000000
0.016904 3337 745343408 148325 363 42 369.397339 5.648000000
0.000707 2684 755137936 141494 378 45 371.456360 5.745000000
0.000861 2920 759706585 167366 340 38 381.851013 5.727000000
0.000871 3451 772047364 141921 360 37 372.528687 5.740000000
0.000755 3170 760546778 141581 310 36 379.833984 5.721000000
0.000927 3201 485499638 168553 370 29 350.881775 5.520000000
0.000793 3243 755980616 166250 377 31 369.667053 5.620000000
0.00083 3514 751262552 153920 381 33 366.045898 5.563000000
