"Validation time(S)" "Commits" "Aborts" "Val Reads" "Val success" "Val fail" "Energy (J)" "Time(S)"
0.09147 225 6761657309 7999495 111 20 3393.597351 51.629000000
0.156356 236 4113111291 11079271 146 16 4261.757324 64.297000000
0.075215 225 4360787880 7448526 131 19 3603.501282 54.685000000
0.09727 212 2700916276 10541214 125 9 2979.596497 45.738000000
0.000412 225 3662746677 70611 93 27 3575.442871 54.404000000
0.093198 236 2773776144 10658120 96 20 3923.217712 59.327000000
0.000724 226 5868059475 125063 127 19 3511.774170 52.637000000
0.053012 226 3549836167 6805011 122 25 3052.994812 49.867000000
0.191345 199 2653410211 14561052 115 18 3644.917175 56.486000000
0.071067 236 1961625671 11167219 138 16 2635.497131 41.893000000
0.077871 225 1928590960 7048380 91 21 2416.290039 36.630000000
0.057962 212 1762941007 3945335 86 16 3287.516785 51.769000000
0.11008 234 4339213409 13800934 135 17 3715.883423 57.233000000
0.036829 226 4305209255 3865457 126 19 3004.995667 46.263000000
0.046377 199 3326495597 4375301 137 20 2933.493042 47.718000000
0.174072 198 5987820740 14126546 110 9 3095.843811 47.578000000
0.067912 236 6537250939 15483337 130 27 3753.911926 55.650000000
0.137902 236 2480022735 12317913 109 14 3553.105164 55.049000000
0.000297 226 3747572173 47310 102 20 3463.080994 52.407000000
0.001425 199 2372349454 238756 101 26 3247.496155 51.776000000
