"Validation time(S)" "Commits" "Aborts" "Val Reads" "Val success" "Val fail" "Energy (J)" "Time(S)"
17.4758 749984 729685 2273717315 631828 95613 366.702209 5.661015034
17.7982 749984 827402 2407176071 640081 97831 383.256226 5.931469202
17.1062 749984 835102 2296356341 638053 97437 380.541931 5.832226038
17.4064 749984 977736 2323920141 634737 97017 387.826660 6.080182076
18.0904 749984 607843 2344295294 636314 99849 377.353149 5.847445011
18.2424 749984 980240 2357079604 639274 97927 363.468811 5.648559093
17.8308 749984 755783 2300068010 633963 96136 377.055359 5.777426642
18.3415 749984 852673 2398406790 653614 126807 398.282288 6.071692490
18.0912 749984 2152081 2337257650 641047 99776 369.296692 5.737820519
17.3138 749984 803050 2326968354 642517 115240 384.540649 5.905852332
17.97 749984 1772811 2325394122 633527 99329 387.878906 5.917801551
16.3301 749984 771270 2266167186 631196 97460 369.528381 5.635313292
17.61 749984 851587 2339908778 634021 96955 371.731934 5.684267424
17.5003 749984 659876 2328512834 639842 97164 383.825195 5.875742346
17.7373 749984 530839 2321566603 641175 96063 361.675354 5.594229431
17.0585 749984 1172209 2333882445 637231 96516 370.492676 5.692134243
17.5278 749984 1166147 2328321957 639221 98079 386.920593 5.907182993
16.514 749984 810543 2334212007 640155 96787 376.348145 5.833169898
17.7835 749984 1713094 2328265359 635989 97176 386.703003 5.927495738
17.574 749984 1024195 2310623415 636534 96408 383.106750 5.877841342
15.974 749984 822936 2291343301 633914 95411 355.772705 5.426860093
17.2857 749984 800245 2411424971 648941 125132 396.050659 6.086066301
17.5389 749984 728134 2278295921 632566 97422 363.032288 5.578547573
