"Validation time(S)" "Commits" "Aborts" "Val Reads" "Val success" "Val fail" "Energy (J)" "Time(S)"
0.00144 93771 60 75125 75126 0 1.286865 0.048162699
0.001429 93769 77 77062 77062 0 1.501343 0.060832024
0.001279 93771 13377615 68278 68284 0 4.027527 0.098711967
0.001556 93773 115 84017 84018 0 1.338867 0.052803040
0.001277 93775 74 68750 68753 0 1.308228 0.049009085
0.001182 93769 51 66419 66419 0 1.256714 0.049145937
0.001376 93773 105 71933 71935 0 1.242310 0.045748949
0.001442 93773 73 80574 80575 0 1.025085 0.034139872
0.001407 93773 90 75896 75897 0 1.266296 0.046752930
0.001348 93775 69 70573 70573 0 1.247803 0.048372030
0.001459 93775 85 73297 73302 0 1.060303 0.037157059
0.001509 93767 126 85375 85376 0 1.260925 0.048471928
0.001164 93775 67 62951 62953 0 1.234558 0.047466993
0.001375 93775 78 72625 72627 0 1.138428 0.041902781
0.001753 93775 135 87215 87217 0 1.050659 0.035978794
0.001402 93769 112 77425 77428 0 1.290955 0.050451040
0.001526 93779 104 79508 79509 0 1.200256 0.044334888
0.001523 93777 117 82313 82315 0 1.551453 0.061416864
0.001383 93775 70 70010 70011 0 1.264771 0.050769091
0.001587 93767 119 82537 82538 0 1.308960 0.049863100
0.001243 93773 45348 68097 68098 0 1.581482 0.067042828
0.0012 93777 46 64486 64489 0 1.562622 0.063905001
0.001661 93769 131 86826 86830 0 1.042480 0.036385059
