"Validation time(S)" "Commits" "Aborts" "Val Reads" "Val success" "Val fail" "Energy (J)" "Time(S)"
0.586647 1532669 278790 90694214 2706 1547 3892.299744 61.550450705
1.0347 1421367 3045 138857400 3686 882 3897.973633 61.561033685
2.02785 1506518 15186 295802721 9258 3908 3894.476196 61.539648515
1.64972 1484163 33227 274138816 8965 4476 3880.924866 61.553869478
1.47173 1436569 34083 211440649 6948 3275 3912.658752 61.574493166
0.780892 1413342 9378 116536504 3375 1091 3893.979858 61.567033011
1.1805 1516193 21121 230323967 7557 3158 3877.615356 61.539051885
2.01034 1510092 129802 314093460 10985 5992 3874.234680 61.582233793
0.22861 1401202 4747 41155435 1171 354 3920.235413 61.569526073
0.563805 1468375 4568 88313648 2507 814 3913.634094 61.582913080
0.552356 1447227 2719 67998809 1795 488 3919.557739 61.526846383
0.896007 1476925 6251 116988550 3275 1122 3906.115784 61.547886927
0.353177 1636721 58181 76548480 2083 516 3905.349182 61.557496089
0.937171 1449343 5761 110213361 2958 763 3931.585388 61.549995587
1.04396 1580617 18558 204660209 7130 3186 3866.341736 61.557525168
1.21618 1494298 623664 196355180 6679 2916 3893.792053 61.520386587
2.04475 1488454 18559 295797672 9840 4847 3877.237366 61.566227851
1.03152 1515795 19015 194314691 6216 2201 3921.161072 61.562535298
1.07968 1483525 38892 183121226 6211 3379 3865.428894 61.534953367
0.477531 1460262 8128 98870771 2778 653 3910.551636 61.560303758
