"Validation time(S)" "Commits" "Aborts" "Val Reads" "Val success" "Val fail" "Energy (J)" "Time(S)"
0.003614 53845252 15347005 1202477 784 357 4022.026855 61.566713621
0.002665 47386581 8719600 417661 299 87 3998.785400 61.562372374
0.000744 49927601 11340316 445363 362 84 4028.110413 61.569520608
0.002268 45650132 8177757 1475869 471 328 3990.524963 61.604373353
0.002973 62845031 3982101 1684206 192 64 4010.046631 61.548072995
0.040832 35789292 16182964 8531531 1504 453 3949.096680 61.629658737
0.049773 42350327 23405758 4135378 1358 464 3939.192200 61.592177624
0.004216 55574122 13869609 3160682 498 150 4000.545898 61.552052573
0.024975 52715531 21909777 5957523 1469 416 4007.922485 61.625998837
0.089046 52727213 38612102 7409360 3251 1085 4001.607605 61.537672836
0.007655 43502267 19106463 3395639 1090 321 4008.318848 61.561839098
0.039517 21644259 14621581 4686692 663 324 3867.638550 61.539506839
0.014636 45307601 14792997 2973716 974 362 3996.403076 61.546746904
0.000575 56553066 4579162 398612 162 39 3981.459229 61.551062019
0.026852 35717660 28436826 2296280 1113 435 3978.136597 61.536914278
0.057157 48308279 19183587 2950371 1483 610 3991.387634 61.561848337
0.05614 31577558 29985084 15742229 3737 1206 3982.952087 61.588387111
0.025455 52657464 22639942 4971422 1534 504 4010.401917 61.560657433
0.051272 28190511 17322543 7398586 1743 487 3967.357483 61.559745290
0.030874 36371448 18265894 4272877 1454 411 4001.723633 61.548100701
