"Validation time(S)" "Commits" "Aborts" "Val Reads" "Val success" "Val fail" "Energy (J)" "Time(S)"
4.49653 528037 422060026 946323474 146792 33568 3800.524658 61.559725847
4.96556 566895 312749473 1032547296 157384 34862 3837.442749 61.569791630
4.10333 538814 388192859 965173517 149863 32096 3809.237854 61.629723194
6.87524 735268 207563347 1590650800 187388 42271 3850.546631 61.569560396
3.40098 467198 397787390 730838563 133896 27573 3800.115417 61.593741370
5.02373 539500 415935135 993161986 155253 34613 3797.055237 61.572663233
2.93615 421399 469524967 572817448 129583 23350 3761.277283 61.554289340
4.17627 469396 432238842 769994568 141510 27288 3787.798889 61.559082187
4.11379 526996 342617409 906952212 145745 30091 3806.472900 61.558971048
4.38014 547788 291796136 919635389 144822 33205 3834.470764 61.567475038
2.32242 375760 554001426 423363908 117602 20028 3738.445618 61.559549258
3.13552 445825 412592996 689059275 130623 26753 3795.938416 61.584769170
5.1774 568000 252088925 985545986 149617 35228 3813.503479 61.535929022
4.30287 549390 334260708 971547876 148521 31651 3817.726990 61.587457382
3.52229 486053 475976429 785998286 143929 29917 3741.927979 61.548626853
1.94321 379828 520687349 421753996 118824 20552 3746.407837 61.571246020
4.05818 503987 371725060 833089117 142088 29377 3795.131653 61.576400707
2.32186 403473 558135234 512526514 124811 23512 3745.158508 61.606482440
2.39173 432178 499001752 622651747 133304 24728 3754.516418 61.594051066
2.52537 416276 594462687 543189230 127772 23617 3712.103088 61.590016384
