"Validation time(S)" "Commits" "Aborts" "Val Reads" "Val success" "Val fail" "Energy (J)" "Time(S)"
0.001223 4096 355049 738324 3780 2 6.976135 0.143818140
0.001172 4096 1622385 708627 3626 1 12.935791 0.261399984
0.001249 4096 333989 707792 3619 4 5.849915 0.106530905
0.001168 4096 578588 693829 3534 1 8.324280 0.185703039
0.001207 4096 1004157 678074 3464 0 12.360596 0.283885002
0.001082 4096 552583 667820 3403 2 8.162903 0.185679913
0.001268 4096 569999 737853 3779 0 7.436523 0.150357008
0.001246 4096 394310 721654 3698 0 7.247437 0.155494928
0.024864 4096 478756 715505 3653 1 7.416565 0.146408081
0.001329 4096 350769 741412 3796 2 7.136292 0.170251846
0.00126 4096 785463 693860 3538 2 13.486206 0.305583000
0.001469 4096 751276 681604 3465 2 10.588196 0.250486135
0.001485 4096 280038 743227 3799 3 5.482422 0.115710020
0.001228 4096 512055 700902 3585 2 10.242798 0.227372885
0.001377 4096 870207 741750 3786 2 7.438049 0.157498837
0.001266 4096 270238 709464 3622 3 6.155823 0.173908949
0.001232 4096 526037 734630 3743 1 6.003052 0.131743908
0.00118 4096 331505 699148 3575 4 6.238342 0.161788940
0.001259 4096 365603 745445 3803 5 5.624512 0.130342960
0.001195 4096 753803 668865 3411 3 7.883911 0.193545103
0.01292 4096 391062 699821 3578 2 7.756836 0.197723866
0.00132 4096 250059 731588 3739 2 4.781738 0.099659204
0.041177 4096 320344 701332 3565 2 5.279480 0.092149019
