"Validation time(S)" "Commits" "Aborts" "Val Reads" "Val success" "Val fail" "Energy (J)" "Time(S)"
0.004879 14262 657914443 826173 5461 956 205.897949 4.792388916
0.003791 14148 703600018 801147 5234 933 192.059570 4.509526014
0.028531 14235 630179925 863118 5514 877 179.325073 4.331900120
0.00419 14110 574932010 861623 5461 849 163.221252 4.047508955
0.004267 14341 638764843 857047 5573 962 178.815735 4.278681993
0.00409 14233 635786083 851780 5320 837 176.287354 4.233206034
0.004227 14330 671888333 853380 5372 899 188.389832 4.531800032
0.004248 14307 615522792 864573 5521 936 176.856323 4.367647171
0.003957 14345 609767916 857567 5437 967 174.934631 4.267512798
0.004234 14396 583750138 876628 5599 922 163.699280 3.920694828
0.004175 14350 705277837 858094 5573 1040 198.478516 4.801178932
0.004116 14196 583557446 866620 5521 924 170.196167 4.277955055
0.004073 14255 671689231 852596 5406 887 186.716614 4.435860872
0.004308 14240 537333913 886448 5711 1040 161.983459 4.290760040
0.004438 14246 607269159 874077 5573 959 173.399902 4.188580990
0.003987 14238 560030392 847356 5470 924 157.675354 3.752117872
0.004018 14314 594465480 844798 5387 921 171.875244 4.340018988
0.00405 14303 557972770 863936 5524 969 158.484436 3.765358210
0.004197 14263 516704575 862088 5426 995 151.253845 3.849396944
0.004369 14465 613274858 854232 5476 970 174.754089 4.286264896
0.023379 14221 610887548 867106 5559 998 178.625061 4.495609999
0.004188 14312 727840483 861959 5407 899 200.927368 4.682214975
0.004073 14280 552913498 836763 5264 929 155.828308 3.721407890
0.004163 14087 570516884 847978 5278 833 162.814880 4.008693933
0.016099 14239 643182985 837559 5468 1051 180.414734 4.357319117
0.004269 14298 628121771 854569 5374 914 176.802979 4.249804974
0.019378 14171 583021956 884566 5632 1016 171.670227 4.249509811
0.004042 14308 592136699 844009 5364 955 171.527405 4.226570845
0.004243 14083 637764792 863029 5362 899 181.673889 4.402866125
0.004142 14287 729113860 855125 5346 929 197.548584 4.592386961
0.003949 14355 549364486 849375 5498 951 156.638977 3.787912130
0.004077 14143 548326162 864665 5413 860 158.836792 3.936134815
