"Validation time(S)" "Commits" "Aborts" "Val Reads" "Val success" "Val fail" "Energy (J)" "Time(S)"
1.549947 2963 778469617 47583 1277 20 384.467529 5.987000000
1.360668 2752 831657095 47979 1219 17 415.890503 6.430000000
1.545624 3313 767980086 63489 1454 37 379.755737 5.976000000
1.296765 2576 801501584 40389 1105 18 405.808350 6.278000000
1.253167 2755 820182253 50346 1213 23 399.419556 6.221000000
1.667659 2778 818102954 49484 1098 18 408.761597 6.334000000
1.707846 2654 794222710 43068 1199 20 390.974548 6.131000000
2.138423 2554 306285991 72422 1229 26 353.133850 5.834000000
2.061241 2713 806552756 44844 1170 14 396.561584 6.158000000
1.180332 2973 850371664 42733 1251 26 398.016357 6.249000000
1.342825 3570 745100106 52460 1532 11 387.742920 6.073000000
1.055162 3020 848376435 40854 1174 17 405.181519 6.310000000
1.457773 2597 811252659 41581 1115 23 402.551025 6.315000000
1.670172 3049 818945360 49466 1366 20 397.885742 6.229000000
1.075925 2752 809104656 39163 1165 20 387.889587 6.114000000
1.456912 2613 801730495 40155 1156 11 391.837097 6.120000000
1.736821 2610 785070010 54192 1182 24 389.888306 6.156000000
1.395544 3311 796705935 72881 1253 21 394.230103 6.159000000
1.304751 2423 769620270 43167 1101 18 379.748718 5.993000000
1.729767 2895 824277828 49542 1286 13 400.875000 6.329000000
1.087376 2911 771674396 20124 301 13 376.533081 5.648000000
0.994939 2653 769114773 18912 319 18 378.963318 5.639000000
1.139367 2571 791753034 19105 316 14 391.679138 5.887000000
1.144871 2713 774249382 21385 323 23 388.454041 5.722000000
1.265841 2934 773724615 23225 367 22 377.676758 5.724000000
0.846122 3187 780689424 30751 340 13 374.178345 5.650000000
0.778498 3152 771954252 23774 331 21 375.895325 5.672000000
1.114925 2717 799889943 19347 330 20 389.703979 5.922000000
0.923649 2791 750415572 20111 316 10 366.202332 5.582000000
1.107258 2752 754120959 21536 357 18 372.635132 5.650000000
1.205029 2682 752557215 26611 301 28 369.124573 5.582000000
1.066487 3495 775099296 25109 309 9 371.548767 5.625000000
1.014266 2692 758716388 19893 311 13 366.861450 5.573000000
1.367730 3008 767421816 24535 377 16 384.770813 5.730000000
1.277243 3656 750745767 16482 356 17 374.086426 5.620000000
1.115193 2556 792219987 21659 304 16 385.133423 5.815000000
1.237916 3189 759438209 27116 353 22 384.028015 5.805000000
1.090645 3056 762468230 20245 304 10 381.440491 5.644000000
0.808289 2669 748506333 15927 319 15 366.287476 5.585000000
0.940259 2934 789996470 23090 326 14 385.453247 5.849000000
