"Validation time(S)" "Commits" "Aborts" "Val Reads" "Val success" "Val fail" "Energy (J)" "Time(S)"
0.358936 185 6493974565 4119450 168 6 3003.207642 45.225000000
0.623184 183 3414148511 131724 174 10 1862.733765 28.295000000
0.607421 185 2330338576 14302 185 5 2430.365784 36.963000000
0.410416 174 2568683029 7859535 180 12 2335.265076 36.101000000
0.462551 174 4728112916 3217310 168 6 2420.374084 36.682000000
0.591274 182 2428990608 4022660 170 3 2423.038025 36.809000000
0.391569 183 2693179030 12008892 172 9 2781.613770 42.593000000
0.210851 139 4104390328 3422 132 5 1986.095398 30.451000000
0.376627 212 4639398567 2307162 204 6 2753.114075 41.528000000
0.605201 179 2438106671 9864071 171 14 2208.442444 33.636000000
0.347988 177 1975259185 11897 204 6 1996.658264 35.053000000
0.376912 225 2352074516 4908654 201 17 1767.569153 27.734000000
0.687601 208 5320047958 7266 213 6 2541.336426 38.759000000
0.574677 234 3807861775 11733403 261 10 3422.234924 51.821000000
0.474769 148 3849134460 8955879 137 7 1853.210571 28.499000000
0.487582 185 5629773827 3121651 162 5 2721.049011 41.405000000
0.656360 174 1559555247 7374327 126 7 2112.450012 33.094000000
0.327364 212 5315324208 3161244 200 4 2649.834045 40.053000000
0.416367 216 3962840547 6978309 203 4 2360.603210 35.944000000
0.369453 225 2364090305 2705922 223 12 2290.557190 34.890000000
0.247295 222 2480583228 2909748 179 9 2897.140442 44.238000000
0.206810 185 2882699836 47859 141 8 2590.612366 39.170000000
0.489314 171 1953707267 13159 124 10 1982.759521 31.347000000
0.226058 212 2416488434 55034 182 11 2615.801758 39.694000000
0.441339 212 2268389610 2734387 144 16 2135.186584 32.337000000
0.210512 158 2517854913 6364719 103 3 2162.658569 33.245000000
0.127417 182 5324342941 9000 116 9 2414.202759 37.039000000
0.438963 223 2490033062 7881 153 12 2345.312988 35.170000000
0.143158 182 2927288580 4225705 115 5 1794.777283 28.223000000
0.388241 212 5303394101 4261608 137 6 2753.304688 41.381000000
0.232713 222 4954877236 7839 124 11 2887.948975 42.820000000
0.454721 212 4630032747 12215 150 10 2522.297791 38.143000000
0.366331 184 5823698067 4160391 121 4 2855.507568 43.135000000
0.501267 220 2635145282 111474 152 6 2622.193665 39.952000000
0.513669 183 3841067717 5482523 107 7 1984.664246 32.259000000
0.355565 212 2544819938 9735 173 7 2650.110046 40.307000000
0.654106 223 3342004873 14001 159 9 2970.332214 45.202000000
0.438652 185 2269055217 3452629 139 3 2273.329590 34.463000000
0.276102 179 2859022441 12777 129 4 1583.481567 24.377000000
0.439077 212 2449618940 7064482 140 10 2356.529114 36.379000000
