"Validation time(S)" "Commits" "Aborts" "Val Reads" "Val success" "Val fail" "Energy (J)" "Time(S)"
0.520185 174 2592317826 3325358 155 13 2630.055115 40.683000000
0.616130 179 2880413996 7962 149 4 2225.273987 34.412000000
0.322888 216 2351103618 6633506 197 6 2187.553833 33.531000000
0.550637 183 4537655530 6032048 166 2 2217.392517 33.955000000
0.271645 151 2491492905 13104651 117 8 2455.831543 38.582000000
0.436304 185 2269594892 6109475 211 2 2198.235779 33.958000000
0.682325 212 3774213008 2901938 191 9 2330.827026 35.267000000
0.504593 222 2210892948 2670360 204 7 2224.675781 34.943000000
0.562048 220 3005954060 2446763 180 18 1925.752625 29.629000000
0.355106 199 1832522209 3706939 211 7 1986.177856 33.366000000
0.391503 199 2326569772 13616538 214 10 2252.168518 34.934000000
0.521457 151 1571654135 375688 134 2 2077.229492 34.690000000
0.152951 158 4513110874 5679266 140 5 2039.691284 34.078000000
0.519910 182 3190078678 21308 162 5 2228.746826 34.124000000
0.511059 225 5055456698 3119796 227 8 2859.416992 43.640000000
0.597794 225 1584344766 15411 189 22 2276.973999 35.533000000
0.373217 222 5627258174 11646503 230 8 2609.679688 39.509000000
0.420697 198 2368878035 2805339 207 6 2210.605530 33.961000000
0.528728 198 1455505397 15116 193 6 2098.717468 36.159000000
0.174375 199 4249162161 21778 184 4 2390.746948 37.405000000
0.260073 212 2528527706 2952086 143 6 2659.441895 40.750000000
0.320790 216 5729139453 13187 136 2 2712.842773 40.819000000
0.203302 185 4508100303 11430 142 6 2523.736267 38.512000000
0.247719 222 2631635046 13921 175 11 2603.028381 39.585000000
0.357289 183 4999391068 11164 107 9 2369.231140 36.031000000
0.189808 225 4910996548 10742 139 13 2985.758606 44.690000000
0.459464 225 4941304895 3279967 134 13 2496.786560 37.162000000
0.249431 174 1828041546 3238883 115 7 2241.129700 35.089000000
0.302721 212 5169101611 2501810 133 10 2684.631470 41.350000000
0.334998 216 4327264265 6193000 133 13 2711.229065 40.783000000
0.253564 220 2442025631 7189791 117 11 2401.544495 36.458000000
0.605502 183 2395816382 18245 132 9 1411.569458 22.642000000
0.234871 225 2265336430 14029 200 11 2622.686157 40.141000000
0.331668 156 4841996527 122721 111 7 2396.224670 35.330000000
0.499551 225 2209733971 225022 168 6 2525.538757 39.036000000
0.428420 138 1693516356 14407 71 2 1717.287109 28.462000000
0.279722 158 5554589708 21517 110 5 2494.446716 37.847000000
0.160324 184 2349815464 12901 140 7 2204.977478 33.440000000
0.348333 212 5803196692 731621 174 15 2616.449097 40.028000000
0.491963 220 2672944406 18737 156 13 2803.030579 42.599000000
