"Validation time(S)" "Commits" "Aborts" "Val Reads" "Val success" "Val fail" "Energy (J)" "Time(S)"
0.313317 212 2844794855 7170460 217 8 3077.367859 47.010000000
0.697920 220 4341173532 3108580 219 10 2611.291443 39.345000000
0.340035 198 1682964405 6995472 217 5 2056.115417 33.106000000
0.400450 183 4634473943 3645708 169 5 2366.239197 35.569000000
0.480568 184 2758716242 18625 194 8 2825.374817 43.215000000
0.220637 204 4821727562 12392 214 14 2358.864868 36.499000000
0.442659 208 4338781216 13691 206 17 2200.772888 33.208000000
0.427507 212 4190251159 2413640 205 2 2365.087891 36.647000000
0.682540 185 5298374387 6935999 178 3 2548.268005 38.765000000
0.455602 183 2927976841 31089 168 2 1961.477112 30.343000000
0.565286 183 2341890451 6361259 167 8 2174.481934 34.319000000
0.584377 185 2400150353 13150896 156 8 2807.471924 43.142000000
0.577267 198 3961117241 3344130 186 11 2246.490662 35.502000000
0.400516 220 4464549949 6922088 193 9 2563.211670 38.726000000
0.583415 198 2307351609 7973148 167 10 1668.998535 25.852000000
0.818974 225 4854494224 76887 188 10 2831.639343 43.469000000
0.620395 222 2433304665 6329614 190 10 2460.500916 37.942000000
0.355974 183 4193292933 26642 150 10 2164.156799 33.135000000
0.481593 183 2610474521 15117 192 8 2481.818115 38.330000000
0.341497 220 2045835872 11646886 201 4 2319.409119 35.297000000
0.187252 148 2247242839 8350 112 11 2329.864807 36.058000000
0.406934 199 2821715230 6541 184 6 2709.270813 41.959000000
0.420348 148 2767847148 10573 115 3 2459.553772 37.893000000
0.201833 151 2586649989 3216161 104 4 2496.469116 39.649000000
0.268378 174 2018154667 1850839 130 7 2070.155579 34.554000000
0.314859 224 2742324876 11060673 133 12 2765.070740 42.221000000
0.221789 222 2363645292 33962 162 8 2457.415100 38.155000000
0.249558 148 2647434542 10948 120 2 2190.664917 34.984000000
0.243894 185 3137128309 14352 141 4 2765.510254 42.248000000
0.488310 199 2501888254 2874287 145 5 2486.765869 38.752000000
0.659881 198 5902233611 5169 120 8 2867.255127 42.731000000
0.393933 158 4491979991 9905 109 3 2419.604858 36.859000000
0.333229 216 2309277598 3953327 112 7 2453.237427 39.540000000
0.239791 198 2227121609 11210731 105 10 2747.418274 42.697000000
0.298394 183 2012367257 2948654 123 6 2258.178406 34.930000000
0.549495 182 4719012383 21917 135 4 2137.326416 32.427000000
0.427926 183 2272769433 36469 93 3 2240.697754 34.071000000
0.181970 183 2402498386 5537 109 5 2266.721252 34.626000000
0.245093 226 4968845638 3549312 155 8 2530.452698 37.732000000
0.472173 183 4313853344 10840 137 6 2041.228088 31.024000000
