"Validation time(S)" "Commits" "Aborts" "Val Reads" "Val success" "Val fail" "Energy (J)" "Time(S)"
0.490838 183 1795585579 3179521 164 3 2139.244263 33.644000000
0.368947 158 5412159808 6189938 138 6 2558.284851 39.520000000
0.550595 225 5263362329 7222608 191 15 2530.977234 39.294000000
0.603398 216 1820668243 5269157 187 9 1953.905334 30.018000000
0.618264 199 2192402639 13238 178 23 2325.397156 35.337000000
0.458316 179 2413528019 4052086 185 4 2234.349121 33.791000000
0.400647 199 2168555001 3017437 229 8 2278.931885 35.666000000
0.112024 183 2075254063 12188 197 9 1867.489441 28.909000000
0.439963 199 2365066090 15666 165 6 1736.932068 26.982000000
0.309201 185 4837430497 8772011 154 3 2224.810364 34.062000000
0.594937 198 2251393805 180690 205 7 2038.305542 31.608000000
0.335361 216 3711015560 3968240 213 6 2357.080261 37.972000000
0.379105 212 4649994271 3015548 202 6 2369.017273 36.445000000
0.448274 220 4600653550 2912040 196 12 2370.074463 35.955000000
0.424967 220 3774969102 2557879 190 8 1818.194031 27.377000000
0.266910 185 1849802336 4107699 182 6 2181.170044 34.909000000
0.520855 217 5501296197 4248678 212 12 2573.894958 38.646000000
0.327315 199 2852139732 3787381 192 7 2664.086426 40.723000000
0.330101 185 3802372020 3161729 167 5 2165.755920 33.697000000
0.689902 151 3292853595 7327895 129 11 1866.180542 29.151000000
0.404603 183 2085233476 10688 116 3 2303.291138 35.047000000
0.672195 183 3123956487 3142928 111 7 2050.955078 34.469000000
0.224224 183 4148969406 23427 125 7 2468.286743 37.582000000
0.139886 185 4441582400 8599 138 9 2385.286072 35.929000000
0.203842 183 4733802968 3140057 98 10 2445.433960 37.408000000
0.450437 184 5011361575 7030 116 8 2504.338440 38.385000000
0.515795 220 5226705079 100747 171 8 2566.027832 38.307000000
0.378471 198 4263711970 3085287 140 11 2048.989014 31.748000000
0.277945 174 5286764734 3506252 134 2 2483.353760 37.264000000
0.179311 148 1915334116 3651507 121 3 1846.098450 29.028000000
0.259494 224 3987359393 3716815 131 4 2454.443420 37.721000000
0.291599 225 4347866344 11685 138 11 2623.039795 40.113000000
0.327091 212 4243477781 18000 172 17 2364.444824 36.109000000
0.835267 220 2445246519 28858 154 4 2562.971863 38.930000000
0.163287 177 2022165814 10711357 115 2 2880.642944 45.206000000
0.196592 158 2770223548 7107334 116 7 2407.697205 36.551000000
0.260811 199 5690470019 6487642 107 12 2508.236572 37.803000000
0.373404 185 4848209910 22245 111 3 2414.338074 36.929000000
0.332065 225 5448618237 19962 124 7 2616.634277 38.859000000
0.455837 220 5102797205 58403 138 16 2633.602417 39.431000000
