"Validation time(S)" "Commits" "Aborts" "Val Reads" "Val success" "Val fail" "Energy (J)" "Time(S)"
0.289429 163 4323391683 7368472 162 14 1952.543762 31.438000000
0.370218 198 2825277963 2638909 195 13 2656.728149 40.303000000
0.374674 182 5113479744 4177240 167 2 2317.654358 35.336000000
0.282810 185 3202375128 3212389 197 9 3049.140564 46.478000000
0.439465 158 2699484947 6563756 150 6 2462.359009 39.092000000
0.390746 224 2524796970 16418569 211 12 2598.530640 39.825000000
0.521653 199 4225380166 8207161 168 12 2379.293030 35.975000000
0.309178 171 4301419822 364342 150 5 1985.664673 30.715000000
0.451086 183 2351340640 3728016 164 7 2172.691589 33.886000000
0.345969 184 4253550184 3780488 188 6 2796.115417 43.329000000
0.253255 177 2147565957 3315237 165 5 2036.567200 31.050000000
0.467187 184 2419620613 57385 166 6 2648.857056 43.231000000
0.260248 182 3358764240 6072 151 10 2264.225952 34.805000000
0.357779 151 5247003201 10252915 136 9 2308.976624 35.971000000
0.554398 182 3505486488 7499443 158 12 1737.804871 26.854000000
0.796746 212 2578463920 3058448 214 12 2572.340210 39.153000000
0.452409 184 2331731533 3832133 175 4 2472.191162 37.755000000
0.384560 226 5073776902 3895134 186 13 2979.184387 44.934000000
0.312261 185 3714521525 2435046 169 6 2027.395813 32.241000000
0.620564 220 5350158362 7336988 200 11 2548.932983 38.390000000
0.496968 171 2078993180 15643 108 2 2012.507385 30.683000000
0.434654 212 5913206425 3702072 138 5 2692.692566 40.904000000
0.344845 199 1934620426 101497 130 6 2315.847656 37.049000000
0.488212 223 4211513536 24037 138 12 2247.067139 34.444000000
0.387298 139 4057389604 4262 84 4 1934.841003 30.267000000
0.319034 234 3068733599 3741287 186 9 2890.476807 44.311000000
0.265995 182 3785208491 3231340 120 9 1852.562866 28.705000000
0.285328 155 2574441586 10424 111 7 2164.200317 34.101000000
0.115036 144 4345961834 119866 114 8 2340.962891 35.380000000
0.548317 199 4240706672 6667968 132 14 2458.139343 38.901000000
0.255292 222 5107444613 6289616 160 9 2503.337830 37.724000000
0.410125 148 1848170399 6574249 73 5 2442.801819 37.949000000
0.234935 144 2211398792 3208784 111 6 1997.628662 30.974000000
0.518928 224 4878131576 3818415 149 9 2558.528259 38.219000000
0.237998 144 5515608797 6480238 116 11 2683.010925 40.209000000
0.514835 216 5465427872 3249722 132 4 2595.834778 39.417000000
0.244710 216 4917154337 106293 136 9 2761.133484 41.600000000
0.231613 185 4332637245 4096872 139 5 2173.454529 33.894000000
0.288108 185 2496017260 9935 135 2 2452.411926 38.484000000
0.370176 198 2360276510 12046 141 9 2357.791931 37.424000000
