"Validation time(S)" "Commits" "Aborts" "Val Reads" "Val success" "Val fail" "Energy (J)" "Time(S)"
1.245840 2921 819313818 45123 1162 18 403.530823 6.328000000
0.993436 2625 792452359 48666 1182 14 392.083252 5.974000000
1.346088 3168 800807874 46842 1142 16 396.801819 6.181000000
1.545418 3009 797491330 56584 1320 13 394.443237 6.062000000
1.303067 3271 770634310 49459 1323 16 377.365967 5.979000000
1.916490 2789 809694870 43538 1088 33 390.266663 6.114000000
1.666827 2789 805729930 46973 1281 31 400.467529 6.196000000
1.414964 2608 789611276 47790 1118 16 398.746216 6.224000000
1.408258 2609 810196777 49064 1137 18 391.125122 6.116000000
1.353133 3310 804966842 57641 1456 28 396.404175 6.182000000
0.709686 2873 768768425 39711 1093 16 377.702576 5.897000000
1.705092 3168 784119468 52868 1353 17 381.818481 6.008000000
1.557798 3115 818397242 48941 1390 27 399.801575 6.323000000
1.089188 3311 788499984 58251 1467 22 381.972168 5.955000000
1.516445 2497 810228280 47448 1083 12 392.900269 6.140000000
1.246495 3332 741522756 43485 1282 16 382.360596 5.987000000
1.130285 2823 834247049 40073 1196 21 398.125610 6.198000000
1.490716 2623 794090086 47053 1190 15 380.989197 6.027000000
1.203184 2671 460760138 45826 1103 22 359.602173 5.865000000
1.319870 3315 772254761 51351 1506 20 384.168945 6.092000000
1.070478 2994 784754673 26989 361 14 386.744141 5.761000000
1.029504 3048 771339225 24285 314 18 372.908813 5.639000000
1.163949 3097 763880128 20515 347 18 377.780457 5.736000000
1.114784 2678 729760320 12770 355 13 368.295593 5.548000000
1.069083 2653 801369433 19516 350 28 391.685547 5.837000000
1.169345 2706 790281671 17783 266 23 377.230835 5.728000000
0.866367 2745 735993149 32728 362 12 359.903870 5.458000000
1.200586 2818 753855566 26152 324 15 370.991333 5.601000000
0.985944 2669 779464623 19094 346 15 382.876160 5.793000000
0.905612 2677 785986174 29584 351 17 375.799133 5.687000000
0.934038 2978 770895694 21487 342 21 384.735413 5.763000000
1.219501 2525 789646924 18369 312 21 384.269958 5.780000000
0.912337 3040 746404960 20931 299 19 367.339600 5.577000000
0.709574 2610 766698074 16435 319 13 372.517517 5.677000000
1.158666 3016 776270505 21447 296 11 380.613708 5.769000000
1.123565 2861 762274673 28082 326 19 378.735596 5.801000000
0.974679 3287 781314359 27063 313 16 393.920227 5.908000000
1.158046 2978 779116678 18360 328 14 380.020935 5.747000000
1.181463 2340 727310447 16020 305 15 365.558838 5.505000000
1.771938 3178 747221401 16901 329 25 372.244202 5.654000000
